4832940	North Avon	North Avon		42.93006	-77.67778	P	PPL	US		NY	051	03364		0	219	221	America/New_York	2017-05-23
4833072	Clockville	Clockville	Clockville,Shippeville	43.04173	-75.74463	P	PPL	US		NY	053	42422		0	210	211	America/New_York	2017-05-23
4833098	Camillus	Camillus	Camillus,Nine Mile Creek,O-ya-ye-han	43.03923	-76.3041	P	PPL	US		NY	067	11913		1228	132	134	America/New_York	2017-05-23
4833104	Dogtown	Dogtown		42.84174	-75.08238	P	PPL	US		NY	077	61467		0	511	514	America/New_York	2017-05-23
4833108	Clyde	Clyde	Block House,Clyde,Lauraville	43.08423	-76.8694	P	PPL	US		NY	117	28013		2006	122	124	America/New_York	2017-05-23
4833118	Fargo	Fargo		42.92645	-78.43641	P	PPL	US		NY	037	19719		0	262	263	America/New_York	2017-05-23
4833124	Dunraven	Dunraven	Clark's Factory,Dunraven	42.13425	-74.6971	P	PPL	US		NY	025	47031		0	412	432	America/New_York	2017-05-23
4833128	East Wilson	East Wilson	Beebe's Corners,East Wilson,Marsh Settlement	43.24117	-78.7592	P	PPL	US		NY	063	82370		0	111	109	America/New_York	2017-05-23
4833134	Lenox	Lenox	Hobokenville,Lenox,Lenox Furnace,Skawaisla	43.0584	-75.70435	P	PPL	US		NY	053	42422		0	161	166	America/New_York	2017-05-23
4833138	Garrison Manor	Garrison Manor		42.91813	-73.90818	P	PPL	US		NY	091	04220		0	127	128	America/New_York	2017-05-23
4833142	Fresh Pond Landing	Fresh Pond Landing		40.9651	-72.77204	P	PPL	US		NY	103	61984		0	0	1	America/New_York	2017-05-23
4833146	Glenmore	Glenmore		43.35896	-75.61852	P	PPL	US		NY	065	02253		0	268	276	America/New_York	2017-05-23
4833148	Halls Corner	Halls Corner	East Orangeville,Halls Corner,Halls Corners	42.74034	-78.19723	P	PPL	US		NY	121	55222		0	505	506	America/New_York	2017-05-23
4833158	Knickerbocker Corner	Knickerbocker Corner		42.96201	-77.09608	P	PPL	US		NY	069	57529		0	178	179	America/New_York	2017-05-23
4833160	Kalurah	Kalurah	Kalurah,Kulurah	44.16006	-75.2102	P	PPL	US		NY	089	58266		0	334	335	America/New_York	2017-05-23
4833166	McIntyre	McIntyre		41.88981	-73.69818	P	PPL	US		NY	027	70662		0	116	119	America/New_York	2017-05-23
4833176	Lummisville	Lummisville		43.24507	-76.90635	P	PPL	US		NY	117	37165		0	93	97	America/New_York	2017-05-23
4833178	Marycrest	Marycrest	Marycrest,Maycrest	41.33648	-74.20904	P	PPL	US		NY	071	07003		0	269	273	America/New_York	2017-05-23
4833200	Saltvale	Saltvale		42.78395	-78.10973	P	PPL	US		NY	121	46877		0	302	300	America/New_York	2017-05-23
4833202	Plumbrook	Plumbrook		44.83561	-74.90686	P	PPL	US		NY	089	51330		0	80	81	America/New_York	2017-05-23
4833214	Pennellville	Pennellville		43.28257	-76.27049	P	PPL	US		NY	075	65618		0	126	130	America/New_York	2017-05-23
4833216	Saint Vencent de Paul Camp	Saint Vencent de Paul Camp	Saint Vencent de Paul Camp,Saint Vincent de Paul Camp	42.65534	-79.06087	P	PPL	US		NY	029	24801		0	178	198	America/New_York	2017-05-23
4833220	Remsen	Remsen		43.32701	-75.18683	P	PPL	US		NY	065	61126		497	361	360	America/New_York	2017-05-23
4833222	Rush	Rush	Rush,Webster's Mills	42.9959	-77.64556	P	PPL	US		NY	055	64144		0	168	169	America/New_York	2017-05-23
4833224	Saint Remy	Saint Remy		41.88259	-74.02125	P	PPL	US		NY	111	24691		0	60	63	America/New_York	2017-05-23
4833230	Venice Center	Venice Center	Venice Center,Venice Centre	42.73924	-76.55661	P	PPL	US		NY	011	77024		0	304	305	America/New_York	2017-05-23
4833232	South Berne	South Berne	Centreville,Mud Hollow,South Bern,South Berne	42.55841	-74.10013	P	PPL	US		NY	001	06211		0	388	392	America/New_York	2017-05-23
4833240	Slate Hill	Slate Hill	Brookfield,Slate Hill	41.39093	-74.47655	P	PPL	US		NY	071	78839		0	152	155	America/New_York	2017-05-23
4833244	Shooktown	Shooktown		43.1595	-78.66309	P	PPL	US		NY	063	43082		0	195	197	America/New_York	2017-05-23
4833248	Spragueville	Spragueville	Keenesville,Shingle Creek,Sprague's Corners,Spragueville	44.25895	-75.53633	P	PPL	US		NY	089	63858		0	148	148	America/New_York	2017-05-23
4833250	South Bristol	South Bristol	Brown Stand Corners,Cold Spring,South Bristol	42.72979	-77.39915	P	PPL	US		NY	069	68660		0	331	331	America/New_York	2017-05-23
4833258	Sunset View	Sunset View		43.24451	-76.94135	P	PPL	US		NY	117	37165		0	83	79	America/New_York	2017-05-23
4833264	Whitehouse Crossing	Whitehouse Crossing		42.02593	-73.51984	P	PPL	US		NY	027	51891		0	230	233	America/New_York	2017-05-23
4833272	Wayland	Wayland	Begola,Patchinville,Wayland,Wayland Depot	42.56784	-77.58971	P	PPL	US		NY	101	78861		1813	419	418	America/New_York	2017-05-23
4833274	Waterboro	Waterboro		42.172	-79.06976	P	PPL	US		NY	013	58926		0	394	391	America/New_York	2017-05-23
4833276	Watervliet	Watervliet	Gibbonsville,Port Schuyler,Vatervlejt,Votervlit,Washington,Watervliet,West Troy,watrwyt  nywywrk,wtrflyt,Ватервлейт,Вотервлит,واترویت، نیویورک,وترفليت	42.73008	-73.70123	P	PPL	US		NY	001	78674		10214	9	7	America/New_York	2017-05-23
4833280	Yaleville	Yaleville		42.36008	-75.49851	P	PPL	US		NY	017	31148		0	389	388	America/New_York	2017-05-23
4833322	Vienna	Vienna	Parker's Corners,South Corners,Vienna	43.23951	-75.70241	P	PPL	US		NY	065	77486		0	141	142	America/New_York	2017-05-23
5106687	Abbotts	Abbotts	Abbott's Corners,Abbotts	42.25701	-78.31863	P	PPL	US		NY	009	37825		0	498	508	America/New_York	2017-05-23
5106695	Abell Corners	Abell Corners		42.8984	-75.82825	P	PPL	US		NY	053	13156		0	438	436	America/New_York	2017-05-23
5106719	Accord	Accord		41.78565	-74.22904	P	PPL	US		NY	111	63011		562	77	79	America/New_York	2017-05-23
5106723	Acidalia	Acidalia		41.89953	-75.03322	P	PPL	US		NY	105	27573		0	465	471	America/New_York	2017-05-23
5106729	Acra	Acra		42.31092	-74.05541	P	PPL	US		NY	039	11649		0	199	204	America/New_York	2017-05-23
5106734	Adams	Adams	Adams,Smiths Mills	43.80923	-76.02409	P	PPL	US		NY	045	00210		1829	187	186	America/New_York	2017-05-23
5106735	Adams Basin	Adams Basin	Adams Basin,Adams' Basin	43.19756	-77.8539	P	PPL	US		NY	055	54474		0	153	155	America/New_York	2017-05-23
5106738	Adams Center	Adams Center	Adams Center,Adams Centre,Adams Five Corners	43.86006	-76.00548	P	PPL	US		NY	045	00210		1568	195	194	America/New_York	2017-05-23
5106739	Adams Corner	Adams Corner		42.42674	-75.72825	P	PPL	US		NY	017	68055		0	419	419	America/New_York	2017-05-23
5106740	Adams Corners	Adams Corners	Adam's Corners,Adams Corners	41.35343	-73.83958	P	PPL	US		NY	079	60147		0	77	84	America/New_York	2017-05-23
5106741	Adams Cove	Adams Cove		44.00645	-76.15854	P	PPL	US		NY	045	10242		0	75	73	America/New_York	2017-05-23
5106751	Adamsville	Adamsville		43.32091	-73.47317	P	PPL	US		NY	115	39650		0	112	103	America/New_York	2017-05-23
5106756	Addison	Addison		42.10285	-77.23359	P	PPL	US		NY	101	00287		1716	304	304	America/New_York	2017-05-23
5106760	Adelphi	Adelphi		40.68094	-73.96458	P	PPLX	US		NY	047			0	24	30	America/New_York	2006-08-24
5106763	Aden	Aden		41.86065	-74.67321	P	PPL	US		NY	105	49847		0	516	527	America/New_York	2017-05-23
5106780	Adrian	Adrian	Adrian,Crosbyville	42.25452	-77.52082	P	PPL	US		NY	101	12265		0	346	346	America/New_York	2017-05-23
5106787	Adirondack	Adirondack	Adirondack,Mill Brook	43.76395	-73.75846	P	PPL	US		NY	113	35639		0	248	251	America/New_York	2017-05-23
5106788	Afton	Afton	Afton,South Bainbridge	42.22814	-75.52657	P	PPL	US		NY	017	00353		810	305	307	America/New_York	2017-05-23
5106797	Agnes Corners	Agnes Corners		43.1759	-75.60629	P	PPL	US		NY	065	77178		0	138	135	America/New_York	2017-05-23
5106806	Aiden Lair	Aiden Lair		43.87173	-74.00264	P	PPL	US		NY	031	47669		0	497	498	America/New_York	2017-05-23
5106817	Airmont	Airmont		41.10093	-74.11625	P	PPL	US		NY	087	60510		8891	178	183	America/New_York	2017-05-23
5106824	Akins Corners	Akins Corners	Aikin's Corners,Akins Corners	41.51482	-73.59124	P	PPL	US		NY	079	56748		0	139	145	America/New_York	2017-05-23
5106825	Akron	Akron	Akron,akran  nywywrk,akrwn,akrwn  nyw yark,Акрон,أكرون,اکران، نیویورک,اکرون، نیو یارک	43.02089	-78.4953	P	PPL	US		NY	029	50716		2845	226	229	America/New_York	2017-05-23
5106827	Akron Junction	Akron Junction		43.00478	-78.53447	P	PPL	US		NY	029	50716		0	210	210	America/New_York	2017-05-23
5106834	Albany	Albany	ALB,Albania,Albanija,Albany,Albany i New York,Albany on Niwum Eoforwice,Albany on Nīwum Eoforwīce,Aurania,Beverswyck,Beverwick,Beverwyck,Ches-co-don-ta,Fort Orange,Fuyck,Ga-isch-ti-nic,Gaasch-tinick,Gaishtinic,Gorad Olbani,Kaishtinic,New Orange,Olbani,Olbanis,Olmpani,Pem-pot-a-wut-hut,Pempotuwuthut,Rensselaerwyck,Scheneghtada,Shaw-na-taw-ty,Ska-neh-ta-de,Skaghnetade,Skaneghtada,Skenectadea,William Stadt,Williamstadt,albani,albany,albany  nyw yark,albany  nywywrk,albny,alpeni,ao er ba ni,elbani,ke ba li,olbeoni,orubani,xxlbani,Όλμπανι,Албания,Горад Олбані,Олбани,Олбані,Օլբանի,אולבני,אלבאני,آلبانی، نیویورک,ألباني,ئالبانی، نیویۆرک,البانی، نیو یارک,البنی,अल्बानी,आल्बनी,एल्बानी,ஆல்பெனி,ออลบานี,ალბანი,オールバニ,奥尔巴尼,柯巴利,올버니	42.65258	-73.75623	P	PPLA	US		NY	001	01000		98469	45	50	America/New_York	2017-05-23
5106856	Alberts Landing	Alberts Landing		41.00343	-72.11952	P	PPL	US		NY	103	22194		0	1	1	America/New_York	2017-05-23
5106857	Albertson	Albertson		40.77343	-73.64318	P	PPL	US		NY	059	53000		5182	39	43	America/New_York	2017-05-23
5106860	Albia	Albia		42.70341	-73.65178	P	PPL	US		NY	083	10275		0	132	130	America/New_York	2017-05-23
5106862	Albion	Albion	Albion,De-o-wun-dake-no,Freeport,Newport	43.24645	-78.19363	P	PPLA2	US		NY	073	01044		5998	164	166	America/New_York	2017-05-23
5106863	Albion Center	Albion Center		43.48868	-76.04159	P	PPL	US		NY	075	01055		0	177	172	America/New_York	2017-05-23
5106870	Alabama	Alabama	Alabama,Alabama Center,Ga-swa-dak,Алабама	43.09645	-78.39086	P	PPL	US		NY	037	00474		1818	196	198	America/New_York	2017-05-23
5106874	Alcove	Alcove	Alcove,Stephensville	42.46869	-73.92568	P	PPL	US		NY	001	16694		0	166	173	America/New_York	2017-05-23
5106877	Alden	Alden		42.90006	-78.49197	P	PPL	US		NY	029	01099		2589	263	267	America/New_York	2017-05-23
5106878	Alden Center	Alden Center	Alden Center,Alden Centre	42.91117	-78.52336	P	PPL	US		NY	029	01099		0	252	254	America/New_York	2017-05-23
5106880	Alden Manor	Alden Manor		40.69427	-73.71763	P	PPL	US		NY	059	34000		0	11	14	America/New_York	2017-05-23
5106889	Alder Bend	Alder Bend		44.84809	-73.72098	P	PPL	US		NY	019	01583		0	300	299	America/New_York	2017-05-23
5106891	Alburg	Alburg	Alburg,Alburgh	44.77728	-74.58157	P	PPL	US		NY	033	47933		0	140	138	America/New_York	2017-05-23
5106897	Alder Brook	Alder Brook	Alder Brook,Alderbrook	44.51338	-73.94348	P	PPL	US		NY	033	27243		0	489	491	America/New_York	2017-05-23
5106913	Alder Creek	Alder Creek	Alder Creek,Aldercreek	43.4234	-75.22795	P	PPL	US		NY	065	07366		0	364	363	America/New_York	2017-05-23
5106931	Alene	Alene		43.01229	-75.73685	P	PPL	US		NY	053	42422		0	375	375	America/New_York	2017-05-23
5106933	Aldrich	Aldrich		44.14867	-75.11131	P	PPL	US		NY	089	25791		0	414	422	America/New_York	2017-05-23
5106935	Alexander	Alexander	Alexander,Da-o-sa-no-geh	42.90117	-78.25668	P	PPL	US		NY	037	01165		497	284	285	America/New_York	2017-05-23
5106950	Alexandria Bay	Alexandria Bay	AXB,Aleksandrija Bej,alksandrya,alksandrya bay  nywywrk,Александрија Беј,ألكساندريا,الکساندریا بای، نیویورک,الیگزینڈریا بے، نیو یارک	44.33588	-75.91773	P	PPL	US		NY	045	01176		1097	82	86	America/New_York	2017-05-23
5106951	Alexandria Center	Alexandria Center		44.30755	-75.87606	P	PPL	US		NY	045	01176		0	110	110	America/New_York	2017-05-23
5106955	Alfred	Alfred	Alfred,Alfred Center,Alfred Centre	42.25424	-77.79055	P	PPL	US		NY	003	01209		4061	538	542	America/New_York	2017-05-23
5106959	Alfred Station	Alfred Station	Alfred Station,Bakers Bridge	42.26979	-77.75916	P	PPL	US		NY	003	01209		0	501	487	America/New_York	2017-05-23
5106968	Alice	Alice		42.0209	-77.61388	P	PPL	US		NY	101	75440		0	568	571	America/New_York	2017-05-23
5106970	Alewife Brook Landing	Alewife Brook Landing		41.03232	-72.23952	P	PPL	US		NY	103	22194		0	1	0	America/New_York	2017-05-23
5106989	Allaben	Allaben		42.11676	-74.37043	P	PPL	US		NY	111	66597		0	309	306	America/New_York	2017-05-23
5106992	Allard Corners	Allard Corners	Allard Corners,Allard's Corners	41.58565	-74.22126	P	PPL	US		NY	071	48153		0	106	111	America/New_York	2017-05-23
5106994	Allegany	Allegany	Alegeni,Allegany,Burton,Алегени,ئەلیگانی	42.09006	-78.49419	P	PPL	US		NY	009	01297		1738	433	438	America/New_York	2017-05-23
5107014	Allen Center	Allen Center		42.38618	-78.01528	P	PPL	US		NY	003	01319		0	614	616	America/New_York	2017-05-23
5107015	Allen Corners	Allen Corners		41.47065	-73.74874	P	PPL	US		NY	079	39331		0	183	193	America/New_York	2017-05-23
5107034	Allendale	Allendale		43.78062	-76.01659	P	PPL	US		NY	045	43544		0	201	201	America/New_York	2017-05-23
5107044	Allentown	Allentown		42.08368	-78.06445	P	PPL	US		NY	003	01429		0	563	569	America/New_York	2017-05-23
5107045	Allentown	Allentown		43.32507	-73.95485	P	PPL	US		NY	091	19807		0	299	304	America/New_York	2017-05-23
5107049	Allens Hill	Allens Hill	Allens Hill,Allenshill	42.8409	-77.51499	P	PPL	US		NY	069	61544		0	312	315	America/New_York	2017-05-23
5107054	Alligerville	Alligerville		41.79593	-74.17903	P	PPL	US		NY	111	63011		0	67	71	America/New_York	2017-05-23
5107057	Alloway	Alloway		43.02367	-76.98858	P	PPL	US		NY	117	43973		0	132	135	America/New_York	2017-05-23
5107059	Alma	Alma	Alma,Honeoye,Honeoye Corners,Shongo	42.01257	-78.05778	P	PPL	US		NY	003	01429		847	472	474	America/New_York	2017-05-23
5107062	Almond	Almond		42.32229	-77.73833	P	PPL	US		NY	003	01451		446	407	412	America/New_York	2017-05-23
5107065	Aloquin	Aloquin	Aloquin,Ennerdale,Lewis Station	42.8609	-77.14497	P	PPL	US		NY	069	35551		0	265	269	America/New_York	2017-05-23
5107066	Alpina	Alpina		44.16923	-75.42659	P	PPL	US		NY	049	20555		0	227	234	America/New_York	2017-05-23
5107067	Alpine	Alpine		42.31313	-76.72412	P	PPL	US		NY	097	12914		0	355	357	America/New_York	2017-05-23
5107068	Alpine Junction	Alpine Junction		42.29369	-76.71023	P	PPL	US		NY	097	13112		0	344	345	America/New_York	2017-05-23
5107069	Alplaus	Alplaus	Aalplaats,Aalplatts,Aalplaus,Alplaus	42.85535	-73.89901	P	PPL	US		NY	093	29366		0	79	81	America/New_York	2017-05-23
5107073	Alsen	Alsen		42.15814	-73.9193	P	PPL	US		NY	039	13013		0	37	41	America/New_York	2017-05-23
5107075	Altamont	Altamont	Altamont,Knowersville,Knowerville	42.70063	-74.03374	P	PPL	US		NY	001	31104		1720	141	141	America/New_York	2017-05-23
5107078	Altay	Altay	Altay,Kendall Hollow	42.43952	-77.01997	P	PPL	US		NY	097	75924		0	375	379	America/New_York	2017-05-23
5107079	Altmar	Altmar	Altmar,Sand Bank	43.51007	-76.00214	P	PPL	US		NY	075	01055		407	175	178	America/New_York	2017-05-23
5107080	Alton	Alton		43.21118	-76.98052	P	PPL	US		NY	117	68220		0	115	117	America/New_York	2017-05-23
5107082	Altona	Altona		44.88837	-73.6557	P	PPL	US		NY	019	01583		730	194	196	America/New_York	2017-05-23
5107089	Alverson	Alverson	Alverson,Alverson Crossing	43.94784	-76.02409	P	PPL	US		NY	045	35782		0	125	126	America/New_York	2017-05-23
5107091	Amagansett	Amagansett	Amagansett,Amogonsett,amaganst  nyw ywrk,اماگانست، نیو یورک	40.97371	-72.14369	P	PPL	US		NY	103	22194		1165	9	12	America/New_York	2017-05-23
5107095	Amawalk	Amawalk		41.28843	-73.76624	P	PPL	US		NY	119	68308		0	126	132	America/New_York	2017-05-23
5107100	Amber	Amber		42.88729	-76.2966	P	PPL	US		NY	067	55651		0	245	248	America/New_York	2017-05-23
5107106	Amblers Crossing	Amblers Crossing		42.67341	-75.26267	P	PPL	US		NY	077	23613		0	349	350	America/New_York	2017-05-23
5107107	Amblerville	Amblerville		42.54119	-75.3999	P	PPL	US		NY	017	49957		0	354	353	America/New_York	2017-05-23
5107108	Amboy	Amboy		43.06951	-76.27243	P	PPL	US		NY	067	11913		0	122	125	America/New_York	2017-05-23
5107109	Amboy Center	Amboy Center	Amboy Center,Amboy Centre	43.36896	-75.94186	P	PPL	US		NY	075	01649		0	199	199	America/New_York	2017-05-23
5107115	Amenia	Amenia	Amenia,Ameniaville,Aminija,amynya,Аминија,امینیا	41.84926	-73.55679	P	PPL	US		NY	027	01693		955	173	175	America/New_York	2017-05-23
5107116	Amenia Union	Amenia Union	Amenia Union,Hitchcock's Corners	41.82454	-73.50512	P	PPL	US		NY	027			0	146	151	America/New_York	2006-01-15
5107127	Ames	Ames		42.83757	-74.60153	P	PPL	US		NY	057	12122		142	215	218	America/New_York	2017-05-23
5107129	Amherst	Amherst	Amherst,Amkherst,amhrst  nywywrk,amuhasuto,Амхерст,امهرست، نیویورک,アムハースト	42.97839	-78.79976	P	PPL	US		NY	029	02000		122366	182	182	America/New_York	2017-05-23
5107134	Amity	Amity	Amity,Pochuck	41.26815	-74.45488	P	PPL	US		NY	071	78366		0	154	159	America/New_York	2017-05-23
5107137	Amity Harbor	Amity Harbor		40.66343	-73.39818	P	PPL	US		NY	103	04000		0	1	6	America/New_York	2017-05-23
5107140	Amityville	Amityville	Amitivil,Amityville,Sweet Hollow,West Neck South,amytyfyl,Амитивил,أميتيفيل,امیتی‌ویل، نیویورک	40.67899	-73.41707	P	PPL	US		NY	103	04000		9486	6	8	America/New_York	2017-05-23
5107152	Amsterdam	Amsterdam	Amsterdam,Amsterdam (New York  USA),Vedder's Mills,Veddersburg,Veedersburgh,a mu si te dan,aemseuteodaem,amstrdam,amstrdam  nywywrk,amusuterudamu,Амстердам,אמסטערדאם,آمستردام، نیویورک,أمستردام,ایمسٹرڈیم، نیو یارک,ایمسٹرڈیم،نیویارک,アムステルダム,阿姆斯特丹,앰스터댐	42.93869	-74.18819	P	PPL	US		NY	057	02066		18008	110	110	America/New_York	2017-05-23
5107157	Anaquassacook	Anaquassacook		43.0748	-73.31233	P	PPL	US		NY	115	38143		0	162	160	America/New_York	2017-05-23
5107163	Ancram	Ancram		42.05065	-73.63624	P	PPL	US		NY	021	02099		0	158	160	America/New_York	2017-05-23
5107166	Ancramdale	Ancramdale		42.01815	-73.59124	P	PPL	US		NY	021	02099		0	167	169	America/New_York	2017-05-23
5107167	Anderson	Anderson		41.90315	-74.70683	P	PPL	US		NY	105	63176		0	659	665	America/New_York	2017-05-23
5107174	Andes	Andes		42.1887	-74.78571	P	PPL	US		NY	025	02132		252	487	489	America/New_York	2017-05-23
5107176	Andover	Andover	Andover,Bakertown	42.15646	-77.79555	P	PPL	US		NY	003	02154		1008	506	509	America/New_York	2017-05-23
5107200	Angelica	Angelica	Angelica,Ga-ne-o-weh-ga-yat	42.30673	-78.01584	P	PPL	US		NY	003	02187		838	437	440	America/New_York	2017-05-23
5107203	Angells Corner	Angells Corner		43.02756	-76.86218	P	PPL	US		NY	117	28013		0	131	133	America/New_York	2017-05-23
5107211	Angola Lake Shore Addition	Angola Lake Shore Addition		42.61811	-79.09837	P	PPL	US		NY	029	24801		0	194	199	America/New_York	2017-05-23
5107212	Angola on the Lake	Angola on the Lake		42.65478	-79.04893	P	PPL	US		NY	029	24801		1675	183	189	America/New_York	2017-05-23
5107213	Angola-on-the-Lake	Angola-on-the-Lake		42.65034	-79.05476	P	PPL	US		NY	029	24801		0	184	193	America/New_York	2017-05-23
5107214	Angus	Angus		42.73479	-76.97274	P	PPL	US		NY	123	06002		0	169	172	America/New_York	2017-05-23
5107219	Annadale	Annadale		40.54455	-74.17653	P	PPL	US		NY	085			0	30	30	America/New_York	2006-01-15
5107221	Annandale-on-Hudson	Annandale-on-Hudson	Annandale,Annandale-on-Hudson	42.01287	-73.90819	P	PPL	US		NY	027	60905		0	47	50	America/New_York	2017-05-23
5107225	Annsville	Annsville		41.30759	-73.92792	P	PPL	US		NY	119	18410		0	4	5	America/New_York	2017-05-23
5107227	Angola	Angola	Angola,Dyo-a-his-tah,Dyoahista,Evans Station	42.63839	-79.02782	P	PPL	US		NY	029	24801		2114	209	208	America/New_York	2017-05-23
5107251	Antrim	Antrim		41.12398	-74.14126	P	PPL	US		NY	087	60510		0	95	98	America/New_York	2017-05-23
5107253	Antwerp	Antwerp	Antwerp,Indian River	44.19923	-75.60688	P	PPL	US		NY	045	02297		685	156	163	America/New_York	2017-05-23
5107257	Apalachin	Apalachin		42.06952	-76.15465	P	PPL	US		NY	107	55893		1131	257	259	America/New_York	2017-05-23
5107259	Apaquogue	Apaquogue		40.94288	-72.21202	P	PPL	US		NY	103	22194		0	6	5	America/New_York	2017-05-23
5107261	Apex	Apex		42.06731	-75.24906	P	PPL	US		NY	025	74111		0	444	449	America/New_York	2017-05-23
5107267	Applegate Corner	Applegate Corner		42.45146	-76.61133	P	PPL	US		NY	109	24548		0	395	397	America/New_York	2017-05-23
5107268	Appleton	Appleton	Appleton,Hess Road	43.32756	-78.64809	P	PPL	US		NY	063	50232		0	103	103	America/New_York	2017-05-23
5107270	Apulia	Apulia	Apulia,O-nun-o-gese	42.82396	-76.05353	P	PPL	US		NY	067	24878		0	395	399	America/New_York	2017-05-23
5107272	Apulia Station	Apulia Station		42.81868	-76.07242	P	PPL	US		NY	067	24878		0	379	382	America/New_York	2017-05-23
5107273	Aquebogue	Aquebogue		40.94454	-72.62704	P	PPL	US		NY	103	61984		2438	11	12	America/New_York	2017-05-23
5107274	Aqueduct	Aqueduct		42.84813	-73.88901	P	PPL	US		NY	093	51264		0	73	78	America/New_York	2017-05-23
5107276	Aquetuck	Aquetuck		42.46064	-73.83846	P	PPL	US		NY	001	16694		0	96	99	America/New_York	2017-05-23
5107284	Arabia	Arabia		42.29981	-75.05517	P	PPL	US		NY	025	27232		0	625	629	America/New_York	2017-05-23
5107285	Arabia	Arabia		42.53397	-74.6357	P	PPL	US		NY	095	38440		0	621	626	America/New_York	2017-05-23
5107290	Arcade	Arcade	Arcade,China	42.53395	-78.42307	P	PPL	US		NY	121	02418		1986	450	452	America/New_York	2017-05-23
5107300	Archdale	Archdale		43.03313	-73.48095	P	PPL	US		NY	115	22656		0	175	175	America/New_York	2017-05-23
5107303	Archville	Archville		41.12176	-73.86125	P	PPL	US		NY	119	49011		0	67	69	America/New_York	2017-05-23
5107304	Arctic	Arctic		42.18564	-75.41434	P	PPL	US		NY	025	45964		0	494	501	America/New_York	2017-05-23
5107306	Arden	Arden	Arden,Greenwood Iron Works	41.27454	-74.15292	P	PPL	US		NY	071	75781		0	156	169	America/New_York	2017-05-23
5107310	Ardonia	Ardonia	Ardonia,Charles Palmer's Corner	41.67593	-74.07264	P	PPL	US		NY	111	58552		0	166	168	America/New_York	2017-05-23
5107311	Ardsley	Ardsley	Ardsley,Ashford	41.01065	-73.84375	P	PPL	US		NY	119			4638	64	69	America/New_York	2017-03-09
5107317	Ardsley-on-Hudson	Ardsley-on-Hudson	Abbotsford,Ardsley-on-Hudson	41.0251	-73.87041	P	PPL	US		NY	119			0	46	55	America/New_York	2006-01-15
5107318	Arena	Arena	Arena,Lumberville	42.11564	-74.73738	P	PPL	US		NY	025	47031		0	391	383	America/New_York	2017-05-23
5107322	Argyle	Argyle		43.23785	-73.4915	P	PPL	US		NY	115	02561		296	87	91	America/New_York	2017-05-23
5107326	Arietta	Arietta		43.24618	-74.51764	P	PPL	US		NY	041	02572		0	516	521	America/New_York	2017-05-23
5107328	Aristotle	Aristotle		42.34979	-78.01389	P	PPL	US		NY	003	01319		0	458	459	America/New_York	2017-05-23
5107329	Arkport	Arkport		42.39451	-77.69666	P	PPL	US		NY	101	35683		822	361	364	America/New_York	2017-05-23
5107331	Arkville	Arkville	Arkville,Dean's Corners,Dry Brook,West Shandaken	42.14787	-74.61988	P	PPL	US		NY	025	47031		0	416	416	America/New_York	2017-05-23
5107333	Arkwright	Arkwright		42.407	-79.23643	P	PPL	US		NY	013	02605		0	498	500	America/New_York	2017-05-23
5107337	Arlington	Arlington	Arlington,Арлингтон	41.69593	-73.8968	P	PPL	US		NY	027	59652		4061	57	55	America/New_York	2017-05-23
5107338	Arlington	Arlington		40.63233	-74.16514	P	PPL	US		NY	085			0	10	11	America/New_York	2006-01-15
5107342	Armawalk	Armawalk		41.28787	-73.77097	P	PPL	US		NY	119	84077		0	133	143	America/New_York	2017-05-23
5107346	Armonk	Armonk	Armank,Armonk,Mile Square,Mill Square,Sands Mill,a meng ke shi,amongkeu,amonku,armwnk  nywywrk,Арманк,آرمونک، نیویورک,アーモンク,阿蒙克市,아몽크	41.12648	-73.71402	P	PPL	US		NY	119	51693		4330	118	125	America/New_York	2017-05-23
5107347	Armor	Armor		42.74061	-78.79892	P	PPL	US		NY	029	31654		0	250	250	America/New_York	2017-05-23
5107354	Arnett	Arnett		43.14395	-77.64056	P	PPL	US		NY	055	63000		0	165	169	America/New_York	2017-05-23
5107365	Arnolds Mill	Arnolds Mill		42.34147	-73.59512	P	PPL	US		NY	021	28871		0	148	151	America/New_York	2017-05-23
5107374	Arrochar	Arrochar		40.59844	-74.07264	P	PPL	US		NY	085			13010	16	20	America/New_York	2017-04-16
5107377	Arsenal Hill	Arsenal Hill		42.8834	-77.29637	P	PPL	US		NY	069	12144		0	250	252	America/New_York	2017-05-23
5107380	Arshamonaque	Arshamonaque		41.08954	-72.39064	P	PPL	US		NY	103	69463		0	2	2	America/New_York	2017-05-23
5107381	Art Village	Art Village		40.88399	-72.42314	P	PPL	US		NY	103			0	2	6	America/New_York	2006-01-15
5107382	Arthur	Arthur		43.49507	-76.24799	P	PPL	US		NY	075	46822		0	105	107	America/New_York	2017-05-23
5107386	Argusville	Argusville	Argusville,Molicks Mills	42.79063	-74.51903	P	PPL	US		NY	095	12452		0	321	320	America/New_York	2017-05-23
5107390	Arthursburg	Arthursburg	Arthursburg,Arthursburgh	41.62843	-73.77152	P	PPL	US		NY	027	40299		0	102	103	America/New_York	2017-05-23
5107394	Arverne	Arverne		40.59122	-73.79597	P	PPL	US		NY	081			14120	2	3	America/New_York	2017-04-16
5107396	Asbury	Asbury		42.52674	-76.49188	P	PPL	US		NY	109	41234		0	286	291	America/New_York	2017-05-23
5107397	Asbury	Asbury		42.1412	-73.95791	P	PPL	US		NY	111	65299		0	51	49	America/New_York	2017-05-23
5107407	Arthur Manor	Arthur Manor		40.97676	-73.79291	P	PPL	US		NY	119	65442		0	70	77	America/New_York	2017-05-23
5107412	Ash Grove	Ash Grove		43.03202	-73.33122	P	PPL	US		NY	115	81578		0	194	196	America/New_York	2017-05-23
5107418	Ashantee	Ashantee		42.89701	-77.76473	P	PPL	US		NY	051	03364		0	177	179	America/New_York	2017-05-23
5107419	Asharoken	Asharoken		40.92788	-73.35984	P	PPL	US		NY	103	37000		654	4	6	America/New_York	2017-05-23
5107427	Ashford	Ashford		42.32034	-78.60808	P	PPL	US		NY	009	24031		0	498	497	America/New_York	2017-05-23
5107429	Ashford Hollow	Ashford Hollow		42.4034	-78.68531	P	PPL	US		NY	009	02759		0	462	464	America/New_York	2017-05-23
5107431	Ashland	Ashland		42.76285	-76.47799	P	PPL	US		NY	011	65816		0	218	238	America/New_York	2017-05-23
5107432	Ashland	Ashland	Ashland,Scienceville,Windham	42.3037	-74.33348	P	PPL	US		NY	039	02803		0	433	434	America/New_York	2017-05-23
5107440	Ashokan	Ashokan		41.97565	-74.19681	P	PPL	US		NY	111	54749		0	203	207	America/New_York	2017-05-23
5107444	Ashville	Ashville		42.09645	-79.3756	P	PPL	US		NY	013	52155		0	414	419	America/New_York	2017-05-23
5107446	Ashwood	Ashwood		43.32784	-78.31002	P	PPL	US		NY	073	83448		0	101	103	America/New_York	2017-05-23
5107450	Assembly Park	Assembly Park		42.77979	-76.1302	P	PPL	US		NY	067	75638		0	366	375	America/New_York	2017-05-23
5107464	Astoria	Astoria	Astoria,Astorija,Hallett's Cove,aeseutolia,astwrya,Αστόρια,Астория,آستوریا,অ্যাস্টোরিয়া,애스토리아	40.77205	-73.93014	P	PPL	US		NY	081			150165	7	7	America/New_York	2017-04-16
5107467	Athens	Athens	Athens,Canisikek,Esperanza,Looneberg,Loonenburg,Loonenburgh,Lunenburg	42.26036	-73.80957	P	PPL	US		NY	039	02913		1617	8	7	America/New_York	2017-05-23
5107473	Athol	Athol	Athol,Thurman	43.49257	-73.8429	P	PPL	US		NY	113	73814		0	240	244	America/New_York	2017-05-23
5107474	Athol Springs	Athol Springs		42.76978	-78.86642	P	PPL	US		NY	029	31654		0	182	183	America/New_York	2017-05-23
5107476	Atlanta	Atlanta	Atlanta,Bloods,Атланта	42.55423	-77.47249	P	PPL	US		NY	101	16738		0	399	404	America/New_York	2017-05-23
5107481	Atlantic Beach	Atlantic Beach	Atlantic Beach,Long Beach,Long Beach West	40.58899	-73.72902	P	PPL	US		NY	059	34000		1914	5	4	America/New_York	2017-05-23
5107483	Atlantique	Atlantique		40.64177	-73.17067	P	PPL	US		NY	103	38000		0	1	5	America/New_York	2017-05-23
5107486	Attica	Attica	Attica,Gwehtaanetecarnundodeh,Phelps Settlement	42.86423	-78.28029	P	PPL	US		NY	121	03012		2470	299	302	America/New_York	2017-05-23
5107487	Attica Center	Attica Center		42.81562	-78.23446	P	PPL	US		NY	121	03012		0	469	472	America/New_York	2017-05-23
5107492	Attlebury	Attlebury		41.91731	-73.66846	P	PPL	US		NY	027	70662		0	146	145	America/New_York	2017-05-23
5107496	Atwaters	Atwaters	Atwater,Atwaters	42.6309	-76.64967	P	PPL	US		NY	011	28673		0	125	122	America/New_York	2017-05-23
5107497	Atwell	Atwell		43.52396	-74.94433	P	PPL	US		NY	043	54507		0	556	556	America/New_York	2017-05-23
5107498	Atwell Corners	Atwell Corners		42.92479	-75.90631	P	PPL	US		NY	067	59036		0	245	246	America/New_York	2017-05-23
5107499	Atwood	Atwood		41.89287	-74.15987	P	PPL	US		NY	111	45458		0	129	137	America/New_York	2017-05-23
5107502	Au Sable Forks	Au Sable Forks	Au Sable Forks,Ausable,Ausable Forks,Tei-o-ho-ho-gen,Teiohionho:ken,Teiohionhó:ken	44.44171	-73.67458	P	PPL	US		NY	019	06761		559	168	169	America/New_York	2017-05-23
5107505	Auburn	Auburn	Auburn,Hardenbergh's Corners,Obern,Oburn,Os-co,Was-co,abrn,abrn  nyw yark,abwrn  nywywrk,ao ben,awbwrn,oban,obeon,Аубурн,Оберн,Обърн,آبرن,آبرن، نیو یارک,آبورن، نیویورک,أوبورن,オーバーン,奧本,오번	42.93173	-76.56605	P	PPLA2	US		NY	011	03078		26985	209	213	America/New_York	2017-05-23
5107518	Augusta	Augusta	Ogasta,Огаста	42.97479	-75.50129	P	PPL	US		NY	065	03155		2041	291	290	America/New_York	2017-05-23
5107528	Aurora	Aurora	Aurora,Avrora,Deawendote,Аврора,ارورا، کایوگا کاؤنٹی، نیو یارک	42.75396	-76.70245	P	PPL	US		NY	011	41740		718	126	129	America/New_York	2017-05-23
5107531	Ausable Chasm	Ausable Chasm		44.52255	-73.46513	P	PPL	US		NY	019	03221		0	114	116	America/New_York	2017-05-23
5107536	Auriesville	Auriesville		42.92952	-74.31652	P	PPL	US		NY	057	29047		0	95	97	America/New_York	2017-05-23
5107539	Austin	Austin		42.8109	-76.47077	P	PPL	US		NY	011	51198		0	357	355	America/New_York	2017-05-23
5107543	Austerlitz	Austerlitz	Austerlitz,Upper Green River	42.31175	-73.47317	P	PPL	US		NY	021	03287		0	344	348	America/New_York	2017-05-23
5107550	Ava	Ava	Ava,Ava Corners	43.41896	-75.47934	P	PPL	US		NY	065	03309		0	418	417	America/New_York	2017-05-23
5107561	Averill Park	Averill Park	Averill,Averill Park,Averillpark	42.63397	-73.55373	P	PPL	US		NY	083	65013		1693	239	237	America/New_York	2017-05-23
5107566	Averys Place	Averys Place		43.29424	-74.55459	P	PPL	US		NY	041	02572		0	521	537	America/New_York	2017-05-23
5107567	Averyville	Averyville		44.24394	-74.05154	P	PPL	US		NY	031	51935		0	625	627	America/New_York	2017-05-23
5107569	Avoca	Avoca	Avoca,Buchanan	42.40951	-77.42137	P	PPL	US		NY	101	03342		922	364	365	America/New_York	2017-05-23
5107571	Avon	Avon		42.91201	-77.74556	P	PPL	US		NY	051	03364		3319	198	200	America/New_York	2017-05-23
5107578	Axeville	Axeville		42.24923	-78.95921	P	PPL	US		NY	009	17684		0	511	515	America/New_York	2017-05-23
5107579	Axton Landing	Axton Landing	Axton,Axton Landing	44.20284	-74.32877	P	PPL	US		NY	033	32314		0	471	474	America/New_York	2017-05-23
5107582	Awosting	Awosting		41.66926	-74.29126	P	PPL	US		NY	111	66674		0	174	179	America/New_York	2017-05-23
5107588	Babbitt Corner	Babbitt Corner		43.87367	-76.1177	P	PPL	US		NY	045	34055		0	106	105	America/New_York	2017-05-23
5107589	Babbitt Corner	Babbitt Corner		42.83618	-77.18442	P	PPL	US		NY	069	29531		0	308	309	America/New_York	2017-05-23
5107591	Babcock Hill	Babcock Hill	Babcock Hill,Babcockhill	42.93174	-75.22072	P	PPL	US		NY	065	08180		0	416	417	America/New_York	2017-05-23
5107595	Babcock Lake	Babcock Lake		42.81341	-73.40456	P	PPL	US		NY	083	29674		0	402	413	America/New_York	2017-05-23
5107609	Backus	Backus		44.16951	-75.28103	P	PPL	US		NY	089	58266		0	274	275	America/New_York	2017-05-23
5107612	Babylon	Babylon	Babilon,Babylon,New Babylon,South Huntington,Бабилон	40.69566	-73.32568	P	PPL	US		NY	103	04000		12161	2	4	America/New_York	2017-05-23
5107613	Bacon Hill	Bacon Hill	Bacon Hill,Baconhill,Fiddletown,Pope's Corners,Popes Corners	43.13341	-73.60567	P	PPL	US		NY	091	53737		0	88	92	America/New_York	2017-05-23
5107621	Baggs Corner	Baggs Corner		43.957	-76.0577	P	PPL	US		NY	045	35782		0	116	118	America/New_York	2017-05-23
5107623	Bagdad	Bagdad		42.48284	-78.92003	P	PPL	US		NY	029	17200		0	276	280	America/New_York	2017-05-23
5107626	Bailey	Bailey		43.07256	-77.66	P	PPL	US		NY	055	34099		0	165	166	America/New_York	2017-05-23
5107651	Baileys Gap	Baileys Gap		41.69204	-74.00014	P	PPL	US		NY	111	45722		0	155	160	America/New_York	2017-05-23
5107654	Baileys Settlement	Baileys Settlement		42.88701	-76.15604	P	PPL	US		NY	067	40266		0	154	158	America/New_York	2017-05-23
5107655	Baileytown	Baileytown	Baileytown,Barleytown	41.30815	-74.08125	P	PPL	US		NY	071	82755		0	293	298	America/New_York	2017-05-23
5107656	Baileyville	Baileyville		41.47232	-74.48349	P	PPL	US		NY	071	48857		0	205	208	America/New_York	2017-05-23
5107659	Bainbridge	Bainbridge	Bainbridge,Jericho	42.29341	-75.47935	P	PPL	US		NY	017	04044		1325	303	305	America/New_York	2017-05-23
5107662	Bains Corner	Bains Corner		41.73898	-73.56207	P	PPL	US		NY	027	20819		0	119	124	America/New_York	2017-05-23
5107663	Baird Corners	Baird Corners		43.22229	-76.46022	P	PPL	US		NY	067	44039		0	119	122	America/New_York	2017-05-23
5107670	Baiting Hollow	Baiting Hollow	Baiting Hollow,Fresh Pond	40.95621	-72.74427	P	PPL	US		NY	103	61984		1642	32	36	America/New_York	2017-05-23
5107671	Baker	Baker		42.97728	-77.79195	P	PPL	US		NY	051	11715		0	183	183	America/New_York	2017-05-23
5107683	Baker Corner	Baker Corner		41.58759	-73.5629	P	PPL	US		NY	027	56825		0	257	263	America/New_York	2017-05-23
5107684	Baker Corners	Baker Corners		43.10951	-75.14211	P	PPL	US		NY	043	65695		0	171	171	America/New_York	2017-05-23
5107706	Bakers Mills	Bakers Mills	Baker Mills,Bakers Mills	43.61479	-74.02485	P	PPL	US		NY	113	38715		0	486	487	America/New_York	2017-05-23
5107707	Bakerstand	Bakerstand		42.35062	-78.54863	P	PPL	US		NY	009	44237		0	525	526	America/New_York	2017-05-23
5107708	Bakertown	Bakertown		43.39924	-74.13097	P	PPL	US		NY	113	71641		0	415	421	America/New_York	2017-05-23
5107711	Balcom	Balcom		42.36978	-79.09643	P	PPL	US		NY	013	77530		0	402	405	America/New_York	2017-05-23
5107712	Balcom Beach	Balcom Beach		42.38645	-78.2014	P	PPL	US		NY	003	64166		0	446	447	America/New_York	2017-05-23
5107714	Balcom Corners	Balcom Corners		42.36978	-79.09032	P	PPL	US		NY	013	77530		0	401	400	America/New_York	2017-05-23
5107740	Bald Mountain	Bald Mountain		43.12952	-73.53817	P	PPL	US		NY	115	30686		0	97	97	America/New_York	2017-05-23
5107759	Baldwin	Baldwin		43.80923	-73.44595	P	PPL	US		NY	031	73891		0	118	114	America/New_York	2017-05-23
5107760	Baldwin	Baldwin	Baldwin,Baldwins,Baldwinville,Bethel,Bolduin,Fox Borough,Hick's Neck,Milburn Corners,baldwyn,Болдуин,بالدوين,بالڈون، ناساؤ کاؤنٹی، نیو یارک	40.65649	-73.6093	P	PPL	US		NY	059	34000		24033	7	8	America/New_York	2017-05-23
5107766	Baldwin Corner	Baldwin Corner		43.33867	-78.19085	P	PPL	US		NY	073	12496		0	100	103	America/New_York	2017-05-23
5107767	Baldwin Corner	Baldwin Corner		43.38757	-73.49345	P	PPL	US		NY	115	39650		0	49	51	America/New_York	2017-05-23
5107771	Baldwin Harbor	Baldwin Harbor		40.63955	-73.60846	P	PPL	US		NY	059	34000		8102	3	4	America/New_York	2017-05-23
5107773	Baldwin Heights	Baldwin Heights		42.09923	-78.42252	P	PPL	US		NY	009	54716		0	439	446	America/New_York	2017-05-23
5107781	Baldwin Place	Baldwin Place		41.34759	-73.76208	P	PPL	US		NY	079	12529		0	186	199	America/New_York	2017-05-23
5107785	Baldwinsville	Baldwinsville	Baldwin's Bridge,Baldwinsville,Boldvinsvil,Columbia,Ste-ha-hah,bladwynsfyl,Болдвинсвил,بلادوينسفيل	43.15868	-76.33271	P	PPL	US		NY	067	44039		7770	116	117	America/New_York	2017-05-23
5107799	Ballard Corners	Ballard Corners		43.15313	-73.68151	P	PPL	US		NY	091	82403		0	96	93	America/New_York	2017-05-23
5107804	Ballina	Ballina		42.89784	-75.84714	P	PPL	US		NY	053	13156		0	406	405	America/New_York	2017-05-23
5107809	Ballston Center	Ballston Center	Ballston Center,Ballston Centre,Balltown	42.95591	-73.8654	P	PPL	US		NY	091	04220		0	122	123	America/New_York	2017-05-23
5107811	Ballston Lake	Ballston Lake		42.91174	-73.86818	P	PPL	US		NY	091	16353		0	81	85	America/New_York	2017-05-23
5107812	Ballston Spa	Ballston Spa	Ballston,Ballston Spa,Ballston Springs,Balltown Springs,Bolston Spa,balstwn,Болстон Спа,بالستون	43.00091	-73.84901	P	PPLA2	US		NY	091	47537		5375	96	97	America/New_York	2017-05-23
5107816	Balltown	Balltown		42.49062	-79.07643	P	PPL	US		NY	013	32050		0	287	289	America/New_York	2017-05-23
5107821	Balmville	Balmville	Balmville,Hampton	41.53482	-74.01486	P	PPL	US		NY	071	50045		3178	66	74	America/New_York	2017-05-23
5107823	Balmat	Balmat		44.24839	-75.39493	P	PPL	US		NY	089	27100		0	208	209	America/New_York	2017-05-23
5107840	Baltimore	Baltimore		42.73535	-76.12576	P	PPL	US		NY	023	59773		0	362	365	America/New_York	2017-05-23
5107844	Bangall	Bangall		43.11229	-76.38299	P	PPL	US		NY	067	76760		0	126	131	America/New_York	2017-05-23
5107846	Bangor	Bangor	Bangor,South Bangor	44.81227	-74.3974	P	PPL	US		NY	033	04319		0	234	235	America/New_York	2017-05-23
5107853	Bangall	Bangall		41.87565	-73.69124	P	PPL	US		NY	027	70662		0	134	138	America/New_York	2017-05-23
5107857	Banksville	Banksville		41.14121	-73.63957	P	PPL	US		NY	119			0	138	144	America/New_York	2006-01-15
5107858	Baptist Corners	Baptist Corners		42.90368	-76.46827	P	PPL	US		NY	011	55871		0	307	309	America/New_York	2017-05-23
5107877	Barberville	Barberville		42.68341	-73.54067	P	PPL	US		NY	083	58805		0	244	247	America/New_York	2017-05-23
5107880	Barbourville	Barbourville		42.13731	-75.35629	P	PPL	US		NY	025	20357		0	392	397	America/New_York	2017-05-23
5107881	Barcelona	Barcelona	Barcelona,Portland Harbor	42.34034	-79.59588	P	PPL	US		NY	013	79950		0	184	185	America/New_York	2017-05-23
5107893	Bardonia	Bardonia		41.10954	-73.99625	P	PPL	US		NY	087	15968		4108	90	96	America/New_York	2017-05-23
5107903	Bardeen Corners	Bardeen Corners	Bardeen Corners,Bardeen's Corners	43.34535	-76.15187	P	PPL	US		NY	075	32688		0	157	157	America/New_York	2017-05-23
5107908	Barker	Barker	Barker,Barker's,Somerset Station	43.33006	-78.55475	P	PPL	US		NY	063	68330		512	100	99	America/New_York	2017-05-23
5107916	Barkers Grove	Barkers Grove		42.98785	-73.55178	P	PPL	US		NY	115	22656		0	136	140	America/New_York	2017-05-23
5107917	Barkersville	Barkersville		43.08841	-74.03957	P	PPL	US		NY	091	59949		0	342	343	America/New_York	2017-05-23
5107919	Barkertown	Barkertown		42.55145	-77.9	P	PPL	US		NY	051	54089		0	463	463	America/New_York	2017-05-23
5107931	Barnard	Barnard	Barnard,Barnard's Crossing	43.21256	-77.64278	P	PPL	US		NY	055	63000		0	123	123	America/New_York	2017-05-23
5107935	Barnegat	Barnegat	Barnegat,Camelot,Stoneco	41.63204	-73.9468	P	PPL	US		NY	027	59652		0	3	6	America/New_York	2017-05-23
5107936	Barnerville	Barnerville		42.68758	-74.42653	P	PPL	US		NY	095	16639		0	252	254	America/New_York	2017-05-23
5107945	Barnes Corners	Barnes Corners		43.81701	-75.81769	P	PPL	US		NY	049	57925		0	430	430	America/New_York	2017-05-23
5107952	Barnes Hole	Barnes Hole		40.99927	-72.13258	P	PPL	US		NY	103	22194		0	7	10	America/New_York	2017-05-23
5107955	Barnes Landing	Barnes Landing		41.00455	-72.12508	P	PPL	US		NY	103	22194		0	3	8	America/New_York	2017-05-23
5107963	Barneveld	Barneveld	Barneveld,Oldenbarnevelt,Oseteadaque,Trenton	43.27229	-75.18989	P	PPL	US		NY	065	75280		282	244	249	America/New_York	2017-05-23
5107978	Barnum	Barnum		42.00229	-78.41169	P	PPL	US		NY	009	54727		0	474	481	America/New_York	2017-05-23
5107980	Barnum Corners	Barnum Corners		41.45898	-73.55568	P	PPL	US		NY	079	56748		0	178	182	America/New_York	2017-05-23
5107982	Barney Mills	Barney Mills		42.09229	-77.70555	P	PPL	US		NY	101	81105		0	577	593	America/New_York	2017-05-23
5107991	Barre Center	Barre Center	Barre Center,Barre Centre	43.18617	-78.19419	P	PPL	US		NY	073	04572		0	211	213	America/New_York	2017-05-23
5107998	Barrett Corners	Barrett Corners		42.71868	-75.17294	P	PPL	US		NY	077	11209		0	401	409	America/New_York	2017-05-23
5108000	Barnum Island	Barnum Island		40.60455	-73.64402	P	PPL	US		NY	059	34000		2414	0	0	America/New_York	2017-05-23
5108008	Barrington	Barrington	Barrington,Warsaw	42.54702	-77.05608	P	PPL	US		NY	123	04594		0	477	478	America/New_York	2017-05-23
5108015	Barryville	Barryville		41.47759	-74.911	P	PPL	US		NY	105	34473		0	181	182	America/New_York	2017-05-23
5108018	Barrytown	Barrytown	Barrytown,Lower Red Hook Landing	41.99843	-73.92402	P	PPL	US		NY	027	60905		0	37	36	America/New_York	2017-05-23
5108020	Bartlett	Bartlett		43.13451	-75.44184	P	PPL	US		NY	065	80533		0	165	164	America/New_York	2017-05-23
5108023	Bartlett Corners	Bartlett Corners		43.31034	-77.79445	P	PPL	US		NY	055	56561		0	84	86	America/New_York	2017-05-23
5108025	Bartlett Hollow	Bartlett Hollow		42.3198	-75.18184	P	PPL	US		NY	025	27232		0	367	371	America/New_York	2017-05-23
5108035	Bartletts Corner	Bartletts Corner		44.26006	-75.72467	P	PPL	US		NY	045	73528		0	143	146	America/New_York	2017-05-23
5108038	Barton	Barton		42.04285	-76.44855	P	PPL	US		NY	107	04671		0	245	243	America/New_York	2017-05-23
5108071	Basket	Basket	Basket,Basket Station,Douglass Village,Long Eddy	41.84898	-75.10989	P	PPL	US		NY	105	27573		0	259	277	America/New_York	2017-05-23
5108076	Basom	Basom		43.06728	-78.39141	P	PPL	US		NY	037	00474		0	218	218	America/New_York	2017-05-23
5108093	Batavia	Batavia	Batavia,Batavija,Batejvija,Botovijoo,De-o-on-go-wa,Ge-ne-un-dah-sa-is-ka,Jo-a-i-ka,The Bend,batabia,batafya,batawya  nywywrk,Батавия,Батејвија,Ботовиёо,باتافيا,باتاویا، نیویورک,バタビア	42.99812	-78.18752	P	PPLA2	US		NY	037	04715		15010	272	272	America/New_York	2017-05-23
5108103	Bates	Bates		42.25311	-79.15421	P	PPL	US		NY	013	24053		0	475	482	America/New_York	2017-05-23
5108104	Bates	Bates		42.44647	-74.27431	P	PPL	US		NY	095	10154		0	380	382	America/New_York	2017-05-23
5108110	Bath	Bath	Bat,Bath,Donatagwenda,Ta-nigh-na-quan-da,Tanighnaguanda,qryw bath,Бат,باتھ,قريو باث	42.33702	-77.31776	P	PPLA2	US		NY	101	04770		5635	338	340	America/New_York	2017-05-23
5108111	Bath Beach	Bath Beach		40.60455	-74.00431	P	PPL	US		NY	047			33080	8	10	America/New_York	2017-04-16
5108118	Battenville	Battenville	Battenkill,Battenville	43.10924	-73.424	P	PPL	US		NY	115	30686		0	128	135	America/New_York	2017-05-23
5108135	Battery Park City	Battery Park City	Battery Park	40.71149	-74.01625	P	PPLX	US		NY	061			0	0	0	America/New_York	2008-05-21
5108141	Batchellerville	Batchellerville	Batchelerville,Batchellerville	43.21174	-74.0818	P	PPL	US		NY	091	23591		0	239	239	America/New_York	2017-05-23
5108153	Bay Colony	Bay Colony		40.62955	-73.59541	P	PPL	US		NY	059	34000		0	0	3	America/New_York	2017-05-23
5108155	Bay Park	Bay Park		40.63316	-73.67041	P	PPL	US		NY	059	34000		2212	3	2	America/New_York	2017-05-23
5108157	Bay Point	Bay Point		41.00343	-72.31508	P	PPL	US		NY	103	68473		0	8	11	America/New_York	2017-05-23
5108159	Bay Pond	Bay Pond		44.43145	-74.41183	P	PPL	US		NY	033	65178		0	481	489	America/New_York	2017-05-23
5108161	Bay Ridge	Bay Ridge	Bay Ridge,Bej-Ridzh,Yellow Hook,Бей-Ридж	40.63399	-74.01458	P	PPL	US		NY	047			0	26	27	America/New_York	2006-01-15
5108169	Bay Shore	Bay Shore	Bay Shore,Bayshore,Bej Shor,Keith,Mechanicville,Penataquit,bay shwry,Бей Шор,Беј Шор,باي شوري	40.7251	-73.24539	P	PPL	US		NY	103	38000		26337	5	9	America/New_York	2017-05-23
5108172	Bay Shores	Bay Shores		42.86229	-76.2741	P	PPL	US		NY	067	55651		0	244	250	America/New_York	2017-05-23
5108174	Baxter Estates	Baxter Estates		40.83482	-73.69541	P	PPL	US		NY	059	53000		1012	12	21	America/New_York	2017-05-23
5108176	Bay View	Bay View		42.77923	-78.85781	P	PPL	US		NY	029	31654		0	179	179	America/New_York	2017-05-23
5108177	Bay View	Bay View		43.19728	-77.53278	P	PPL	US		NY	055	37726		0	74	73	America/New_York	2017-05-23
5108178	Bay View	Bay View	Bay View,Bayview	41.04121	-72.42064	P	PPL	US		NY	103	69463		0	12	14	America/New_York	2017-05-23
5108179	Bay Wood	Bay Wood	Baywood	40.7501	-73.29123	P	PPL	US		NY	103	38000		7350	18	21	America/New_York	2017-05-23
5108182	Bayberry	Bayberry		43.14646	-76.2227	P	PPLX	US		NY	067	16067		0	122	132	America/New_York	2017-05-23
5108183	Bayberry Dunes	Bayberry Dunes		40.68982	-72.98927	P	PPL	US		NY	103	10000		0	2	4	America/New_York	2017-05-23
5108184	Bayberry Park	Bayberry Park		40.94677	-73.77402	P	PPL	US		NY	119	50617		0	48	54	America/New_York	2017-05-23
5108186	Baychester	Baychester	Bay Chester,Baychester	40.86928	-73.83645	P	PPL	US		NY	005			16274	24	15	America/New_York	2017-04-22
5108191	Bayport	Bayport	Bayport,Middle Road,Midroadville	40.73843	-73.05067	P	PPL	US		NY	103	38000		8896	5	6	America/New_York	2017-05-23
5108193	Bayside	Bayside	Bay Side,Bayside,بے سائڈ، کوئینز	40.76844	-73.77708	P	PPL	US		NY	081			66455	24	27	America/New_York	2017-04-16
5108197	Bayview	Bayview		42.17672	-79.39783	P	PPL	US		NY	013	23976		0	421	429	America/New_York	2017-05-23
5108198	Bayview	Bayview		44.05533	-76.2591	P	PPL	US		NY	045	43863		0	75	75	America/New_York	2017-05-23
5108202	Bayville	Bayville	Bayville,Oak Neck,Pine Island	40.91065	-73.56207	P	PPL	US		NY	059	56000		6764	12	17	America/New_York	2017-05-23
5108207	Beach Hampton	Beach Hampton		40.97816	-72.10758	P	PPL	US		NY	103	22194		0	3	3	America/New_York	2017-05-23
5108213	Beach Ridge	Beach Ridge	Beach Ridge,Beachridge,Beech Ridge,Hall's Settlement,Halls Station	43.08478	-78.82309	P	PPL	US		NY	063	57111		0	177	178	America/New_York	2017-05-23
5108217	Beachville	Beachville		42.4559	-77.63277	P	PPL	US		NY	101	19675		0	520	522	America/New_York	2017-05-23
5108219	Beacon	Beacon	Beacon,Biakun,Bikon,Fishkill,Mattewan,bikon,bykwn,bykwn  nywywrk,Биакун,Бикон,بيكون,بیکون، نیویورک,ビーコン	41.50482	-73.96958	P	PPL	US		NY	027	05100		14347	42	44	America/New_York	2017-05-23
5108220	Beacon Hills	Beacon Hills		41.50954	-73.92847	P	PPL	US		NY	027	25978		0	76	95	America/New_York	2017-05-23
5108239	Bean Hill Crossing	Bean Hill Crossing		44.33061	-75.78801	P	PPL	US		NY	045	01176		0	107	108	America/New_York	2017-05-23
5108261	Bear Creek	Bear Creek		43.27645	-77.27749	P	PPL	US		NY	117	55013		0	82	85	America/New_York	2017-05-23
5108350	Beards Hollow	Beards Hollow		42.60646	-74.55403	P	PPL	US		NY	095	72070		0	424	421	America/New_York	2017-05-23
5108357	Bearsville	Bearsville		42.04065	-74.15514	P	PPL	US		NY	111	83052		0	213	218	America/New_York	2017-05-23
5108358	Beartown	Beartown		44.7581	-73.58042	P	PPL	US		NY	019	05485		0	236	237	America/New_York	2017-05-23
5108359	Beartown	Beartown		43.3509	-75.45406	P	PPL	US		NY	065	79862		0	384	390	America/New_York	2017-05-23
5108360	Beartown	Beartown		43.32868	-73.76512	P	PPL	US		NY	113	40662		0	361	367	America/New_York	2017-05-23
5108412	Beaver Dams	Beaver Dams	Beaver Dams,West Catlin	42.29119	-76.95969	P	PPL	US		NY	097	20676		0	385	389	America/New_York	2017-05-23
5108413	Beaver Falls	Beaver Falls	Beaver Falls,Beaverfalls,Castorville,Rohr's Mills	43.88701	-75.42741	P	PPL	US		NY	049	19081		0	246	246	America/New_York	2017-05-23
5108435	Beaver Meadow	Beaver Meadow		42.65951	-75.68019	P	PPL	US		NY	017	55717		0	451	450	America/New_York	2017-05-23
5108489	Beaver River	Beaver River		43.90368	-74.9099	P	PPL	US		NY	043	78927		0	516	522	America/New_York	2017-05-23
5108509	Beaverkill	Beaverkill	Beaver Kill,Beaverkill	41.98148	-74.83544	P	PPL	US		NY	105	63176		0	456	462	America/New_York	2017-05-23
5108521	Becks Grove	Becks Grove		43.25535	-75.60379	P	PPL	US		NY	065	63418		0	136	145	America/New_York	2017-05-23
5108526	Beckers Corners	Beckers Corners	Becker's Corners,Beckers Corner,Beckers Corners	42.54841	-73.81096	P	PPL	US		NY	001	06354		0	57	56	America/New_York	2017-05-23
5108529	Bedell	Bedell		42.19509	-74.55015	P	PPL	US		NY	025	47031		0	565	563	America/New_York	2017-05-23
5108531	Bedford	Bedford	Bedford,bdfwrd,Бедфорд,بدفورد	41.20426	-73.64374	P	PPL	US		NY	119	05320		1834	115	118	America/New_York	2017-05-23
5108533	Bedford Center	Bedford Center		41.2201	-73.65818	P	PPL	US		NY	119	05320		0	117	127	America/New_York	2017-05-23
5108536	Bedford Corners	Bedford Corners		42.05451	-78.3114	P	PPL	US		NY	009	59509		0	452	455	America/New_York	2017-05-23
5108541	Bedford Hills	Bedford Hills	Bedford Hills,Bedford Station	41.23676	-73.69458	P	PPL	US		NY	119	05320		3001	104	113	America/New_York	2017-05-23
5108546	Bedford Park	Bedford Park		40.8701	-73.88569	P	PPL	US		NY	005			0	38	47	America/New_York	2006-01-15
5108554	Bedford-Stuyvesant	Bedford-Stuyvesant	Bed-Stuy,Bedford,Bedford Stuyvesant,Bedford-Stuyvesant,Bedford–Stuyvesant,Stuyvesant,beddofodo=sutaibesanto,bedeupeodeuseutaibeseonteu,Бедфорд — Стайвесант,בעדפארד סטייוועסענט,ベッドフォード＝スタイベサント,베드퍼드스타이베선트	40.68344	-73.94125	P	PPLX	US		NY	047			0	15	15	America/New_York	2014-12-17
5108557	Bedford Four Corners	Bedford Four Corners		41.19843	-73.67819	P	PPL	US		NY	119	05320		0	148	155	America/New_York	2017-05-23
5108573	Beech Hill	Beech Hill		40.98649	-73.81652	P	PPL	US		NY	119	84000		0	88	98	America/New_York	2017-05-23
5108595	Beechertown	Beechertown		44.702	-74.78853	P	PPL	US		NY	089	71410		0	167	168	America/New_York	2017-05-23
5108596	Beecherville	Beecherville		43.57868	-75.90825	P	PPL	US		NY	075	55453		0	356	354	America/New_York	2017-05-23
5108597	Beechford	Beechford		42.0212	-74.27042	P	PPL	US		NY	111	66597		0	204	202	America/New_York	2017-05-23
5108598	Beechhurst	Beechhurst		40.79149	-73.80458	P	PPL	US		NY	081			0	14	18	America/New_York	2006-01-15
5108599	Beechmont	Beechmont		40.93093	-73.7843	P	PPL	US		NY	119	50617		0	32	37	America/New_York	2017-05-23
5108602	Beechmont Woods	Beechmont Woods		40.93454	-73.77402	P	PPL	US		NY	119	50617		0	29	37	America/New_York	2017-05-23
5108610	Beehive Crossing	Beehive Crossing		42.79395	-78.15251	P	PPL	US		NY	121	46877		0	387	389	America/New_York	2017-05-23
5108623	Beekmantown	Beekmantown		44.77087	-73.49208	P	PPL	US		NY	019	05485		0	77	77	America/New_York	2017-05-23
5108627	Beekman	Beekman	Beekman,Beekmanville	41.61093	-73.71291	P	PPL	US		NY	027	05452		0	115	111	America/New_York	2017-05-23
5108636	Beerston	Beerston		42.12536	-75.16267	P	PPL	US		NY	025	78047		0	357	358	America/New_York	2017-05-23
5108638	Belcher	Belcher		43.28035	-73.38789	P	PPL	US		NY	115	33040		0	241	244	America/New_York	2017-05-23
5108639	Belcoda	Belcoda		43.02478	-77.84612	P	PPL	US		NY	055	81402		0	197	196	America/New_York	2017-05-23
5108640	Belden	Belden		42.20369	-75.67491	P	PPL	US		NY	007	17046		0	392	389	America/New_York	2017-05-23
5108647	Belfast	Belfast		42.34284	-78.1114	P	PPL	US		NY	003	05573		837	399	401	America/New_York	2017-05-23
5108649	Belfort	Belfort	Belfort,Monterey	43.92812	-75.33213	P	PPL	US		NY	049	19081		0	300	303	America/New_York	2017-05-23
5108652	Belgium	Belgium		43.17646	-76.27465	P	PPL	US		NY	067	16067		0	115	118	America/New_York	2017-05-23
5108654	Belknap Crossing	Belknap Crossing		42.86423	-78.16251	P	PPL	US		NY	121	46877		0	352	352	America/New_York	2017-05-23
5108657	Beixedon Estates	Beixedon Estates		41.06843	-72.41092	P	PPL	US		NY	103	69463		0	6	17	America/New_York	2017-05-23
5108677	Bellaire	Bellaire		40.71399	-73.75402	P	PPL	US		NY	081			5610	19	20	America/New_York	2017-04-16
5108681	Belle Ayr	Belle Ayr	Belle Air,Belle Ayr,Belleayre	42.07203	-74.60932	P	PPL	US		NY	111	32116		0	609	614	America/New_York	2017-05-23
5108683	Belle Harbor	Belle Harbor		40.57594	-73.84819	P	PPL	US		NY	081			6758	2	5	America/New_York	2017-04-16
5108688	Belle Terre	Belle Terre		40.95982	-73.06788	P	PPL	US		NY	103	10000		792	49	55	America/New_York	2017-05-23
5108692	Bellerose	Bellerose		40.72427	-73.71513	P	PPL	US		NY	059	34000		1201	26	26	America/New_York	2017-05-23
5108693	Bellerose Terrace	Bellerose Terrace	Bellerose Gardens West,Bellerose Terrace	40.72066	-73.72596	P	PPL	US		NY	059	34000		2198	23	26	America/New_York	2017-05-23
5108694	Belleview	Belleview		42.12922	-79.33866	P	PPL	US		NY	013	23976		0	406	410	America/New_York	2017-05-23
5108696	Belleville	Belleville	Belleville,Hall's Mills	43.7834	-76.11937	P	PPL	US		NY	045	24086		226	140	139	America/New_York	2017-05-23
5108697	Bellevue	Bellevue		42.89339	-78.73392	P	PPL	US		NY	029	15011		0	192	193	America/New_York	2017-05-23
5108698	Bellevue	Bellevue		42.79424	-73.96957	P	PPL	US		NY	093	65508		0	103	104	America/New_York	2017-05-23
5108705	Bellmont Center	Bellmont Center	Bellmont Center,Bellmont Centre	44.8481	-74.13572	P	PPL	US		NY	033	05716		0	393	395	America/New_York	2017-05-23
5108707	Bellmore	Bellmore	Bellmore,New Bridge	40.66871	-73.52707	P	PPL	US		NY	059	34000		16218	5	7	America/New_York	2017-05-23
5108714	Bellport	Bellport	Bellport,Oc-com-bo-mock	40.75704	-72.93927	P	PPL	US		NY	103	10000		2078	8	11	America/New_York	2017-05-23
5108718	Bellona	Bellona	Bellona,Benton,Pinkneyville,Slab Hollow,Wood's Hollow	42.75701	-77.01469	P	PPL	US		NY	123	06002		0	221	223	America/New_York	2017-05-23
5108719	Bellvale	Bellvale	Bellvale,Wawayanda	41.25037	-74.31071	P	PPL	US		NY	071	78366		0	195	199	America/New_York	2017-05-23
5108722	Bellview Beach	Bellview Beach		40.78371	-72.78593	P	PPL	US		NY	103	10000		0	1	1	America/New_York	2017-05-23
5108723	Bellville	Bellville	Bellville,North Valley	42.33951	-78.25307	P	PPL	US		NY	003	50375		0	520	521	America/New_York	2017-05-23
5108726	Bellwood	Bellwood		43.80285	-75.68158	P	PPL	US		NY	049	32358		0	492	493	America/New_York	2017-05-23
5108728	Belmont	Belmont	Belmont,Philipsburgh,Philipsville,Phillipsburg,blmwnt,Белмонт,بلمونت	42.22312	-78.03445	P	PPLA2	US		NY	003	02011		939	424	423	America/New_York	2017-05-23
5108737	Belltown	Belltown		42.63702	-76.59494	P	PPL	US		NY	011	28673		0	321	324	America/New_York	2017-05-23
5108738	Belvidere	Belvidere		42.25424	-78.05917	P	PPL	US		NY	003	02011		0	414	419	America/New_York	2017-05-23
5108739	Bemis Heights	Bemis Heights	Bemis Heights,Bemus Heights,Bemus' Heights,Bemus's Heights	42.97119	-73.63345	P	PPL	US		NY	091	71333		0	31	30	America/New_York	2017-05-23
5108747	Bemus Point	Bemus Point	Bemus Point,Bemuspoint	42.16172	-79.39171	P	PPL	US		NY	013	23976		356	403	406	America/New_York	2017-05-23
5108756	Benedict	Benedict		43.11841	-74.14319	P	PPL	US		NY	035	08433		0	244	250	America/New_York	2017-05-23
5108757	Benedict Beach	Benedict Beach		43.34867	-77.87223	P	PPL	US		NY	055	31797		0	77	80	America/New_York	2017-05-23
5108791	Bennetts	Bennetts		42.32118	-77.94167	P	PPL	US		NY	003	79202		0	486	489	America/New_York	2017-05-23
5108792	Bennetts	Bennetts	Bennett's Creek,Bennetts,Bennetts Creek	42.18896	-77.62082	P	PPL	US		NY	101	30741		0	409	413	America/New_York	2017-05-23
5108794	Bennetts Corners	Bennetts Corners	Bennett's Corners,Bennetts Corners,Pine Bush	43.0434	-75.60324	P	PPL	US		NY	053	54837		0	163	160	America/New_York	2017-05-23
5108795	Bennetts Corners	Bennetts Corners		43.03479	-76.36493	P	PPL	US		NY	067	11913		0	217	218	America/New_York	2017-05-23
5108796	Bennetts Corners	Bennetts Corners		43.19506	-78.01724	P	PPL	US		NY	073	15880		0	180	182	America/New_York	2017-05-23
5108800	Bennettsville	Bennettsville		42.25564	-75.44657	P	PPL	US		NY	017	04044		0	335	334	America/New_York	2017-05-23
5108802	Bennettsburg	Bennettsburg	Bennetsburgh,Bennettsburg,Bennettsburgh	42.42535	-76.81107	P	PPL	US		NY	097	33073		0	346	349	America/New_York	2017-05-23
5108805	Bennington	Bennington	Bennington,Bennington Center,Loomis Settlement,Pennington	42.837	-78.39752	P	PPL	US		NY	121	05936		0	368	368	America/New_York	2017-05-23
5108810	Benson	Benson		43.25202	-74.27847	P	PPL	US		NY	041	05958		0	355	358	America/New_York	2017-05-23
5108812	Benson Mines	Benson Mines		44.16978	-75.01547	P	PPL	US		NY	089	16287		0	432	432	America/New_York	2017-05-23
5108815	Bensonhurst	Bensonhurst	Bensonhurst,Bensonhurst-By-The-Sea,Bensonkherst,Bensonkhjorst,Бенсонхерст,Бенсонхёрст	40.60177	-73.99403	P	PPL	US		NY	047			60000	4	8	America/New_York	2010-03-30
5108823	Bentleys Corners	Bentleys Corners		44.22895	-75.69383	P	PPL	US		NY	045	02297		0	138	139	America/New_York	2017-05-23
5108824	Benton	Benton	Benton,Benton Station	42.71757	-77.04358	P	PPL	US		NY	123	06002		0	255	257	America/New_York	2017-05-23
5108825	Benton Center	Benton Center	Benton Center,Benton Centre	42.71729	-77.06664	P	PPL	US		NY	123	06002		0	335	336	America/New_York	2017-05-23
5108827	Benton Corners	Benton Corners	Benton Corners,Benton's Corners,Hedden Corners,Hidden Corners	41.69843	-74.19209	P	PPL	US		NY	111	28255		0	87	92	America/New_York	2017-05-23
5108837	Berea	Berea		41.52426	-74.17959	P	PPL	US		NY	071	48153		0	126	127	America/New_York	2017-05-23
5108842	Bergen	Bergen	Bergen,Bergen Corners	43.08534	-77.94223	P	PPL	US		NY	037	06057		1133	185	187	America/New_York	2017-05-23
5108844	Bergen Beach	Bergen Beach		40.62038	-73.9068	P	PPL	US		NY	047			13596	3	2	America/New_York	2017-04-16
5108845	Bergen Beach	Bergen Beach		42.61479	-76.68273	P	PPL	US		NY	099	18663		0	132	131	America/New_York	2017-05-23
5108853	Bergholtz	Bergholtz	Bergholtz,New Bergholtz	43.10311	-78.90671	P	PPL	US		NY	063	81380		0	177	177	America/New_York	2017-05-23
5108858	Berkshire	Berkshire		43.04924	-74.31902	P	PPL	US		NY	035	38792		0	276	276	America/New_York	2017-05-23
5108859	Berkshire	Berkshire	Berkshire,Brown's Settlement	42.30424	-76.1866	P	PPL	US		NY	107	06145		0	319	323	America/New_York	2017-05-23
5108861	Berkshire Terrace	Berkshire Terrace		41.49593	-73.70207	P	PPL	US		NY	079	39331		0	264	271	America/New_York	2017-05-23
5108863	Berlin	Berlin		42.69314	-73.37205	P	PPL	US		NY	083	06189		0	256	255	America/New_York	2017-05-23
5108875	Bernhards Bay	Bernhards Bay	Bernhard's Bay,Bernhards Bay	43.24451	-75.93353	P	PPL	US		NY	075	17904		0	119	124	America/New_York	2017-05-23
5108881	Berne	Berne	Beaver Dam,Beaverdam,Beavertown,Bern,Berne,Berneville,Bernville,Corporation	42.62535	-74.13346	P	PPL	US		NY	001	06211		0	296	312	America/New_York	2017-05-23
5108893	Berryville	Berryville		42.96174	-74.41514	P	PPL	US		NY	057	47834		0	115	117	America/New_York	2017-05-23
5108897	Berwyn	Berwyn		42.86618	-76.04076	P	PPL	US		NY	067	59036		0	440	443	America/New_York	2017-05-23
5108898	Besemer	Besemer		42.39618	-76.40994	P	PPL	US		NY	109	12606		0	291	293	America/New_York	2017-05-23
5108900	Best	Best		42.61564	-73.63734	P	PPL	US		NY	083	22117		0	148	151	America/New_York	2017-05-23
5108918	Bethany Center	Bethany Center	Bethany,Bethany Center	42.90395	-78.13335	P	PPL	US		NY	037	06266		0	360	362	America/New_York	2017-05-23
5108927	Bethel	Bethel	Bethel,Bethel Station	41.95454	-73.63374	P	PPL	US		NY	027	58156		0	168	169	America/New_York	2017-05-23
5108928	Bethel	Bethel	ווייט לעיק	41.68342	-74.87128	P	PPL	US		NY	105	06310		0	404	408	America/New_York	2017-05-23
5108938	Bethel Corners	Bethel Corners		43.24923	-76.58272	P	PPL	US		NY	011	37660		0	137	137	America/New_York	2017-05-23
5108939	Bethel Corners	Bethel Corners		43.57201	-76.18715	P	PPL	US		NY	075	61533		0	86	85	America/New_York	2017-05-23
5108941	Bethel Grove	Bethel Grove		42.40535	-76.42938	P	PPL	US		NY	109	20962		0	270	272	America/New_York	2017-05-23
5108948	Bethlehem Center	Bethlehem Center	Babcock's Corners,Bethlehem Center,Bethlehem Centre	42.60202	-73.79151	P	PPL	US		NY	001	06354		0	58	59	America/New_York	2017-05-23
5108952	Bethlehem Heights	Bethlehem Heights		42.53425	-73.83262	P	PPL	US		NY	001	06354		0	44	45	America/New_York	2017-05-23
5108955	Bethpage	Bethpage	BPA,Bethpage,Betpejdz,Central Park,beseupeiji,Бетпејџ,베스페이지	40.74427	-73.48207	P	PPL	US		NY	059	56000		16429	32	34	America/New_York	2017-05-23
5108964	Bettsburg	Bettsburg		42.20175	-75.54713	P	PPL	US		NY	017	00353		0	316	319	America/New_York	2017-05-23
5108969	Beukendaal	Beukendaal		42.85508	-73.9804	P	PPL	US		NY	093	29366		0	97	98	America/New_York	2017-05-23
5108977	Beyers Corners	Beyers Corners		42.99813	-74.11485	P	PPL	US		NY	035	57353		0	228	226	America/New_York	2017-05-23
5108987	Beulah	Beulah		43.01867	-77.89168	P	PPL	US		NY	055	81402		0	198	199	America/New_York	2017-05-23
5108994	Big Bay	Big Bay		43.24618	-76.1202	P	PPL	US		NY	075	80500		0	114	117	America/New_York	2017-05-23
5109001	Big Bend	Big Bend		42.87757	-76.08965	P	PPL	US		NY	067	40266		0	282	286	America/New_York	2017-05-23
5109018	Big Brook	Big Brook		43.32229	-75.32684	P	PPL	US		NY	065	79862		0	213	212	America/New_York	2017-05-23
5109039	Big Creek	Big Creek	Big Creek,Bigcreek	42.36896	-77.57499	P	PPL	US		NY	101	27551		0	467	465	America/New_York	2017-05-23
5109053	Big Flats	Big Flats	Big Flats,Bigflats	42.1373	-76.93691	P	PPL	US		NY	015	06475		5277	275	277	America/New_York	2017-05-23
5109073	Big Hollow	Big Hollow		43.4334	-73.75568	P	PPL	US		NY	113	40519		0	455	468	America/New_York	2017-05-23
5109079	Big Indian	Big Indian		42.10259	-74.44376	P	PPL	US		NY	111	66597		0	371	381	America/New_York	2017-05-23
5109091	Big Island	Big Island		41.32065	-74.40432	P	PPL	US		NY	071	78366		0	122	123	America/New_York	2017-05-23
5109108	Big Moose	Big Moose	Big Moose,Bigmoose	43.8184	-74.91518	P	PPL	US		NY	043	78927		0	626	628	America/New_York	2017-05-23
5109148	Big Tree	Big Tree	Big Tree,Big Tree Corners,Bigtree	42.76978	-78.81142	P	PPL	US		NY	029	31654		0	219	219	America/New_York	2017-05-23
5109149	Bigelow	Bigelow	Bigelow,Bishop's Corners,Bishops Corners,Richville Station	44.42173	-75.36605	P	PPL	US		NY	089	20038		0	137	138	America/New_York	2017-05-23
5109165	Billings	Billings	Billings,Биллингс	41.6712	-73.76319	P	PPL	US		NY	027	40299		0	123	122	America/New_York	2017-05-23
5109168	Billington Heights	Billington Heights		42.78423	-78.62642	P	PPL	US		NY	029	24130		1685	290	297	America/New_York	2017-05-23
5109172	Billsboro	Billsboro	Billsboro,Billsboro Station	42.80173	-76.9783	P	PPL	US		NY	069	28651		0	155	159	America/New_York	2017-05-23
5109173	Billsboro Corners	Billsboro Corners	Billsboro Corners,Billsborough	42.81062	-77.00774	P	PPL	US		NY	069	28651		0	214	214	America/New_York	2017-05-23
5109175	Biltmore Shores	Biltmore Shores		40.66371	-73.46624	P	PPL	US		NY	059	56000		0	1	6	America/New_York	2017-05-23
5109176	Bingham Mills	Bingham Mills		42.10953	-73.83152	P	PPL	US		NY	021	42917		0	38	52	America/New_York	2017-05-23
5109177	Binghamton	Binghamton	BGM,Bingamton,Bingamtonas,Bingemton,Binghamton,Binghamton i New York,Bingkhamtun,Bingnamton,Chenango Point,bin han dun,bing-eomteon,bingamuton,bynghamtwn,bynghmtwn,bynghmtwn  nywywrk,Бингамтон,Бингемтон,Бингхамтън,Бингњамтон,Бінгемтон,בינגהמטון,بينغامتون,بینگهمتون، نیویورک,بینگہمٹن، نیو یارک,ビンガムトン,賓漢頓,賓罕頓,빙엄턴	42.09869	-75.91797	P	PPLA2	US		NY	007	06607		46032	264	267	America/New_York	2017-05-23
5109182	Bingley	Bingley		42.96173	-75.83075	P	PPL	US		NY	053	25593		0	316	321	America/New_York	2017-05-23
5109190	Binnewater	Binnewater		41.85648	-74.08542	P	PPL	US		NY	111	63737		0	64	65	America/New_York	2017-05-23
5109217	Birchton	Birchton		43.00091	-73.96818	P	PPL	US		NY	091	28112		0	183	183	America/New_York	2017-05-23
5109222	Bird	Bird		42.36617	-78.54447	P	PPL	US		NY	009	44237		0	522	525	America/New_York	2017-05-23
5109235	Birdsall	Birdsall		42.39146	-77.92028	P	PPL	US		NY	003	06717		0	516	514	America/New_York	2017-05-23
5109237	Bird Grove	Bird Grove		40.83232	-73.75513	P	PPL	US		NY	059	53000		0	8	14	America/New_York	2017-05-23
5109240	Birmingham Corners	Birmingham Corners		42.88868	-75.13766	P	PPL	US		NY	043	82568		0	386	388	America/New_York	2017-05-23
5109248	Bishas Mill	Bishas Mill		44.00562	-75.2563	P	PPL	US		NY	049	19081		0	396	399	America/New_York	2017-05-23
5109264	Bishopville	Bishopville		42.36868	-77.74722	P	PPL	US		NY	003	01451		0	422	426	America/New_York	2017-05-23
5109290	Black Brook	Black Brook		44.45838	-73.74236	P	PPL	US		NY	019	06761		0	297	297	America/New_York	2017-05-23
5109310	Black Corners	Black Corners		42.39423	-79.1981	P	PPL	US		NY	013	02605		0	428	428	America/New_York	2017-05-23
5109312	Black Creek	Black Creek	Black Creek,New Hudson Corners	42.27562	-78.2264	P	PPL	US		NY	003	50375		0	460	465	America/New_York	2017-05-23
5109349	Black Creek Village	Black Creek Village	Black Creek Village,Love Canal	43.08645	-78.94976	P	PPLX	US		NY	063	51055		0	174	174	America/New_York	2017-05-23
5109363	Black Lake	Black Lake		41.64537	-74.86183	P	PPL	US		NY	105	06310		0	407	408	America/New_York	2017-05-23
5109410	Black River	Black River	Black River,Lockport	44.01256	-75.79437	P	PPL	US		NY	045	42015		1332	174	173	America/New_York	2017-05-23
5109418	Black Rock	Black Rock		42.70368	-76.65967	P	PPL	US		NY	011	41740		0	223	226	America/New_York	2017-05-23
5109434	Blackbridge	Blackbridge		43.37062	-74.32347	P	PPL	US		NY	041	79059		0	319	327	America/New_York	2017-05-23
5109437	Blackesley Corner	Blackesley Corner		42.26591	-75.60074	P	PPL	US		NY	017	18619		0	465	465	America/New_York	2017-05-23
5109443	Blackmans Corners	Blackmans Corners		43.15896	-75.5474	P	PPL	US		NY	065	77178		0	155	156	America/New_York	2017-05-23
5109452	Blairville	Blairville		43.23394	-79.01699	P	PPL	US		NY	063	59267		0	94	92	America/New_York	2017-05-23
5109460	Blakeley	Blakeley	Blakeley,Osborn	42.73562	-78.5953	P	PPL	US		NY	029	03199		0	275	274	America/New_York	2017-05-23
5109462	Blakeslee	Blakeslee		43.00701	-75.81463	P	PPL	US		NY	053	71993		0	339	343	America/New_York	2017-05-23
5109477	Blasdell	Blasdell	Blaisdell,Blasdell	42.79728	-78.82337	P	PPL	US		NY	029	31654		2592	186	188	America/New_York	2017-05-23
5109478	Blatchley	Blatchley		42.02147	-75.73408	P	PPL	US		NY	007	82535		0	367	367	America/New_York	2017-05-23
5109479	Blauvelt	Blauvelt	Blauvelt,Blauveltville,Greenbush	41.06343	-73.95764	P	PPL	US		NY	087	55211		5689	61	66	America/New_York	2017-05-23
5109482	Bleecker	Bleecker		43.11979	-74.36764	P	PPL	US		NY	035	06882		0	458	459	America/New_York	2017-05-23
5109483	Bleecker Center	Bleecker Center		43.15063	-74.3943	P	PPL	US		NY	035	06882		0	418	423	America/New_York	2017-05-23
5109492	Blennes Corner	Blennes Corner		43.31146	-75.68102	P	PPL	US		NY	065	02253		0	186	188	America/New_York	2017-05-23
5109522	Bliss Corner	Bliss Corner		43.15757	-74.6682	P	PPL	US		NY	035	71784		0	383	388	America/New_York	2017-05-23
5109527	Bliss	Bliss		42.57701	-78.25279	P	PPL	US		NY	121	21369		527	532	543	America/New_York	2017-05-23
5109535	Blodgett Mills	Blodgett Mills	Blodgets Mills,Blodgett Mills	42.5684	-76.12576	P	PPL	US		NY	023	18421		303	336	339	America/New_York	2017-05-23
5109539	Blockville	Blockville		42.08172	-79.41227	P	PPL	US		NY	013	32248		0	424	427	America/New_York	2017-05-23
5109553	Bloomerville	Bloomerville		42.4309	-77.45971	P	PPL	US		NY	101	03342		0	377	391	America/New_York	2017-05-23
5109554	Bloomfield	Bloomfield		40.6126	-74.1782	P	PPL	US		NY	085			1248	3	7	America/New_York	2006-01-17
5109557	Bloomfield Park	Bloomfield Park		43.21479	-75.43962	P	PPL	US		NY	065	63418		0	140	142	America/New_York	2017-05-23
5109559	Blooming Grove	Blooming Grove	Blooming Grove,Bloominggrove	41.40926	-74.19515	P	PPL	US		NY	071	07003		0	109	109	America/New_York	2017-05-23
5109562	Bloomingburg	Bloomingburg	Bloomingburg,Bloomingburgh	41.55426	-74.4396	P	PPL	US		NY	105	44809		411	157	162	America/New_York	2017-05-23
5109563	Bloomingdale	Bloomingdale		44.40783	-74.0871	P	PPL	US		NY	031	64529		0	479	479	America/New_York	2017-05-23
5109566	Bloomington	Bloomington		41.87898	-74.04403	P	PPL	US		NY	111	63737		0	56	59	America/New_York	2017-05-23
5109568	Bloomville	Bloomville	Bloomville,Four Corners,The Bunghole,The Corners	42.33342	-74.80766	P	PPL	US		NY	025	40068		213	444	445	America/New_York	2017-05-23
5109569	Blossom	Blossom		42.85617	-78.69308	P	PPL	US		NY	029	24130		0	203	208	America/New_York	2017-05-23
5109571	Blossvale	Blossvale	Blossvale,Taberg Station	43.27979	-75.64352	P	PPL	US		NY	065	02253		0	128	127	America/New_York	2017-05-23
5109595	Blue Mountain	Blue Mountain		42.10842	-74.01986	P	PPL	US		NY	111	65299		0	106	109	America/New_York	2017-05-23
5109598	Blue Mountain Lake	Blue Mountain Lake		43.85534	-74.44349	P	PPL	US		NY	041	37374		0	556	559	America/New_York	2017-05-23
5109603	Blue Point	Blue Point	Blue Point,Bluepoint	40.74399	-73.03455	P	PPL	US		NY	103	10000		4773	3	6	America/New_York	2017-05-23
5109610	Blue Ridge	Blue Ridge		43.95728	-73.78458	P	PPL	US		NY	031	53077		0	345	354	America/New_York	2017-05-23
5109618	Blue Store	Blue Store	Blue Store,Blue Stores	42.10898	-73.81763	P	PPL	US		NY	021	42917		0	56	55	America/New_York	2017-05-23
5109647	Bluff Point	Bluff Point	Bluff Point,Bluffpoint,Kinney's Corners,Kinneys Corners	42.61424	-77.10358	P	PPL	US		NY	123	38583		0	250	251	America/New_York	2017-05-23
5109664	Boardmanville	Boardmanville	Boardman,Boardmanville	42.09062	-78.42641	P	PPL	US		NY	009	54716		0	435	437	America/New_York	2017-05-23
5109692	Boght Corners	Boght Corners	Boght,Boght Corners,Groesbeck Corners,Groesbeck's Corners	42.78313	-73.74429	P	PPL	US		NY	001	17343		0	108	109	America/New_York	2017-05-23
5109694	Bohemia	Bohemia		40.76926	-73.11511	P	PPL	US		NY	103	38000		10180	20	22	America/New_York	2017-05-23
5109697	Boiceville	Boiceville		42.00509	-74.26598	P	PPL	US		NY	111	54749		0	192	196	America/New_York	2017-05-23
5109702	Bolivar	Bolivar		42.06673	-78.16779	P	PPL	US		NY	003	07201		1006	486	490	America/New_York	2017-05-23
5109703	Bolivar	Bolivar		43.07118	-75.8888	P	PPL	US		NY	053	71993		1138	131	131	America/New_York	2017-05-23
5109715	Bolton	Bolton		43.53646	-73.66762	P	PPL	US		NY	113	07234		0	114	119	America/New_York	2017-05-23
5109718	Bombay	Bombay	Bombay,Bombay Corners,Tsi wahtahkon:ni,Tsi wahtahkón:ni	44.93893	-74.56769	P	PPL	US		NY	033	07278		0	59	61	America/New_York	2017-05-23
5109722	Bolton Landing	Bolton Landing		43.55729	-73.65484	P	PPL	US		NY	113	07234		513	110	114	America/New_York	2017-05-23
5109733	Bonila	Bonila		42.11534	-79.28171	P	PPL	US		NY	013	23998		0	400	404	America/New_York	2017-05-23
5109735	Bonney	Bonney		42.72146	-75.67102	P	PPL	US		NY	017	68110		0	458	461	America/New_York	2017-05-23
5109738	Bonni Castle	Bonni Castle		43.23812	-76.93413	P	PPL	US		NY	117	37165		0	87	90	America/New_York	2017-05-23
5109741	Bonnie Crest	Bonnie Crest		40.95982	-73.78597	P	PPL	US		NY	119	50617		0	58	66	America/New_York	2017-05-23
5109746	Bonny Hill	Bonny Hill		42.27063	-77.33359	P	PPL	US		NY	101	73836		0	538	537	America/New_York	2017-05-23
5109754	Boomertown	Boomertown	Ashville Station,Boomertown	42.07978	-79.36949	P	PPL	US		NY	013	11451		0	424	427	America/New_York	2017-05-23
5109757	Boonville	Boonville	Boon's Upper Settlement,Boonville,Kortenaer	43.48368	-75.33656	P	PPL	US		NY	065	07366		2040	350	353	America/New_York	2017-05-23
5109770	Boquet	Boquet	Boquet,Bouquet	44.30366	-73.40235	P	PPL	US		NY	031	24768		0	92	93	America/New_York	2017-05-23
5109774	Borden	Borden		42.04174	-77.32748	P	PPL	US		NY	101	82843		0	411	418	America/New_York	2017-05-23
5109776	Borden Estate	Borden Estate		41.59398	-74.17126	P	PPL	US		NY	111	66674		0	118	125	America/New_York	2017-05-23
5109777	Border City	Border City		42.87868	-76.96052	P	PPL	US		NY	099	78564		0	141	141	America/New_York	2017-05-23
5109787	Borodino	Borodino		42.85896	-76.33799	P	PPL	US		NY	067	70057		0	336	335	America/New_York	2017-05-23
5109789	Borodino Landing	Borodino Landing		42.85701	-76.35299	P	PPL	US		NY	067	70057		0	264	262	America/New_York	2017-05-23
5109790	Borough Park	Borough Park	Blythebourne,Boro-Park,Borough Park,Боро-Парк,בארא פארק,בורו פארק	40.63399	-73.99681	P	PPL	US		NY	047			149248	20	24	America/New_York	2017-04-16
5109795	Bosley Corner	Bosley Corner		42.82145	-77.61027	P	PPL	US		NY	051	42961		0	329	330	America/New_York	2017-05-23
5109797	Boston	Boston	Boston,Бостон	42.62895	-78.73753	P	PPL	US		NY	029	07454		8049	287	289	America/New_York	2017-05-23
5109799	Boston Corner	Boston Corner	Boston Corner,Boston Corners	42.05287	-73.52123	P	PPL	US		NY	021	02099		0	216	225	America/New_York	2017-05-23
5109804	Bostwick Corners	Bostwick Corners		42.42146	-76.62911	P	PPL	US		NY	109	24548		0	334	337	America/New_York	2017-05-23
5109806	Boreas River	Boreas River		43.94145	-73.9632	P	PPL	US		NY	031	47669		0	557	564	America/New_York	2017-05-23
5109808	Boswell Corners	Boswell Corners		42.71868	-77.42443	P	PPL	US		NY	069	68660		0	383	385	America/New_York	2017-05-23
5109821	Bouckville	Bouckville	Bouckville,Johnsville,McClure Settlement,The Hook	42.88924	-75.55129	P	PPL	US		NY	053	44435		0	348	349	America/New_York	2017-05-23
5109822	Boughton Hill	Boughton Hill		42.96117	-77.41166	P	PPL	US		NY	069	77387		0	248	250	America/New_York	2017-05-23
5109829	Boultons Beach	Boultons Beach		43.93562	-76.13437	P	PPL	US		NY	045	35782		0	77	78	America/New_York	2017-05-23
5109835	Bournes Beach	Bournes Beach		42.35978	-79.55088	P	PPL	US		NY	013	79950		0	187	197	America/New_York	2017-05-23
5109840	Boutonville	Boutonville		41.25704	-73.56457	P	PPL	US		NY	119	59685		0	129	144	America/New_York	2017-05-23
5109841	Bovina	Bovina	Bovina,Butt End	42.26953	-74.72682	P	PPL	US		NY	025	07597		0	562	563	America/New_York	2017-05-23
5109842	Bovina Center	Bovina Center		42.26203	-74.7846	P	PPL	US		NY	025	07597		0	506	505	America/New_York	2017-05-23
5109846	Bowen	Bowen		42.1295	-79.01532	P	PPL	US		NY	009	60587		0	521	521	America/New_York	2017-05-23
5109848	Bowen Corners	Bowen Corners		43.30674	-76.25132	P	PPL	US		NY	075	65618		0	131	130	America/New_York	2017-05-23
5109852	Bowens Corners	Bowens Corners	Bowen's Corners,Bowens Corners	43.27535	-76.46355	P	PPL	US		NY	075	29729		0	137	136	America/New_York	2017-05-23
5109855	Bowers Corner	Bowers Corner		42.6509	-76.59578	P	PPL	US		NY	011	28673		0	330	329	America/New_York	2017-05-23
5109859	Bowerstown	Bowerstown	Bowastown,Bowerstown	42.68591	-74.91765	P	PPL	US		NY	077	46910		0	389	393	America/New_York	2017-05-23
5109863	Bowler	Bowler		42.00312	-78.24612	P	PPL	US		NY	003	28563		0	446	448	America/New_York	2017-05-23
5109888	Bowmansville	Bowmansville		42.93839	-78.68475	P	PPL	US		NY	029	41146		0	216	220	America/New_York	2017-05-23
5109900	Boylston Center	Boylston Center	Boylston Center,Boylston Corner	43.66035	-75.96464	P	PPL	US		NY	075	07674		0	376	378	America/New_York	2017-05-23
5109911	Boyntonville	Boyntonville	Boynton,Boyntonville	42.84508	-73.45595	P	PPL	US		NY	083	58398		0	188	189	America/New_York	2017-05-23
5109921	Braddock Heights	Braddock Heights		43.30701	-77.69945	P	PPL	US		NY	055	30290		0	78	78	America/New_York	2017-05-23
5109927	Bradford	Bradford		42.37118	-77.10886	P	PPL	US		NY	101	07740		0	341	342	America/New_York	2017-05-23
5109934	Bradley	Bradley		41.82398	-74.67627	P	PPL	US		NY	105	49847		0	477	481	America/New_York	2017-05-23
5109936	Bradford Junction	Bradford Junction		42.09701	-78.62614	P	PPL	US		NY	009			0	437	434	America/New_York	2006-01-15
5109951	Bradtville	Bradtville		43.07257	-74.50681	P	PPL	US		NY	035	24603		0	341	350	America/New_York	2017-05-23
5109960	Braeside	Braeside		42.53703	-73.60873	P	PPL	US		NY	083	65541		0	128	124	America/New_York	2017-05-23
5109963	Brainard	Brainard	Brainard,Brainard Station,Brainard's Bridge,Brainards,Hastings Village,Kaunameek	42.49591	-73.51206	P	PPL	US		NY	083	49517		0	207	216	America/New_York	2017-05-23
5109966	Brainardsville	Brainardsville		44.85782	-74.03349	P	PPL	US		NY	033	05716		0	409	411	America/New_York	2017-05-23
5109973	Braman Corners	Braman Corners	Braman Corners,Braman's Corners,Bramans Corners,Parley Street,Parlier Street,Parlor Street,Pooler Street	42.80869	-74.21874	P	PPL	US		NY	093	21006		0	335	332	America/New_York	2017-05-23
5109975	Bramanville	Bramanville	Bramanville,Braymanville	42.68619	-74.40125	P	PPL	US		NY	095	16639		0	231	230	America/New_York	2017-05-23
5109979	Branch	Branch		41.99426	-74.47015	P	PPL	US		NY	111	20247		0	660	660	America/New_York	2017-05-23
5109986	Branchport	Branchport	Branchport,Esperanza	42.59868	-77.15386	P	PPL	US		NY	123	38583		0	226	231	America/New_York	2017-05-23
5109990	Brandon Center	Brandon Center		44.77394	-74.41211	P	PPL	US		NY	033	07839		0	317	316	America/New_York	2017-05-23
5109994	Brandreth	Brandreth		43.93756	-74.85268	P	PPL	US		NY	043	78927		0	518	523	America/New_York	2017-05-23
5110008	Brandy Brook	Brandy Brook		44.24701	-74.77574	P	PPL	US		NY	089	17409		0	449	457	America/New_York	2017-05-23
5110019	Brant	Brant		42.58839	-79.01781	P	PPL	US		NY	029	07894		0	227	231	America/New_York	2017-05-23
5110022	Brant Lake	Brant Lake	Bartonville,Brant Lake,Brantlake,Horicon	43.67646	-73.74957	P	PPL	US		NY	113	35639		0	242	244	America/New_York	2017-05-23
5110025	Brantingham	Brantingham		43.68868	-75.29212	P	PPL	US		NY	049	30796		0	382	386	America/New_York	2017-05-23
5110028	Brasher Center	Brasher Center		44.86727	-74.7838	P	PPL	US		NY	089	07938		0	79	78	America/New_York	2017-05-23
5110029	Brasher Falls	Brasher Falls	Brasher Falls,Brasher's Falls,Brashers Falls,Kiohrio'kehne,Kiohrio'kéhne,Ti-o-hi-on-ho-ken	44.80755	-74.7738	P	PPL	US		NY	089	07938		669	88	89	America/New_York	2017-05-23
5110030	Brasher Iron Works	Brasher Iron Works	Brasher Iron Works,Fullerville,Tsi Karistonnihahkwe,Tsi Karistonníhahkwe,Tsitkarestonni	44.89005	-74.69796	P	PPL	US		NY	089	07938		0	76	78	America/New_York	2017-05-23
5110033	Brasie Corners	Brasie Corners		44.40839	-75.59356	P	PPL	US		NY	089	44391		0	117	118	America/New_York	2017-05-23
5110043	Brayton	Brayton		43.45118	-73.62539	P	PPL	US		NY	113	60356		0	113	120	America/New_York	2017-05-23
5110049	Breakabeen	Breakabeen	Brakabeen,Breakabeen	42.52424	-74.40959	P	PPL	US		NY	095	27826		0	226	226	America/New_York	2017-05-23
5110052	Brayton Hollow	Brayton Hollow		44.94171	-74.12684	P	PPL	US		NY	033	13992		0	162	167	America/New_York	2017-05-23
5110067	Breesport	Breesport		42.17341	-76.73384	P	PPL	US		NY	015	35705		626	335	339	America/New_York	2017-05-23
5110073	Breezy Point	Breezy Point		40.55649	-73.92625	P	PPL	US		NY	081			0	2	4	America/New_York	2006-01-15
5110077	Brentwood	Brentwood	Brentud,Brentvud,Brentwood,Modern Times,bryntwwd,Брентвуд,Брентуд,برينتوود,برینٹووڈ، نیو یارک	40.78121	-73.24623	P	PPL	US		NY	103	38000		60664	24	26	America/New_York	2017-05-23
5110089	Brewers Corner	Brewers Corner		43.11146	-75.53407	P	PPL	US		NY	065	77178		0	201	204	America/New_York	2017-05-23
5110090	Brewerton	Brewerton	Brewerton,Ga-do-quat,Ohsahaunytah-Seughkah,Te-was-koo-we-goo-na	43.23812	-76.14076	P	PPL	US		NY	067	15704		4029	117	119	America/New_York	2017-05-23
5110092	Brewster	Brewster	Brewster,Brewster's Station,Brewsters Station,Brjuster,Bruster,brwstr,Брустер,Брюстер,بروستر	41.39732	-73.61707	P	PPL	US		NY	079	68924		2332	142	150	America/New_York	2017-05-23
5110094	Brewster Heights	Brewster Heights		41.40621	-73.63263	P	PPL	US		NY	079	68924		0	189	194	America/New_York	2017-05-23
5110096	Brewster Hill	Brewster Hill		41.42398	-73.60429	P	PPL	US		NY	079	68924		2089	188	192	America/New_York	2017-05-23
5110108	Briarcliff Manor	Briarcliff Manor	Brajarklif Mejnor,Brajrkliff-Mehnor,Briarcliff Farm,Briarcliff Manor,buraiakurifumana,Брайрклифф-Мэнор,Брајарклиф Мејнор,ブライアクリフマナー	41.14565	-73.82375	P	PPL	US		NY	119	55541		8028	76	80	America/New_York	2017-05-23
5110115	Brick House Corners	Brick House Corners		42.99312	-78.40585	P	PPL	US		NY	037	57078		0	279	277	America/New_York	2017-05-23
5110116	Brick Tavern	Brick Tavern		42.27259	-73.72346	P	PPL	US		NY	021	16045		0	62	64	America/New_York	2017-05-23
5110130	Bridgehampton	Bridgehampton	Bridgehampton,Bridzkhapton,Bull's Head,Bullhead,Бриџхаптон	40.93788	-72.30092	P	PPL	US		NY	103	68473		1756	13	16	America/New_York	2017-05-23
5110132	Bridgeport	Bridgeport		43.15535	-75.96936	P	PPL	US		NY	053	71993		1490	119	122	America/New_York	2017-05-23
5110133	Bridgeport	Bridgeport		42.9159	-76.75245	P	PPL	US		NY	099	66333		1479	133	138	America/New_York	2017-05-23
5110135	Bridgeville	Bridgeville		41.63426	-74.61905	P	PPL	US		NY	105	73627		0	318	331	America/New_York	2017-05-23
5110136	Bridgewater	Bridgewater	Bridzhuoter,Бриджуотер	42.87924	-75.251	P	PPL	US		NY	065	08180		470	369	367	America/New_York	2017-05-23
5110144	Briggs	Briggs		44.16506	-75.13714	P	PPL	US		NY	089	25791		0	433	431	America/New_York	2017-05-23
5110149	Briggs Corner	Briggs Corner		43.87451	-75.53574	P	PPL	US		NY	049	20214		0	247	244	America/New_York	2017-05-23
5110152	Brier Hill	Brier Hill	Brier Hill,Brierhill	44.53145	-75.66274	P	PPL	US		NY	089	48582		0	104	102	America/New_York	2017-05-23
5110154	Briggs Hollow	Briggs Hollow		42.01757	-76.30605	P	PPL	US		NY	107	51121		0	373	376	America/New_York	2017-05-23
5110158	Brighton	Brighton	Brighton,Brighton Village	42.99117	-78.83698	P	PPL	US		NY	029	75000		0	178	178	America/New_York	2017-05-23
5110159	Brighton	Brighton	Brajton,Брайтон,برائٹن، مونرو کاؤنٹی، نیو یارک	43.14756	-77.55055	P	PPL	US		NY	055	63000		36609	136	137	America/New_York	2017-05-23
5110160	Brighton	Brighton		42.86785	-75.02877	P	PPL	US		NY	077	61467		0	446	444	America/New_York	2017-05-23
5110161	Brighton Beach	Brighton Beach	Brighton Beach,Duck Hill	40.57788	-73.95958	P	PPL	US		NY	047			31462	3	6	America/New_York	2017-04-16
5110168	Brightwaters	Brightwaters		40.72093	-73.26734	P	PPL	US		NY	103	38000		3088	7	10	America/New_York	2017-05-23
5110176	Brinckerhoff	Brinckerhoff	Brinckerhoff,Brinckerhoff Station,Brinckerhoffville	41.54398	-73.86819	P	PPL	US		NY	027	25978		2900	67	71	America/New_York	2017-05-23
5110183	Brisben	Brisben		42.36507	-75.68158	P	PPL	US		NY	017	30422		0	286	288	America/New_York	2017-05-23
5110184	Briscoe	Briscoe		41.76426	-74.8785	P	PPL	US		NY	105	06310		0	359	362	America/New_York	2017-05-23
5110189	Bristol Center	Bristol Center	Bristol Center,Bristol Centre	42.80895	-77.39054	P	PPL	US		NY	069	08378		0	285	287	America/New_York	2017-05-23
5110192	Bristol Springs	Bristol Springs	Bristol Springs,Cold Springs	42.70618	-77.37999	P	PPL	US		NY	069	68660		0	369	373	America/New_York	2017-05-23
5110194	Bristol	Bristol		42.84534	-77.42416	P	PPL	US		NY	069	08378		0	355	357	America/New_York	2017-05-23
5110201	Broad Channel	Broad Channel		40.60316	-73.82041	P	PPL	US		NY	081			2443	1	1	America/New_York	2017-04-16
5110211	Broadalbin	Broadalbin	Broadalbin,Fonda's Bush,Kennyetto,Rawsonville	43.05868	-74.19652	P	PPL	US		NY	035	08433		1303	245	249	America/New_York	2017-05-23
5110212	Broadalbin Junction	Broadalbin Junction		43.08507	-74.29402	P	PPL	US		NY	035	46217		0	258	256	America/New_York	2017-05-23
5110219	Broadway Junction	Broadway Junction		40.67677	-73.90014	P	PPL	US		NY	047			0	21	22	America/New_York	2006-01-15
5110227	Brockport	Brockport	Brockport,Brokport,Gwehtaanetecarnundoteh,brwkbwrt,Брокпорт,بروكبورت	43.21367	-77.93918	P	PPL	US		NY	055	72455		8357	158	162	America/New_York	2017-05-23
5110232	Brockville	Brockville		43.26117	-78.09057	P	PPL	US		NY	073	49286		0	138	144	America/New_York	2017-05-23
5110234	Brockway	Brockway		41.53065	-73.97764	P	PPL	US		NY	027	25978		0	22	27	America/New_York	2017-05-23
5110239	Brocton	Brocton	Brocton,Salem,Salem Cross Roads,Salem-on-Erie	42.38867	-79.44116	P	PPL	US		NY	013	59421		1429	224	227	America/New_York	2017-05-23
5110241	Brodhead	Brodhead	Brodhead,Brodhead's Bridge	41.9437	-74.25737	P	PPL	US		NY	111	54749		0	213	221	America/New_York	2017-05-23
5110243	Bromley	Bromley		42.78257	-76.18298	P	PPL	US		NY	067	75638		0	392	387	America/New_York	2017-05-23
5110246	Bronck House	Bronck House		42.34536	-73.84652	P	PPL	US		NY	039	18729		0	37	40	America/New_York	2017-05-23
5110266	The Bronx	The Bronx	Borough of Bronx,Bronks,Bronx,The Bronx,Бронкс	40.84985	-73.86641	P	PPLA2	US		NY	005			1385108	23	19	America/New_York	2014-05-29
5110268	Bronxdale	Bronxdale	Bronxdale,Bronxsdale	40.85524	-73.86529	P	PPL	US		NY	005			0	15	30	America/New_York	2012-05-22
5110269	Bronxville	Bronxville	Bronksvil,Bronxville,Underhill's Crossing,brwnksfyl,bu long ke wei,Бронксвил,برونكسفيل,布隆克維	40.93815	-73.83208	P	PPL	US		NY	119	21820		6438	28	32	America/New_York	2017-05-23
5110271	Bronxville Heights	Bronxville Heights		40.96621	-73.84291	P	PPL	US		NY	119	84000		0	105	103	America/New_York	2017-05-23
5110281	Brookdale	Brookdale		43.07951	-77.7175	P	PPL	US		NY	055	15462		0	158	159	America/New_York	2017-05-23
5110282	Brookdale	Brookdale	Brookdale,Scotland	44.80839	-74.89159	P	PPL	US		NY	089	71410		0	99	100	America/New_York	2017-05-23
5110287	Brookfield	Brookfield	Brookfield,Clarkville	42.81285	-75.31767	P	PPL	US		NY	053	08587		0	421	420	America/New_York	2017-05-23
5110292	Brookhaven	Brookhaven	Brookhaven,Brukgeven,Brukkhejven,Fire Place,Брукгевен,Брукхейвен,Брукхејвен	40.77927	-72.91538	P	PPL	US		NY	103	10000		3451	3	8	America/New_York	2017-05-23
5110299	Brookfield	Brookfield		43.30007	-75.56935	P	PPL	US		NY	065	41762		0	198	199	America/New_York	2017-05-23
5110300	Brooklyn	Brooklyn		42.43312	-78.74836	P	PPLX	US		NY	009	22678		0	421	421	America/New_York	2017-05-23
5110301	Brooklyn	Brooklyn		42.34425	-75.17045	P	PPLH	US		NY	025	27232		0	366	379	America/New_York	2017-05-23
5110302	Brooklyn	Brooklyn	BK,Bklyn,Borough of Brooklyn,Breuckelen,Breukelen,Broklino,Brooklyn,Brucclinu,Bruklin,Bruklina,Bruklinas,Comitatus Bruclinum,Kings County,Marechkawick,beulukeullin,bru klin,brukalina,brwklyn,brwqlyn,bu lu ke lin qu,burukkurin qu,kinsa ka'unti,Бруклин,Бруклін,ברוקלין,بروكلين,بروکلین,ब्रुकलीन,ब्रूकलिन,কিংস কাউন্টি,ব্রুকলিন,บรุกลิน,ბრუკლინი,ブルックリン区,布鲁克林区,브루클린	40.6501	-73.94958	P	PPLA2	US		NY	047			2300664	15	18	America/New_York	2015-01-18
5110309	Brooklyn Heights	Brooklyn Heights	Brookland Heights,Brooklyn Heights,Brooklyn Village,bu lu ke lin gao de,布鲁克林高地	40.69538	-73.99375	P	PPLX	US		NY	047			0	26	34	America/New_York	2015-07-09
5110312	Brooklyn Manor	Brooklyn Manor		40.69483	-73.84764	P	PPL	US		NY	081			0	14	17	America/New_York	2006-01-15
5110319	Brookman Corners	Brookman Corners		42.91729	-74.72626	P	PPL	US		NY	057	47614		0	196	197	America/New_York	2017-05-23
5110322	Brooks Corner	Brooks Corner		42.76618	-75.49684	P	PPL	US		NY	053	31720		0	382	388	America/New_York	2017-05-23
5110328	Brooks Grove	Brooks Grove	Brooks Grove,Brooks' Grove	42.63062	-77.92806	P	PPL	US		NY	051	48956		0	379	381	America/New_York	2017-05-23
5110333	Brooksburg	Brooksburg		42.30286	-74.20681	P	PPL	US		NY	039	82480		0	519	519	America/New_York	2017-05-23
5110351	Brooktondale	Brooktondale	Brookton,Brooktondale,Cantine's Little Location,Cantine's Mill,Cantinesburgh,Cantinesville,Mott's Corners,Mott's Hollow,Mott's Mill,Mottsville	42.38063	-76.39466	P	PPL	US		NY	109	12606		0	279	282	America/New_York	2017-05-23
5110354	Brookvale	Brookvale		42.12563	-75.7863	P	PPL	US		NY	007	39837		0	366	369	America/New_York	2017-05-23
5110355	Brookview	Brookview	Brookview,Schodack Depot	42.54119	-73.71984	P	PPL	US		NY	083	65541		0	64	67	America/New_York	2017-05-23
5110357	Brookville	Brookville		42.92117	-78.21252	P	PPL	US		NY	037	01165		0	287	290	America/New_York	2017-05-23
5110358	Brookville	Brookville	Brookville,Brukvil,Wolver Hollow,Wolverhampton,brwkfyl,Бруквил,بروكفيل	40.81316	-73.56735	P	PPL	US		NY	059	56000		3566	72	76	America/New_York	2017-05-23
5110364	Broome Center	Broome Center	Broome Center,Broome Centre,Mackies Corners	42.46313	-74.35125	P	PPL	US		NY	095	28981		0	600	592	America/New_York	2017-05-23
5110375	Brothertown	Brothertown		42.94868	-75.42128	P	PPL	US		NY	065	45755		0	367	367	America/New_York	2017-05-23
5110387	Brown Center	Brown Center		43.16951	-76.03853	P	PPL	US		NY	067	15704		0	124	125	America/New_York	2017-05-23
5110420	Browns Corners	Browns Corners		44.29922	-75.85745	P	PPL	US		NY	045	01176		0	113	113	America/New_York	2017-05-23
5110425	Browns Crossing	Browns Crossing		42.24924	-77.45082	P	PPL	US		NY	101	12265		0	329	330	America/New_York	2017-05-23
5110430	Browns Hollow	Browns Hollow		42.80757	-74.5068	P	PPL	US		NY	057	63561		0	296	301	America/New_York	2017-05-23
5110445	Brownsell Corner	Brownsell Corner		41.16371	-73.9882	P	PPL	US		NY	087	15968		0	52	57	America/New_York	2017-05-23
5110446	Brownsville	Brownsville	Brown's Village,Brownsville	40.66094	-73.92014	P	PPL	US		NY	047			74497	9	10	America/New_York	2017-04-16
5110447	Brownsville	Brownsville	Brownsville,Brownville,Nortons Mills	43.01173	-77.36638	P	PPL	US		NY	069	25406		0	166	167	America/New_York	2017-05-23
5110448	Browntown	Browntown		42.02702	-77.05247	P	PPL	US		NY	101	12991		0	492	495	America/New_York	2017-05-23
5110449	Brownville	Brownville		44.007	-75.98409	P	PPL	US		NY	045	10242		1156	106	107	America/New_York	2017-05-23
5110450	Brownville	Brownville		41.79982	-74.38071	P	PPL	US		NY	111	78828		1023	256	261	America/New_York	2017-05-23
5110455	Bruceville	Bruceville		41.83148	-74.12153	P	PPL	US		NY	111	63737		0	43	43	America/New_York	2017-05-23
5110462	Brunswick	Brunswick	Brunswick,Platesville,brnzwk  nyw yark,brwnswyk,برنزوک، نیو یارک,برونسويك	42.73591	-73.5615	P	PPL	US		NY	083	10275		0	158	159	America/New_York	2017-05-23
5110463	Brunswick Center	Brunswick Center	Brunswick Center,Center Brunswick,Centre Brunswick	42.75702	-73.61623	P	PPL	US		NY	083	10275		0	173	170	America/New_York	2017-05-23
5110477	Brushton	Brushton	Brushs Mills,Brushton	44.83033	-74.51351	P	PPL	US		NY	033	47933		445	128	130	America/New_York	2017-05-23
5110484	Bruynswick	Bruynswick		41.65759	-74.22626	P	PPL	US		NY	111	66674		0	94	98	America/New_York	2017-05-23
5110500	Bryants Mill	Bryants Mill		44.68644	-74.11737	P	PPL	US		NY	033	05716		0	458	456	America/New_York	2017-05-23
5110502	Bryn Mawr Park	Bryn Mawr Park		40.94621	-73.86458	P	PPL	US		NY	119	84000		0	91	92	America/New_York	2017-05-23
5110506	Buchanan	Buchanan		41.26204	-73.93819	P	PPL	US		NY	119	18410		2268	12	19	America/New_York	2017-05-23
5110582	Buck Settlement	Buck Settlement		42.29118	-77.39998	P	PPL	US		NY	101	04770		0	447	449	America/New_York	2017-05-23
5110594	Buckhout Corners	Buckhout Corners	Buckhout Corners,Buckhouts Corners	41.13315	-73.81875	P	PPL	US		NY	119	55541		0	69	77	America/New_York	2017-05-23
5110596	Buckley Hollow	Buckley Hollow		42.40091	-75.66019	P	PPL	US		NY	017	68055		0	347	360	America/New_York	2017-05-23
5110601	Buckleyville	Buckleyville		42.34592	-73.60484	P	PPL	US		NY	021	28871		0	135	134	America/New_York	2017-05-23
5110603	Bucks Bridge	Bucks Bridge	Buck's Bridge,Bucks Bridge,Bucksbridge	44.70506	-75.15909	P	PPL	US		NY	089	59575		0	101	103	America/New_York	2017-05-23
5110609	Buckton	Buckton		44.73839	-74.78714	P	PPL	US		NY	089	71410		0	120	118	America/New_York	2017-05-23
5110614	Bucks Corner	Bucks Corner		42.68841	-73.43678	P	PPL	US		NY	083	06189		0	480	483	America/New_York	2017-05-23
5110615	Bucyrus Heights	Bucyrus Heights		43.03006	-78.79892	P	PPL	US		NY	029	02000		0	175	176	America/New_York	2017-05-23
5110624	Buel	Buel		42.84924	-74.65903	P	PPL	US		NY	057	12122		0	221	223	America/New_York	2017-05-23
5110627	Buellville	Buellville		42.98673	-75.94964	P	PPL	US		NY	067	59036		0	232	233	America/New_York	2017-05-23
5110628	Buena Vista	Buena Vista		42.30063	-77.50888	P	PPL	US		NY	101	35837		0	508	513	America/New_York	2017-05-23
5110629	Buffalo	Buffalo	BUF,Bafalas,Bafalo,Baffalo,Bufalo,Bufalum,Buffalo,Buffalo i New York,Bupalo,Búfalo,De-o-tro-weh,De-ose-lole,Gorad Bufala,Ne-o-thro-ra,New Amsterdam,Tick-e-ack-gou-ga,Tsistekeriia'kon:ke,Tsistekeriia'kón:ke,bafelo,baffalo,baffaro,baphalo,baphelo,beopeollo,bfylw  nyw yark,bupalo,bwfalw,bwfalw  nywywrk,bwfylw,pahpalo,shui niu cheng,Μπάφαλο,Бафало,Баффало,Буфало,Буффало,Бъфало,Горад Буфала,Բուֆֆալո,באפאלא,באפלו,بفیلو، نیو یارک,بوفالو,بوفالو، نیویورک,بوفیلو,बफ़ेलो,बफेलो,பஃபலோ,బఫెలో,ಬಫಲೋ,บัฟฟาโล,ბუფალო,バッファロー,水牛城,버펄로	42.88645	-78.87837	P	PPLA2	US		NY	029	11000		258071	183	191	America/New_York	2017-05-23
5110632	Buffalo Corners	Buffalo Corners		42.77812	-78.00779	P	PPL	US		NY	121	57254		0	426	426	America/New_York	2017-05-23
5110665	Bull Hill	Bull Hill		43.26396	-74.90988	P	PPL	US		NY	043	54507		0	437	439	America/New_York	2017-05-23
5110671	Bull Mine	Bull Mine		41.3662	-74.1957	P	PPL	US		NY	071	07003		0	170	174	America/New_York	2017-05-23
5110677	Bull Run	Bull Run		41.91398	-74.44543	P	PPL	US		NY	111	20247		0	353	364	America/New_York	2017-05-23
5110683	Bullet Hole	Bullet Hole		41.39037	-73.7893	P	PPL	US		NY	079	12529		0	203	207	America/New_York	2017-05-23
5110717	Bulls Head	Bulls Head	Bull's Head,Bulls Head,Bullshead	41.90481	-73.78791	P	PPL	US		NY	027	16408		0	147	152	America/New_York	2017-05-23
5110718	Bulls Head	Bulls Head		40.60705	-74.16209	P	PPL	US		NY	085			0	9	10	America/New_York	2006-01-15
5110720	Bullville	Bullville		41.54426	-74.36154	P	PPL	US		NY	071	18916		0	157	159	America/New_York	2017-05-23
5110721	Bulsontown	Bulsontown		41.26037	-74.01653	P	PPL	US		NY	087	71674		0	130	133	America/New_York	2017-05-23
5110731	Bundy Crossing	Bundy Crossing	Bundy Crossing,Bundy's Crossing	43.38312	-76.44522	P	PPL	US		NY	075	77662		0	116	119	America/New_York	2017-05-23
5110734	Bunker	Bunker		42.80618	-76.64661	P	PPL	US		NY	011	41740		0	260	257	America/New_York	2017-05-23
5110757	Burdett	Burdett		42.42007	-76.84885	P	PPL	US		NY	097	33073		326	298	302	America/New_York	2017-05-23
5110760	Burdick Crossing	Burdick Crossing		43.98561	-73.42512	P	PPL	US		NY	031	19246		0	47	44	America/New_York	2017-05-23
5110771	Burden	Burden		42.15898	-73.82735	P	PPL	US		NY	021	42917		0	73	74	America/New_York	2017-05-23
5110774	Burgoyne	Burgoyne		43.0898	-73.66262	P	PPL	US		NY	091	65244		0	67	72	America/New_York	2017-05-23
5110776	Burk Hill	Burk Hill		42.77812	-78.02612	P	PPL	US		NY	121	57254		0	458	455	America/New_York	2017-05-23
5110777	Burke Center	Burke Center	Burke Center,West Chauteaugay	44.91893	-74.17962	P	PPL	US		NY	033	11165		0	221	215	America/New_York	2017-05-23
5110786	Burke	Burke	Andrusville,Berk,Burke,The Hollow,Берк	44.90477	-74.16934	P	PPL	US		NY	033	11165		207	263	262	America/New_York	2017-05-23
5110787	Burlingham	Burlingham		41.59009	-74.3821	P	PPL	US		NY	105	44809		0	122	125	America/New_York	2017-05-23
5110788	Burlington	Burlington	Burlington,Burlington Green	42.72285	-75.12544	P	PPL	US		NY	077	11209		0	468	468	America/New_York	2017-05-23
5110790	Burlington Flats	Burlington Flats		42.74535	-75.18294	P	PPL	US		NY	077	11209		0	393	396	America/New_York	2017-05-23
5110793	Burma Woods	Burma Woods		43.182	-78.25419	P	PPL	US		NY	073	04572		0	211	209	America/New_York	2017-05-23
5110802	Burnhams	Burnhams		42.33561	-79.3231	P	PPL	US		NY	013	71476		0	406	412	America/New_York	2017-05-23
5110813	Burnside	Burnside	Burnside,Otterville	41.45676	-74.20876	P	PPL	US		NY	071	31907		0	105	107	America/New_York	2017-05-23
5110816	Burns	Burns	Burns,Burns Station,DeWittsburgh,DeWittsville	42.42979	-77.72499	P	PPL	US		NY	003	11253		0	365	367	America/New_York	2017-05-23
5110829	Burnt Hills	Burnt Hills	Burnt Hills,Burnthills	42.9098	-73.89512	P	PPL	US		NY	091	04220		0	124	127	America/New_York	2017-05-23
5110863	Burnwood	Burnwood		41.94675	-75.06044	P	PPL	US		NY	025	31951		0	413	415	America/New_York	2017-05-23
5110873	Burrs Mills	Burrs Mills	Burr Mills,Burr's Mills,Burrs Mills,Burrville	43.93284	-75.85881	P	PPL	US		NY	045	78619		0	240	239	America/New_York	2017-05-23
5110875	Burt	Burt	Burt,Newfane Station	43.31644	-78.71392	P	PPL	US		NY	063	50232		0	96	97	America/New_York	2017-05-23
5110886	Burtonsville	Burtonsville		42.80507	-74.2593	P	PPL	US		NY	057	13816		0	157	157	America/New_York	2017-05-23
5110894	Bush Corner	Bush Corner		42.90451	-77.52027	P	PPL	US		NY	069	79356		0	291	295	America/New_York	2017-05-23
5110906	Bushes Landing	Bushes Landing		43.77757	-75.40907	P	PPL	US		NY	049	78729		0	233	234	America/New_York	2017-05-23
5110907	Bushnell Basin	Bushnell Basin	Bushnell Basin,Bushnell's Basin,Bushnells Basin,Hartwell's Basin	43.05951	-77.47416	P	PPL	US		NY	055	57221		0	143	144	America/New_York	2017-05-23
5110912	Bushnellsville	Bushnellsville		42.15342	-74.41487	P	PPL	US		NY	111	66597		0	447	458	America/New_York	2017-05-23
5110915	Bushville	Bushville		43.002	-78.25835	P	PPL	US		NY	037	04726		0	265	266	America/New_York	2017-05-23
5110916	Bushville	Bushville		41.37259	-74.56988	P	PPL	US		NY	071	30631		0	280	281	America/New_York	2017-05-23
5110917	Bushville	Bushville		41.71509	-74.746	P	PPL	US		NY	105	06310		0	363	366	America/New_York	2017-05-23
5110918	Bushwick	Bushwick	Boswijck,Bushuik,Bushwick,Bushwyck,bu xi wei ke,bwswwyq,Бушуик,בושוויק,布希維克	40.69427	-73.91875	P	PPL	US		NY	047			112620	11	11	America/New_York	2017-04-16
5110921	Bushwick Junction	Bushwick Junction		40.71538	-73.90819	P	PPL	US		NY	081			0	22	22	America/New_York	2006-01-15
5110925	Buskirk	Buskirk	Buskirk,Buskirk Bridge,Buskirk's Bridge	42.95369	-73.43428	P	PPL	US		NY	083	35463		0	111	117	America/New_York	2017-05-23
5110928	Busti	Busti	Busti,Busti Corners	42.03811	-79.28338	P	PPL	US		NY	013	11451		391	416	418	America/New_York	2017-05-23
5110931	Butcher Corner	Butcher Corner		42.35035	-77.57721	P	PPL	US		NY	101	35837		0	581	583	America/New_York	2017-05-23
5110936	Butler Center	Butler Center	Butler Center,Butler Centre	43.16868	-76.77134	P	PPL	US		NY	117	11473		0	122	127	America/New_York	2017-05-23
5110948	Butlerville	Butlerville		41.34926	-73.67235	P	PPL	US		NY	119	68308		0	89	95	America/New_York	2017-05-23
5110988	Butternut Grove	Butternut Grove		41.95731	-74.99044	P	PPL	US		NY	025	16793		0	355	355	America/New_York	2017-05-23
5110995	Butterville	Butterville		43.84256	-76.10409	P	PPL	US		NY	045	34055		0	144	146	America/New_York	2017-05-23
5110996	Butterville	Butterville		41.7612	-74.11876	P	PPL	US		NY	111	50562		0	84	87	America/New_York	2017-05-23
5111000	Button City	Button City		42.72174	-75.32489	P	PPL	US		NY	017	17486		0	387	393	America/New_York	2017-05-23
5111008	Butts Corner	Butts Corner		42.47563	-74.82127	P	PPL	US		NY	025	19763		0	401	400	America/New_York	2017-05-23
5111010	Byersville	Byersville		42.5834	-77.79083	P	PPL	US		NY	051	81006		47	414	414	America/New_York	2017-05-23
5111012	Byrdcliffe	Byrdcliffe		42.05259	-74.14653	P	PPL	US		NY	111	83052		0	268	277	America/New_York	2017-05-23
5111015	Byron	Byron		43.07978	-78.0639	P	PPL	US		NY	037	11572		0	189	189	America/New_York	2017-05-23
5111035	Cadiz	Cadiz		42.32062	-78.46724	P	PPL	US		NY	009	27342		0	482	482	America/New_York	2017-05-23
5111038	Cadosia	Cadosia	Cadosia,Cadosia Valley	41.97592	-75.26684	P	PPL	US		NY	025	31951		0	296	298	America/New_York	2017-05-23
5111044	Cadyville	Cadyville		44.6981	-73.63153	P	PPL	US		NY	019	58585		0	227	229	America/New_York	2017-05-23
5111051	Cagwin Corners	Cagwin Corners		43.14979	-75.57546	P	PPL	US		NY	065	77178		0	143	144	America/New_York	2017-05-23
5111054	Cahoonzie	Cahoonzie	Cahoonzie,Pleasant Valley	41.45009	-74.71211	P	PPL	US		NY	071	19961		0	309	321	America/New_York	2017-05-23
5111056	Cairo	Cairo	Cairo,Shingle Kill	42.29897	-73.99847	P	PPL	US		NY	039	11649		1402	114	118	America/New_York	2017-05-23
5111057	Cairo Junction	Cairo Junction		42.25314	-73.96652	P	PPL	US		NY	039	13013		0	104	109	America/New_York	2017-05-23
5111061	Cains Corners	Cains Corners		43.30535	-76.59689	P	PPL	US		NY	075	32028		0	108	109	America/New_York	2017-05-23
5111065	Calcium	Calcium	Calcium,Sandfords Corners,Sanford Corners	44.02173	-75.84604	P	PPL	US		NY	045	42015		3491	143	144	America/New_York	2017-05-23
5111066	Calcutta	Calcutta		42.63285	-74.67626	P	PPL	US		NY	077	83129		0	464	461	America/New_York	2017-05-23
5111073	Caledonia	Caledonia	Caledonia,De-o-na-ga-no,Deonegano,Dynneganooh,Dyu-ne-ga-nooh,Kaledonija,Каледония	42.97312	-77.85278	P	PPL	US		NY	051	11715		2146	201	201	America/New_York	2017-05-23
5111096	Callanans Corners	Callanans Corners	Callanan's Corners,Callanans Corners	42.53258	-73.88457	P	PPL	US		NY	001	16694		0	106	109	America/New_York	2017-05-23
5111097	Callicoon	Callicoon	Callicoon,Callicoon Depot	41.76731	-75.05628	P	PPL	US		NY	105	20104		167	258	259	America/New_York	2017-05-23
5111098	Callicoon Center	Callicoon Center	Callicoon Center,Thurmanville	41.83676	-74.94655	P	PPL	US		NY	105	11759		0	382	388	America/New_York	2017-05-23
5111137	Calverton	Calverton	Baiting Hollow Station,CTO,Calverton,Conungam,Hulse's Turnout	40.90649	-72.74343	P	PPL	US		NY	103	61984		6510	9	11	America/New_York	2017-05-23
5111140	Cambria Center	Cambria Center		43.17783	-78.81948	P	PPL	US		NY	063	11803		0	145	148	America/New_York	2017-05-23
5111141	Cambria Heights	Cambria Heights		40.69455	-73.73847	P	PPL	US		NY	081			20287	15	16	America/New_York	2017-04-16
5111144	Cambridge	Cambridge	Cambridge,Dorr's Corners,Kembridzh,North White Creek,Кембридж	43.02813	-73.38122	P	PPL	US		NY	115	81578		1830	149	151	America/New_York	2017-05-23
5111147	Camby	Camby		41.72593	-73.66402	P	PPL	US		NY	027	76166		0	286	287	America/New_York	2017-05-23
5111148	Camden	Camden	Camden,Hestayuntwa,Ho-sta-yun-twa	43.33451	-75.74796	P	PPL	US		NY	065	11858		2202	153	158	America/New_York	2017-05-23
5111163	Cameron	Cameron		42.19924	-77.40637	P	PPL	US		NY	101	11880		0	326	327	America/New_York	2017-05-23
5111170	Cameron Mills	Cameron Mills	Cameron Mills,Hubbardsville	42.18035	-77.36359	P	PPL	US		NY	101	60653		0	315	316	America/New_York	2017-05-23
5111243	Camp Hill	Camp Hill		41.18648	-74.05375	P	PPL	US		NY	087	60510		0	166	171	America/New_York	2017-05-23
5111259	Camp Lakeland	Camp Lakeland		42.66784	-79.06004	P	PPL	US		NY	029	24801		0	177	184	America/New_York	2017-05-23
5111290	Camp Pioneer	Camp Pioneer		42.63311	-79.08087	P	PPL	US		NY	029	24801		0	184	190	America/New_York	2017-05-23
5111346	Campbell	Campbell		42.80562	-75.61713	P	PPL	US		NY	053	41674		0	445	452	America/New_York	2017-05-23
5111347	Campbell	Campbell		42.23313	-77.19747	P	PPL	US		NY	101	11946		713	309	312	America/New_York	2017-05-23
5111354	Campbell Hall Junction	Campbell Hall Junction		41.46037	-74.26098	P	PPL	US		NY	071	31907		0	122	125	America/New_York	2017-05-23
5111356	Campbell Hall	Campbell Hall		41.45537	-74.26265	P	PPL	US		NY	071	31907		0	122	123	America/New_York	2017-05-23
5111369	Camps Mills	Camps Mills		43.93673	-76.07131	P	PPL	US		NY	045	35782		0	118	117	America/New_York	2017-05-23
5111371	Campville	Campville	Campville,East Owego	42.08757	-76.14882	P	PPL	US		NY	107	55893		0	256	258	America/New_York	2017-05-23
5111372	Camroden	Camroden		43.25285	-75.35517	P	PPL	US		NY	065	26385		0	263	262	America/New_York	2017-05-23
5111373	Canaan	Canaan	Canaan,Kings District	42.41203	-73.44706	P	PPL	US		NY	021	12056		0	259	258	America/New_York	2017-05-23
5111375	Canaan Center	Canaan Center	Canaan Center,Canaan Centre	42.38647	-73.45511	P	PPL	US		NY	021	12056		0	271	273	America/New_York	2017-05-23
5111389	Canada Lake	Canada Lake		43.17424	-74.51153	P	PPL	US		NY	035	12573		0	473	475	America/New_York	2017-05-23
5111397	Canadice Corners	Canadice Corners	Canada Corners,Canadice,Canadice Corners	42.73701	-77.54166	P	PPL	US		NY	069	12100		0	477	478	America/New_York	2017-05-23
5111398	Canajoharie	Canajoharie	Canajoharie,Kana'tsiohare,Kana'tsióhare	42.90563	-74.57181	P	PPL	US		NY	057	12122		2163	94	96	America/New_York	2017-05-23
5111405	Canandaigua	Canandaigua	Canandaigua,Ga-noon-daa-gwah,Kanandejgva,Konondiagou,kaeneondaigwa,kanandeigua,kanandy gwa  nywywrk,kanandyajw,Канандејгва,Конондиагоу,كاناندياجو,کاناندی گوا، نیویورک,カナンデイグア,캐넌다이과	42.87423	-77.28804	P	PPLA2	US		NY	069	12144		10431	240	243	America/New_York	2017-05-23
5111412	Canarsie	Canarsie		40.64372	-73.90069	P	PPL	US		NY	047			87366	6	6	America/New_York	2017-04-16
5111425	Canaseraga	Canaseraga	Canaseraga,Whitney Valley	42.46146	-77.77694	P	PPL	US		NY	003	11253		524	381	383	America/New_York	2017-05-23
5111427	Canastota	Canastota	kanastwta,كاناستوتا	43.07951	-75.75074	P	PPL	US		NY	053	41905		4661	131	131	America/New_York	2017-05-23
5111431	Canawaugus	Canawaugus		42.92701	-77.77945	P	PPL	US		NY	051	11715		0	180	179	America/New_York	2017-05-23
5111436	Candor	Candor	Candor,Candor Centre,Candor Corners	42.23285	-76.34244	P	PPL	US		NY	107	12221		815	275	276	America/New_York	2017-05-23
5111439	Caneadea	Caneadea	Caneadea,Ga-o-ya-de-o	42.38645	-78.15362	P	PPL	US		NY	003	12243		0	382	380	America/New_York	2017-05-23
5111449	Canisteo	Canisteo		42.27035	-77.60582	P	PPL	US		NY	101	12265		2204	346	348	America/New_York	2017-05-23
5111450	Canisteo Center	Canisteo Center		42.26563	-77.57888	P	PPL	US		NY	101	12265		0	349	352	America/New_York	2017-05-23
5111463	Canoe Hill	Canoe Hill		42.09315	-73.93986	P	PPL	US		NY	111	65299		0	55	60	America/New_York	2017-05-23
5111466	Canoe Place	Canoe Place		40.88899	-72.50398	P	PPL	US		NY	103	68473		0	8	9	America/New_York	2017-05-23
5111469	Canoga	Canoga		42.8534	-76.74856	P	PPL	US		NY	099	25505		0	137	140	America/New_York	2017-05-23
5111472	Canoga Springs	Canoga Springs		42.85118	-76.76662	P	PPL	US		NY	099	25505		0	138	137	America/New_York	2017-05-23
5111478	Canterbury Hill	Canterbury Hill		43.25674	-75.41545	P	PPL	US		NY	065	63418		0	180	181	America/New_York	2017-05-23
5111484	Canton	Canton	Canton,New Cairo	44.59562	-75.16909	P	PPLA2	US		NY	089	12342		6570	115	113	America/New_York	2017-05-23
5111490	Cape Vincent	Cape Vincent	Cape Vincent,Gravelly Point	44.12783	-76.333	P	PPL	US		NY	045	12364		741	80	84	America/New_York	2017-05-23
5111510	Cardiff	Cardiff		42.88979	-76.14326	P	PPL	US		NY	067	40266		0	186	190	America/New_York	2017-05-23
5111517	Cards Corners	Cards Corners		42.98923	-76.25048	P	PPL	US		NY	067	54958		0	281	282	America/New_York	2017-05-23
5111518	Cardtown	Cardtown		42.64424	-75.24572	P	PPL	US		NY	077	58343		0	401	405	America/New_York	2017-05-23
5111521	Carey Corners	Carey Corners		42.56979	-76.34271	P	PPLL	US		NY	109	30972		0	384	381	America/New_York	2017-05-23
5111526	Careys Corners	Careys Corners		43.14729	-75.29545	P	PPL	US		NY	065	45535		0	133	138	America/New_York	2017-05-23
5111533	Carle Place	Carle Place		40.7526	-73.61041	P	PPL	US		NY	059	53000		4981	31	34	America/New_York	2017-05-23
5111536	Carley Mills	Carley Mills		43.37868	-76.12131	P	PPL	US		NY	075	32688		0	134	136	America/New_York	2017-05-23
5111542	Carlisle Center	Carlisle Center	Carlisle Center,Carlisle Centre	42.7248	-74.42791	P	PPL	US		NY	095	12452		0	390	387	America/New_York	2017-05-23
5111543	Carlisle Gardens	Carlisle Gardens		43.17922	-78.65586	P	PPL	US		NY	063	43093		0	193	195	America/New_York	2017-05-23
5111547	Carlisle	Carlisle		42.75702	-74.44569	P	PPL	US		NY	095	12452		0	391	394	America/New_York	2017-05-23
5111549	Carlton	Carlton	Carlton,Carlton Station,Oak Orchard,Two Bridges	43.32784	-78.19085	P	PPL	US		NY	073	12496		0	105	109	America/New_York	2017-05-23
5111554	Carman	Carman		42.77063	-73.93346	P	PPL	US		NY	093	63935		0	107	108	America/New_York	2017-05-23
5111561	Carmel Hills	Carmel Hills		41.40454	-73.67069	P	PPL	US		NY	079	12529		0	168	172	America/New_York	2017-05-23
5111563	Carmel Park Estates	Carmel Park Estates		41.49204	-73.73485	P	PPL	US		NY	079	39331		0	269	276	America/New_York	2017-05-23
5111569	Carmichael Hill	Carmichael Hill		43.33924	-75.33795	P	PPL	US		NY	065	79862		0	257	256	America/New_York	2017-05-23
5111571	Carnegie	Carnegie		42.74728	-78.84531	P	PPL	US		NY	029	31654		0	227	230	America/New_York	2017-05-23
5111576	Carmel	Carmel	Karmel',kameru,karml,karml  nyw yark,Кармель,كارمل,کارمل، نیو یارک,カーメル	41.43009	-73.68013	P	PPLA2	US		NY	079	12529		4800	171	175	America/New_York	2017-05-23
5111581	Caroline	Caroline		42.37118	-76.39966	P	PPL	US		NY	109	12606		0	295	296	America/New_York	2017-05-23
5111582	Caroline	Caroline		42.37841	-76.29549	P	PPL	US		NY	109	12606		0	388	390	America/New_York	2017-05-23
5111583	Caroline Center	Caroline Center	Caroline Center,Caroline Centre,Centerville	42.35202	-76.31855	P	PPL	US		NY	109	12606		0	485	490	America/New_York	2017-05-23
5111595	Caroline Depot	Caroline Depot		42.37007	-76.40355	P	PPL	US		NY	109	12606		0	299	304	America/New_York	2017-05-23
5111618	Carpenters Corners	Carpenters Corners		43.21868	-74.15402	P	PPL	US		NY	035	51407		0	289	288	America/New_York	2017-05-23
5111619	Carroll	Carroll		42.00645	-78.32779	P	PPL	US		NY	009	59509		0	437	441	America/New_York	2017-05-23
5111629	Carrollton	Carrollton	Carrollton,Carrolton	42.1084	-78.6517	P	PPL	US		NY	009			0	426	427	America/New_York	2006-01-15
5111654	Carterville	Carterville		43.33951	-75.89269	P	PPL	US		NY	075	01649		0	174	173	America/New_York	2017-05-23
5111656	Carthage	Carthage	Carthage,Kartidz,Long Falls,karthagh,Картиџ,كارثاغ,کارتھیج، نیو یارک	43.97812	-75.60936	P	PPL	US		NY	045	82348		3591	234	234	America/New_York	2017-05-23
5111671	Cascade	Cascade		42.75535	-76.47327	P	PPL	US		NY	011	77024		0	226	233	America/New_York	2017-05-23
5111685	Cascade Valley	Cascade Valley		42.0023	-75.57907	P	PPL	US		NY	007	82535		0	347	352	America/New_York	2017-05-23
5111703	Casowasco	Casowasco	Cascowasco,Casowasco,Casowosco	42.7834	-76.49383	P	PPL	US		NY	011	65816		0	219	236	America/New_York	2017-05-23
5111713	Cassadaga	Cassadaga		42.34422	-79.30949	P	PPL	US		NY	013	71476		611	408	412	America/New_York	2017-05-23
5111719	Cassville	Cassville	Cassville,Frog Hill,Paris Hollow,Toad Holler	42.9459	-75.25433	P	PPL	US		NY	065	56330		0	378	381	America/New_York	2017-05-23
5111721	Castile	Castile	Castile,Castle,Oak Hill,Wolf Creek	42.62895	-78.05445	P	PPL	US		NY	121	12782		986	413	413	America/New_York	2017-05-23
5111726	Castle Creek	Castle Creek		42.22758	-75.91825	P	PPL	US		NY	007	15110		0	320	320	America/New_York	2017-05-23
5111744	Castleton Corners	Castleton Corners	Castleton Corners,Centerville,Centreville,Four Corners	40.61316	-74.12236	P	PPL	US		NY	085			0	52	56	America/New_York	2006-01-15
5111745	Castleton-on-Hudson	Castleton-on-Hudson	Castleton,Castleton-on-Hudson,Morriches Hastie	42.51841	-73.75123	P	PPL	US		NY	083	65541		1473	46	44	America/New_York	2017-05-23
5111751	Castorland	Castorland		43.8884	-75.5113	P	PPL	US		NY	049	20214		348	226	228	America/New_York	2017-05-23
5111754	Cat Elbow Corner	Cat Elbow Corner		42.54424	-76.84857	P	PPL	US		NY	099	43225		0	330	337	America/New_York	2017-05-23
5111760	Castle Point	Castle Point		41.5462	-73.95958	P	PPL	US		NY	027	78157		0	54	57	America/New_York	2017-05-23
5111792	Catatonk	Catatonk	Catatonk,Catatunk	42.15702	-76.30743	P	PPL	US		NY	107	12221		0	260	261	America/New_York	2017-05-23
5111796	Catfish Corners	Catfish Corners	Catfish,Catfish Corners	43.37007	-76.20687	P	PPL	US		NY	075	56154		0	148	148	America/New_York	2017-05-23
5111798	Catawba	Catawba		42.49563	-77.15997	P	PPL	US		NY	101	59982		0	218	229	America/New_York	2017-05-23
5111801	Catharine	Catharine	Catharine,Catharines	42.31285	-76.78468	P	PPL	US		NY	097	12914		0	359	364	America/New_York	2017-05-23
5111814	Catherineville	Catherineville		44.6295	-74.76714	P	PPL	US		NY	089	35595		0	352	353	America/New_York	2017-05-23
5111822	Catlin Hill	Catlin Hill		42.1048	-76.33771	P	PPL	US		NY	107	73968		0	381	383	America/New_York	2017-05-23
5111824	Cato	Cato	Cato,Jakway's Corners	43.16812	-76.573	P	PPL	US		NY	011	37660		521	140	140	America/New_York	2017-05-23
5111830	Cator Corners	Cator Corners		43.09395	-77.30193	P	PPL	US		NY	117	44160		0	159	162	America/New_York	2017-05-23
5111833	Catskill	Catskill	Catskill,Catskill Landing,qryt katskyl,قرية كاتسكيل	42.21731	-73.86457	P	PPLA2	US		NY	039	13013		3874	13	17	America/New_York	2017-05-23
5111849	Cattaraugus	Cattaraugus	Cattaraugus,Ga-da-ges-ga-o,Gah-ta-ra-ke-ras	42.32923	-78.86809	P	PPL	US		NY	009	49880		937	419	422	America/New_York	2017-05-23
5111853	Cattown	Cattown		42.73035	-75.00293	P	PPL	US		NY	077	55695		0	390	393	America/New_York	2017-05-23
5111855	Caughdenoy	Caughdenoy	Caughdenoy,Coughdenoy	43.27257	-76.20715	P	PPL	US		NY	075	32688		0	116	119	America/New_York	2017-05-23
5111860	Cauterskill	Cauterskill		42.22009	-73.89124	P	PPL	US		NY	039	13013		0	11	16	America/New_York	2017-05-23
5111871	Cayuga	Cayuga		42.91896	-76.72634	P	PPL	US		NY	011	03166		527	147	150	America/New_York	2017-05-23
5111874	Cayuga Heights	Cayuga Heights		42.4601	-76.48776	P	PPL	US		NY	109	38088		3822	240	249	America/New_York	2017-05-23
5111875	Cayuga Junction	Cayuga Junction		42.86979	-76.70495	P	PPL	US		NY	011	70376		0	119	119	America/New_York	2017-05-23
5111880	Cayuta	Cayuta	Cayuta,West Cayuta	42.28174	-76.69689	P	PPL	US		NY	097	13112		0	336	339	America/New_York	2017-05-23
5111884	Cayutaville	Cayutaville		42.3898	-76.69717	P	PPL	US		NY	097	12914		0	430	432	America/New_York	2017-05-23
5111885	Caywood	Caywood		42.56535	-76.86385	P	PPL	US		NY	099	43225		0	260	258	America/New_York	2017-05-23
5111886	Cazenovia	Cazenovia	Kazenovija,kazynwfya,Казеновија,كازينوفيا	42.93007	-75.85269	P	PPL	US		NY	053	13156		2855	373	374	America/New_York	2017-05-23
5111892	Cecil Park	Cecil Park		40.9751	-73.81847	P	PPL	US		NY	119	84000		0	39	45	America/New_York	2017-05-23
5111899	Cedar Bluffs	Cedar Bluffs		43.03924	-73.71317	P	PPL	US		NY	091	65244		0	66	67	America/New_York	2017-05-23
5111907	Cedar Flats	Cedar Flats		41.24093	-74.02403	P	PPL	US		NY	087	71674		0	69	73	America/New_York	2017-05-23
5111910	Cedar Hill	Cedar Hill		42.54452	-73.77346	P	PPL	US		NY	001	06354		0	33	41	America/New_York	2017-05-23
5111930	Cedar Knolls	Cedar Knolls		40.94815	-73.84041	P	PPL	US		NY	119	84000		0	45	52	America/New_York	2017-05-23
5111932	Cedar Lake	Cedar Lake		42.95813	-75.17933	P	PPL	US		NY	043	42664		0	406	403	America/New_York	2017-05-23
5111935	Cedar Cliff	Cedar Cliff	Cedar Cliff,Cedarcliff,Hampton	41.58648	-73.95958	P	PPL	US		NY	071	50045		0	2	4	America/New_York	2017-05-23
5111937	Cedar Manor	Cedar Manor		40.69066	-73.79041	P	PPL	US		NY	081			0	10	10	America/New_York	2006-01-15
5111963	Cedar Swamp	Cedar Swamp		43.0259	-77.63028	P	PPL	US		NY	055	34099		0	184	188	America/New_York	2017-05-23
5111974	Cedarhurst	Cedarhurst	Cedarhurst,Ocean Point,Sidarkherst,sydarhwrst,Сидархерст,سيدارهورست	40.62288	-73.7243	P	PPL	US		NY	059	34000		6682	8	10	America/New_York	2017-05-23
5111977	Cedars	Cedars	Cedars,Cedars on Black Lake,The Cedars	44.49117	-75.63662	P	PPL	US		NY	089	48582		0	95	96	America/New_York	2017-05-23
5111979	Cedarvale	Cedarvale		42.9659	-76.24937	P	PPL	US		NY	067	54958		0	185	192	America/New_York	2017-05-23
5111981	Cedarville	Cedarville		42.93063	-75.11266	P	PPL	US		NY	043	17431		0	371	371	America/New_York	2017-05-23
5111982	Cedarville Station	Cedarville Station		42.90285	-75.12072	P	PPL	US		NY	043	82568		0	391	392	America/New_York	2017-05-23
5111986	Cedarcrest	Cedarcrest		42.80562	-77.70055	P	PPL	US		NY	051	42961		0	262	263	America/New_York	2017-05-23
5111990	Celoron	Celoron		42.1095	-79.2831	P	PPL	US		NY	013	23998		1070	402	407	America/New_York	2017-05-23
5111994	Cementon	Cementon	Cementon,Smith Landing,Smith's Landing	42.13509	-73.92458	P	PPL	US		NY	039	13013		0	29	27	America/New_York	2017-05-23
5112002	Centenary	Centenary		41.17787	-73.96569	P	PPL	US		NY	087	15968		0	51	52	America/New_York	2017-05-23
5112009	Center Berlin	Center Berlin	Berlin Centre,Center Berlin,Centre Berlin	42.66091	-73.36872	P	PPL	US		NY	083	06189		0	294	295	America/New_York	2017-05-23
5112014	Center Cambridge	Center Cambridge	Center Cambridge,Centre Cambridge	42.9948	-73.45595	P	PPL	US		NY	115	11836		0	190	192	America/New_York	2017-05-23
5112015	Center Falls	Center Falls		43.09924	-73.45845	P	PPL	US		NY	115	30686		0	112	113	America/New_York	2017-05-23
5112019	Center Lisle	Center Lisle	Center Lisle,Centre Lisle,Yorkshire	42.35841	-76.06159	P	PPL	US		NY	007	42653		0	330	330	America/New_York	2017-05-23
5112020	Center Moriches	Center Moriches	Center Moriches,Centre Moriches	40.80038	-72.78982	P	PPL	US		NY	103	10000		7580	8	9	America/New_York	2017-05-23
5112029	Center Valley	Center Valley	Center Valley,Centre Valley	42.75785	-74.6857	P	PPL	US		NY	077	15253		0	499	506	America/New_York	2017-05-23
5112032	Center Village	Center Village	Center Village,Centre Village	42.16758	-75.61324	P	PPL	US		NY	007	17046		0	294	299	America/New_York	2017-05-23
5112035	Centereach	Centereach	Centereach,New Village	40.85843	-73.09955	P	PPL	US		NY	103	10000		31578	30	32	America/New_York	2017-05-23
5112037	Centerport	Centerport		43.0409	-76.59272	P	PPL	US		NY	011	46602		5457	128	128	America/New_York	2017-05-23
5112038	Centerport	Centerport	Centerport,Centreport,Little Cow Harbor	40.88538	-73.37623	P	PPL	US		NY	103	37000		5508	15	22	America/New_York	2017-05-23
5112042	Centerville	Centerville	Centerville,Centreville,The Center	42.47979	-78.24973	P	PPL	US		NY	003	13475		0	536	541	America/New_York	2017-05-23
5112043	Centerville	Centerville	Centerville,Linden	42.01509	-75.13183	P	PPL	US		NY	025	31951		0	315	319	America/New_York	2017-05-23
5112044	Centerville	Centerville	Centerville,New Centerville	43.54785	-76.04437	P	PPL	US		NY	075	01055		0	167	170	America/New_York	2017-05-23
5112045	Centerville	Centerville		40.96954	-72.69176	P	PPL	US		NY	103	61984		0	31	34	America/New_York	2017-05-23
5112046	Centerville	Centerville		42.08426	-74.01319	P	PPL	US		NY	111	65299		0	86	87	America/New_York	2017-05-23
5112051	Central Bridge	Central Bridge		42.71119	-74.33874	P	PPL	US		NY	095	65596		593	189	191	America/New_York	2017-05-23
5112078	Central Islip	Central Islip		40.79065	-73.20178	P	PPL	US		NY	103	38000		34450	27	28	America/New_York	2017-05-23
5112084	Central Nyack	Central Nyack		41.09399	-73.95014	P	PPL	US		NY	087	15968		0	19	26	America/New_York	2017-05-23
5112091	Center White Creek	Center White Creek	Center White Creek,Centre White Creek	42.97036	-73.37761	P	PPL	US		NY	115	81578		0	136	137	America/New_York	2017-05-23
5112160	Central Square	Central Square		43.28674	-76.14604	P	PPL	US		NY	075	32688		1813	137	138	America/New_York	2017-05-23
5112162	Central Valley	Central Valley		41.33176	-74.12098	P	PPL	US		NY	071	82755		1810	159	162	America/New_York	2017-05-23
5112166	Centralia	Centralia		42.25867	-79.34782	P	PPL	US		NY	013	71476		0	413	414	America/New_York	2017-05-23
5112169	Centre Island	Centre Island		40.90177	-73.51985	P	PPL	US		NY	059	56000		409	10	15	America/New_York	2017-05-23
5112177	Ceres	Ceres		41.99951	-78.2689	P	PPL	US		NY	003	28563		0	443	444	America/New_York	2017-05-23
5112178	Chace	Chace		42.66534	-78.06584	P	PPL	US		NY	121	12782		0	424	424	America/New_York	2017-05-23
5112181	Chadwicks	Chadwicks	Chadwick's Mills,Chadwicks,Chadwicks Mills	43.02785	-75.27155	P	PPL	US		NY	065	50309		1506	216	216	America/New_York	2017-05-23
5112182	Chaffee	Chaffee	Cahfee,Chaffee	42.56812	-78.47891	P	PPL	US		NY	029	65277		0	445	448	America/New_York	2017-05-23
5112203	Chambers	Chambers		42.2623	-76.95663	P	PPL	US		NY	015	12947		0	367	369	America/New_York	2017-05-23
5112211	Champion	Champion		43.96229	-75.6902	P	PPL	US		NY	045	13717		0	304	301	America/New_York	2017-05-23
5112215	Champlain	Champlain		44.98643	-73.44653	P	PPL	US		NY	019	13750		1074	32	31	America/New_York	2017-05-23
5112244	Chapin	Chapin	Chapin,Chapinville	42.91868	-77.2347	P	PPL	US		NY	069	35551		0	214	217	America/New_York	2017-05-23
5112249	Chapinville	Chapinville		42.73507	-75.18238	P	PPL	US		NY	077	11209		0	379	380	America/New_York	2017-05-23
5112259	Chappaqua	Chappaqua	Chapakva,Чапаква	41.15954	-73.76485	P	PPL	US		NY	119	50078		1436	150	150	America/New_York	2017-05-23
5112276	Charleston	Charleston	Charleston,Rider's Corners	42.84591	-74.34124	P	PPL	US		NY	057	13816		0	347	345	America/New_York	2017-05-23
5112277	Charleston	Charleston	Androvetteville,Charleston,Charlestown,Kreischerville	40.53677	-74.23737	P	PPL	US		NY	085			1567	22	25	America/New_York	2017-04-16
5112279	Charleston Four Corners	Charleston Four Corners		42.80285	-74.39902	P	PPL	US		NY	057	13816		0	333	334	America/New_York	2017-05-23
5112281	Charlesworth Corners	Charlesworth Corners		42.96646	-74.68598	P	PPL	US		NY	057	47614		0	230	230	America/New_York	2017-05-23
5112286	Charlotte	Charlotte	Charlotte,Charlottsburg,Port Genesee	43.25506	-77.61695	P	PPL	US		NY	055	30290		0	82	84	America/New_York	2017-05-23
5112288	Charlotte Center	Charlotte Center	Charlotte Center,Charlotte Centre	42.3045	-79.23782	P	PPL	US		NY	013	13860		0	467	467	America/New_York	2017-05-23
5112293	Charlotte Gardens	Charlotte Gardens		40.83482	-73.89236	P	PPLX	US		NY	005			0	23	28	America/New_York	2007-02-14
5112297	Charlotteville	Charlotteville		42.54535	-74.66459	P	PPL	US		NY	095	72070		0	489	489	America/New_York	2017-05-23
5112298	Charlton	Charlton	Charlton,Freehold,New Freehold	42.93341	-73.96901	P	PPL	US		NY	091	13926		0	151	151	America/New_York	2017-05-23
5112304	Chase	Chase		42.66869	-74.99044	P	PPL	US		NY	077	32589		0	415	416	America/New_York	2017-05-23
5112325	Chase Mills	Chase Mills	Chase Mills,Chase's Mills,Chases Mill,Chases Mills,Cracko,Croco,Crow-Crow	44.84894	-75.08076	P	PPL	US		NY	089	43588		0	82	80	America/New_York	2017-05-23
5112326	Chasm Falls	Chasm Falls	Chasm Falls,Chasmfalls,Glen Hope,Titusville	44.75727	-74.21877	P	PPL	US		NY	033	44721		0	313	310	America/New_York	2017-05-23
5112327	Chateaugay	Chateaugay		44.92643	-74.07961	P	PPL	US		NY	033	13992		820	288	284	America/New_York	2017-05-23
5112328	Chateaugay	Chateaugay		43.57396	-75.96214	P	PPL	US		NY	075	55453		0	311	312	America/New_York	2017-05-23
5112330	Chaseville	Chaseville		42.54063	-74.85627	P	PPL	US		NY	077	45920		0	387	387	America/New_York	2017-05-23
5112334	Chatfield Corner	Chatfield Corner		43.10813	-73.94263	P	PPL	US		NY	091	30444		0	246	251	America/New_York	2017-05-23
5112335	Chatham	Chatham	Chatham,Chatham Four Corners,Groat's Corners,Groats Corners	42.36425	-73.59484	P	PPL	US		NY	021	14014		1696	141	142	America/New_York	2017-05-23
5112336	Chatham Center	Chatham Center	Chatham Center,Chatham Centre	42.41814	-73.61401	P	PPL	US		NY	021	14014		0	90	91	America/New_York	2017-05-23
5112354	Chaumont	Chaumont	Shomo,tshamwnt,Шомо,تشامونت	44.067	-76.13021	P	PPL	US		NY	045	43863		616	88	87	America/New_York	2017-05-23
5112355	Chauncey	Chauncey		41.0026	-73.85652	P	PPL	US		NY	119			0	38	44	America/New_York	2006-01-15
5112363	Chautauqua	Chautauqua	Chautauqua,Chautauque,Shatokva,tshatakwa,Шатоква,تشاتاكوا	42.20978	-79.46671	P	PPL	US		NY	013	14069		191	415	419	America/New_York	2017-05-23
5112368	Chazy	Chazy		44.88976	-73.43597	P	PPL	US		NY	019	14113		565	45	48	America/New_York	2017-05-23
5112371	Chazy Landing	Chazy Landing	Chazy Landing,Saxe's Landing	44.88726	-73.37819	P	PPL	US		NY	019	14113		0	32	35	America/New_York	2017-05-23
5112374	Chedwel	Chedwel		42.21645	-79.43532	P	PPL	US		NY	013	23976		0	407	420	America/New_York	2017-05-23
5112375	Cheektowaga	Cheektowaga	Cheektowaga,Cheektowaga Station,Cheektowaga Village,Jiik-do-waah-geh	42.90339	-78.75475	P	PPL	US		NY	029	15011		75178	198	198	America/New_York	2017-05-23
5112378	Cheektowasa	Cheektowasa		42.89173	-78.77475	P	PPLX	US		NY	029	15011		0	189	190	America/New_York	2017-05-23
5112386	Chelsea	Chelsea	Carthage,Carthage Landing,Chelsea,Low Point	41.5537	-73.96681	P	PPL	US		NY	027	78157		0	12	18	America/New_York	2017-05-23
5112387	Chelsea	Chelsea	Chelsea,Peanutville,Prallstown	40.60066	-74.19487	P	PPL	US		NY	085			2953	2	2	America/New_York	2017-04-16
5112388	Chelsea	Chelsea	Chelsi,chelsi,cherushi,que r xi,Челси,טשעלסי,ჩელსი,チェルシー,雀兒喜,첼시	40.74649	-74.00153	P	PPLX	US		NY	061			0	5	7	America/New_York	2014-10-08
5112391	Chemung	Chemung	Breckville,Buckville,Chemung	42.00841	-76.62384	P	PPL	US		NY	015	15077		0	258	261	America/New_York	2017-05-23
5112395	Chenango Bridge	Chenango Bridge		42.16674	-75.86242	P	PPL	US		NY	007	15110		2883	273	273	America/New_York	2017-05-23
5112399	Chenango Forks	Chenango Forks		42.23563	-75.84825	P	PPL	US		NY	007	15110		0	279	278	America/New_York	2017-05-23
5112404	Chenango Lake	Chenango Lake		42.58507	-75.43518	P	PPL	US		NY	017	49957		0	516	525	America/New_York	2017-05-23
5112420	Cheningo	Cheningo		42.65979	-75.99853	P	PPL	US		NY	023	75550		0	361	362	America/New_York	2017-05-23
5112424	Chepachet	Chepachet		42.9109	-75.12099	P	PPL	US		NY	043	82568		0	374	374	America/New_York	2017-05-23
5112430	Cherry Creek	Cherry Creek	Cherry Creek,Cherrycreek,Puckrum	42.2945	-79.09976	P	PPL	US		NY	013	15198		440	397	402	America/New_York	2017-05-23
5112436	Cherry Hill	Cherry Hill		42.01089	-79.41144	P	PPL	US		NY	013	32248		0	484	484	America/New_York	2017-05-23
5112458	Cherry Grove	Cherry Grove		40.65899	-73.089	P	PPL	US		NY	103	10000		0	4	7	America/New_York	2017-05-23
5112460	Cherry Valley	Cherry Valley		42.79563	-74.7532	P	PPL	US		NY	077	15253		503	410	411	America/New_York	2017-05-23
5112463	Cherryplain	Cherryplain	Cherry Plain,Cherryplain,South Berlin,Sweet's Corners	42.62925	-73.35816	P	PPL	US		NY	083	06189		0	346	351	America/New_York	2017-05-23
5112465	Cherrytown	Cherrytown		41.82509	-74.32932	P	PPL	US		NY	111	63011		0	235	240	America/New_York	2017-05-23
5112467	Cheshire	Cheshire		42.82145	-77.32748	P	PPL	US		NY	069	12155		0	312	318	America/New_York	2017-05-23
5112470	Chester	Chester	Chester,Честер	41.36259	-74.27126	P	PPL	US		NY	071	15308		3918	146	145	America/New_York	2017-05-23
5112474	Chester Hill Park	Chester Hill Park		40.92343	-73.82236	P	PPL	US		NY	119	49121		0	39	45	America/New_York	2017-05-23
5112479	Chestertown	Chestertown		43.65257	-73.80096	P	PPL	US		NY	113	15319		677	257	259	America/New_York	2017-05-23
5112481	Chester Heights	Chester Heights		40.92565	-73.80152	P	PPL	US		NY	119	50617		0	24	28	America/New_York	2017-05-23
5112490	Chestnut Ridge	Chestnut Ridge		41.73093	-73.62957	P	PPL	US		NY	027	76166		0	304	310	America/New_York	2017-05-23
5112493	Chestnut Ridge	Chestnut Ridge		41.08426	-74.0557	P	PPL	US		NY	087	60510		8158	126	127	America/New_York	2017-05-23
5112503	Cheviot	Cheviot	Cheviot,East Camp,East Camp Landing	42.12509	-73.90374	P	PPL	US		NY	021	28772		0	10	19	America/New_York	2017-05-23
5112504	Chichester	Chichester		42.10176	-74.30931	P	PPL	US		NY	111	66597		0	294	298	America/New_York	2017-05-23
5112518	Childwold	Childwold	Atherton,Childwold,Childwood	44.28645	-74.66324	P	PPL	US		NY	089	57716		0	496	494	America/New_York	2017-05-23
5112520	Chili Center	Chili Center		43.10728	-77.74556	P	PPL	US		NY	055	15462		0	178	177	America/New_York	2017-05-23
5112525	Chiloway	Chiloway		41.96731	-75.0435	P	PPL	US		NY	025	31951		0	345	356	America/New_York	2017-05-23
5112526	Chilson	Chilson	Chilson,Chilson Hill	43.87728	-73.52873	P	PPL	US		NY	031	73891		0	306	318	America/New_York	2017-05-23
5112530	Chimney Corners	Chimney Corners		41.22982	-73.90819	P	PPL	US		NY	119	18410		0	24	30	America/New_York	2017-05-23
5112537	China	China		42.14481	-75.40018	P	PPL	US		NY	025	20357		0	412	414	America/New_York	2017-05-23
5112540	Chinatown	Chinatown	Chajna-taun,chainataun,man ha dun hua bu,zyynhtʼwn,Чайна-таун,טשיינעטאון,ציינהטאון,チャイナタウン,曼哈頓華埠,차이나타운	40.71649	-73.99625	P	PPLX	US		NY	061			0	12	20	America/New_York	2006-07-12
5112543	Chipman	Chipman		44.78117	-75.19604	P	PPL	US		NY	089	77739		0	107	109	America/New_York	2017-05-23
5112544	Chipman Corners	Chipman Corners		42.63285	-76.37521	P	PPL	US		NY	011	43071		0	391	392	America/New_York	2017-05-23
5112545	Chipmunk	Chipmunk	Chipmonk,Chipmunck,Chipmunk	42.05701	-78.5753	P	PPL	US		NY	009	01297		0	449	451	America/New_York	2017-05-23
5112553	Chippewa Bay	Chippewa Bay		44.442	-75.7569	P	PPL	US		NY	089	31841		0	88	89	America/New_York	2017-05-23
5112559	Chittenango	Chittenango	Chitenango,Chittenango,Chudenaang,tshytynanghw,Читенанго,تشيتينانغو	43.04507	-75.86658	P	PPL	US		NY	053	71993		4891	138	139	America/New_York	2017-05-23
5112562	Chittenango Falls	Chittenango Falls		42.9784	-75.83686	P	PPL	US		NY	053	25593		0	287	289	America/New_York	2017-05-23
5112573	Choconut Center	Choconut Center	Choconut Center,Choconut Centre	42.14285	-75.94353	P	PPL	US		NY	007	76056		0	300	300	America/New_York	2017-05-23
5112609	Christian Hill	Christian Hill		42.47868	-76.67217	P	PPL	US		NY	109	24548		0	379	383	America/New_York	2017-05-23
5112610	Christian Hill	Christian Hill		43.73729	-74.07875	P	PPL	US		NY	113	38715		0	453	459	America/New_York	2017-05-23
5112649	Chuckery Corners	Chuckery Corners		43.03229	-75.32906	P	PPL	US		NY	065	39804		0	324	322	America/New_York	2017-05-23
5112655	Chubbs Dock	Chubbs Dock		43.63701	-73.434	P	PPL	US		NY	115	20885		0	46	41	America/New_York	2017-05-23
5112657	Church Corners	Church Corners		42.97896	-74.28124	P	PPL	US		NY	057	02077		0	207	207	America/New_York	2017-05-23
5112701	Churchtown	Churchtown		42.1762	-73.71874	P	PPL	US		NY	021	16045		0	99	102	America/New_York	2017-05-23
5112703	Churchville	Churchville		43.10423	-77.88445	P	PPL	US		NY	055	61808		2032	178	179	America/New_York	2017-05-23
5112704	Churchville	Churchville		43.18979	-75.57629	P	PPL	US		NY	065	77178		0	137	136	America/New_York	2017-05-23
5112707	Churubusco	Churubusco	Cherebusco,Chererbusco,Cherubusco,Cherubusco Village,Churubusco,Summit Depot,Summit Station,The Summit	44.95393	-73.93154	P	PPL	US		NY	019	16397		0	363	364	America/New_York	2017-05-23
5112710	Cicero	Cicero	Cicero,Cicero Corners,sysyrw,سيسيرو	43.17562	-76.11937	P	PPL	US		NY	067	15704		0	120	121	America/New_York	2017-05-23
5112711	Cicero Center	Cicero Center		43.17896	-76.04075	P	PPL	US		NY	067	15704		0	122	122	America/New_York	2017-05-23
5112727	Circleville	Circleville		41.51426	-74.38349	P	PPL	US		NY	071	77992		0	188	188	America/New_York	2017-05-23
5112729	Cincinnatus	Cincinnatus		42.54229	-75.89575	P	PPL	US		NY	023	15748		0	320	319	America/New_York	2017-05-23
5112735	City Island	City Island		40.84732	-73.78652	P	PPL	US		NY	005			4362	6	8	America/New_York	2017-04-16
5112738	City Line	City Line		40.67621	-73.88708	P	PPL	US		NY	047			0	12	12	America/New_York	2006-01-15
5112763	Clare	Clare		44.40145	-75.06242	P	PPL	US		NY	089	15792		0	250	254	America/New_York	2017-05-23
5112766	Claremont	Claremont		41.16954	-73.84847	P	PPLX	US		NY	119	55541		0	98	102	America/New_York	2017-05-23
5112769	Clarence	Clarence	Clarence,Clarence Hollow,Klerens,Ransomville,ke la lun si zhen,klarns,klyrns  nyw yark,Клеренс,كلارنس,کلیرنس، نیو یارک,克拉伦斯镇	42.97673	-78.59197	P	PPL	US		NY	029	15825		2646	225	230	America/New_York	2017-05-23
5112771	Clarence Center	Clarence Center	Clarence,Clarence Center,Clarence Centre,Van Tine's Corners	43.01061	-78.63753	P	PPL	US		NY	029	15825		2257	193	197	America/New_York	2017-05-23
5112778	Clarendon	Clarendon	Clarendon,Farwell's Mills,Farwells Mills	43.19339	-78.06474	P	PPL	US		NY	073	15880		0	185	186	America/New_York	2017-05-23
5112780	Clark	Clark		42.1245	-79.09838	P	PPL	US		NY	013	58926		0	391	394	America/New_York	2017-05-23
5112792	Clark Corners	Clark Corners		43.88368	-75.66075	P	PPL	US		NY	049	20214		0	366	362	America/New_York	2017-05-23
5112793	Clark Corners	Clark Corners		43.43757	-76.42605	P	PPL	US		NY	075	65992		0	124	126	America/New_York	2017-05-23
5112805	Clark Heights	Clark Heights		41.73176	-73.84319	P	PPL	US		NY	027	58695		0	87	85	America/New_York	2017-05-23
5112812	Clark Mills	Clark Mills	Clark Mills,Clark's Mills,Clarks Mills	43.09229	-75.37962	P	PPL	US		NY	065	39804		1905	157	159	America/New_York	2017-05-23
5112815	Clark Point	Clark Point		43.82534	-76.2691	P	PPL	US		NY	045	34055		0	77	74	America/New_York	2017-05-23
5112828	Clarks Corner	Clarks Corner	Clark's Corners,Clarks Corner,Clarks Corners	43.22146	-73.64151	P	PPL	US		NY	091	48318		0	69	68	America/New_York	2017-05-23
5112831	Clarks Mills	Clarks Mills	Clarks Mill,Clarks Mills	43.11813	-73.56873	P	PPL	US		NY	115	30686		0	37	41	America/New_York	2017-05-23
5112835	Clarksboro	Clarksboro	Clarksboro,Clarksborough	44.33451	-75.02603	P	PPL	US		NY	089	15792		0	299	298	America/New_York	2017-05-23
5112836	Clarksburg	Clarksburg	Clarksburg,Clarksburgh	42.61978	-78.83142	P	PPL	US		NY	029	23415		0	272	279	America/New_York	2017-05-23
5112837	Clarkson	Clarkson		43.23312	-77.92751	P	PPL	US		NY	055	15957		4358	130	130	America/New_York	2017-05-23
5112846	Clarksville	Clarksville	Bethlehem,Clarksville	42.57591	-73.96402	P	PPL	US		NY	001	50672		0	202	204	America/New_York	2017-05-23
5112849	Clarkville	Clarkville		43.24341	-74.12291	P	PPL	US		NY	091	23591		0	373	370	America/New_York	2017-05-23
5112851	Claryville	Claryville		41.91842	-74.57238	P	PPL	US		NY	105	49847		0	493	499	America/New_York	2017-05-23
5112853	Clason Point	Clason Point	Clason Point,Clasons Point,Classon Point,Clausen,Clauson Point,Clawson,Cornells Neck	40.81363	-73.86179	P	PPL	US		NY	005			0	5	6	America/New_York	2012-04-09
5112860	Claverack	Claverack	klyfrak,كليفراك	42.22509	-73.73457	P	PPL	US		NY	021	16045		0	62	68	America/New_York	2017-05-23
5112861	Clay	Clay	Clay,West Cicero	43.1859	-76.17243	P	PPL	US		NY	067	16067		0	120	122	America/New_York	2017-05-23
5112869	Clayburg	Clayburg	Clayburg,Clayburgh	44.59643	-73.8382	P	PPL	US		NY	019	65211		0	342	345	America/New_York	2017-05-23
5112870	Clayton	Clayton	Clayton,Cornelia,French Creek	44.23949	-76.08578	P	PPL	US		NY	045	16100		1956	84	83	America/New_York	2017-05-23
5112871	Clayton Center	Clayton Center		44.19172	-76.04216	P	PPL	US		NY	045	16100		0	127	125	America/New_York	2017-05-23
5112874	Clayville	Clayville	Clayville,Paris Furnace	42.98007	-75.251	P	PPL	US		NY	065	56330		341	293	293	America/New_York	2017-05-23
5112880	Clear Creek	Clear Creek	Clear Creek,Clearcreek	42.22089	-79.06032	P	PPL	US		NY	013	24053		0	393	394	America/New_York	2017-05-23
5112915	Cleaver	Cleaver		42.18064	-75.23545	P	PPL	US		NY	025	74111		0	420	427	America/New_York	2017-05-23
5112920	Clemons	Clemons		43.63645	-73.44539	P	PPL	US		NY	115	20885		0	115	115	America/New_York	2017-05-23
5112925	Cleveland	Cleveland	Klivlend,Кливленд	43.24035	-75.8838	P	PPL	US		NY	075	17904		738	133	136	America/New_York	2017-05-23
5112931	Cleveland Hill	Cleveland Hill		42.94478	-78.7842	P	PPL	US		NY	029	15011		0	215	217	America/New_York	2017-05-23
5112941	Cleverdale	Cleverdale		43.47729	-73.64262	P	PPL	US		NY	113	60356		0	106	109	America/New_York	2017-05-23
5112942	Cliff Haven	Cliff Haven		44.65866	-73.44097	P	PPL	US		NY	019	58585		0	39	38	America/New_York	2017-05-23
5112946	Clermont	Clermont	klrmwnt  nywywrk,klyrmwnt,كليرمونت,کلرمونت، نیویورک	42.08509	-73.82707	P	PPL	US		NY	021	16177		0	68	70	America/New_York	2017-05-23
5112949	Clifford	Clifford	Clifford,Denton's Corners	43.38174	-76.28521	P	PPL	US		NY	075	56154		0	132	134	America/New_York	2017-05-23
5112953	Cliffside	Cliffside		42.51397	-74.98238	P	PPL	US		NY	077	47240		0	361	366	America/New_York	2017-05-23
5112955	Clifton	Clifton	Clifton,Harmon's Mills,Harmonsburg	43.05228	-77.81473	P	PPL	US		NY	055	15462		0	176	177	America/New_York	2017-05-23
5112956	Clifton	Clifton		40.6201	-74.07709	P	PPL	US		NY	085			9519	16	20	America/New_York	2017-04-16
5112959	Clifton Heights	Clifton Heights		42.73589	-78.9167	P	PPL	US		NY	029	31654		0	185	188	America/New_York	2017-05-23
5112961	Clifton Park	Clifton Park	Chou-en-da-ho-wa,Clifton Park,Cliftonpark,Shanandhoi,Shanandhot,Shenondehowa,Stevens Corners,klyftwn bark,كليفتون بارك	42.86563	-73.77095	P	PPL	US		NY	091	16353		0	105	107	America/New_York	2017-05-23
5112962	Clifton Park Center	Clifton Park Center		42.85841	-73.8204	P	PPL	US		NY	091	16353		0	98	100	America/New_York	2017-05-23
5112965	Clifton Springs	Clifton Springs	Clifton Springs,Sulphur Springs	42.96173	-77.13998	P	PPL	US		NY	069	44864		2092	176	180	America/New_York	2017-05-23
5112968	Climax	Climax		42.36592	-73.85096	P	PPL	US		NY	039	18729		0	75	80	America/New_York	2017-05-23
5112972	Clinton	Clinton	Clinton,Kadawisdag,Klinton,Schooltown,klyntwn,Κλίντον,Клинтон,كلينتون,کلنٹن، اونیڈا کاؤنٹی، نیو یارک	43.0484	-75.3785	P	PPL	US		NY	065	39804		1891	184	188	America/New_York	2017-05-23
5112976	Clinton Corners	Clinton Corners		41.83009	-73.76235	P	PPL	US		NY	027	16408		0	92	92	America/New_York	2017-05-23
5112978	Clinton Heights	Clinton Heights		42.61897	-73.73401	P	PPL	US		NY	083	22117		0	64	63	America/New_York	2017-05-23
5112979	Clinton Hollow	Clinton Hollow		41.84509	-73.81597	P	PPL	US		NY	027	16408		0	101	104	America/New_York	2017-05-23
5112982	Clinton Mills	Clinton Mills		44.9606	-73.88015	P	PPL	US		NY	019	16397		0	335	335	America/New_York	2017-05-23
5112985	Clinton Park	Clinton Park		42.62425	-73.72845	P	PPL	US		NY	083	22117		0	63	62	America/New_York	2017-05-23
5112995	Clintondale	Clintondale	Clintondale,Quaker Street	41.69482	-74.05125	P	PPL	US		NY	111	58552		1452	166	170	America/New_York	2017-05-23
5112996	Clintondale Station	Clintondale Station		41.71648	-74.05931	P	PPL	US		NY	111	42994		0	120	121	America/New_York	2017-05-23
5112998	Clintonville	Clintonville		44.4656	-73.58264	P	PPL	US		NY	019	03221		0	154	155	America/New_York	2017-05-23
5112999	Clintonville	Clintonville		42.93229	-76.34938	P	PPL	US		NY	067	45491		0	335	332	America/New_York	2017-05-23
5113000	Clintonville	Clintonville		42.61424	-74.95821	P	PPL	US		NY	077	32589		0	393	393	America/New_York	2017-05-23
5113018	Clove	Clove		42.6823	-74.58209	P	PPL	US		NY	095	66542		0	349	348	America/New_York	2017-05-23
5113021	Clove	Clove		41.67093	-73.67485	P	PPL	US		NY	027	76166		0	151	159	America/New_York	2017-05-23
5113029	Clove Valley	Clove Valley	Beekman Furnace,Clove Valley	41.63537	-73.68846	P	PPL	US		NY	027	05452		0	139	139	America/New_York	2017-05-23
5113036	Clover Bank	Clover Bank		42.74728	-78.88976	P	PPL	US		NY	029	31654		0	199	198	America/New_York	2017-05-23
5113040	Clums Corner	Clums Corner	Clum's Corners,Clums Corner	42.75063	-73.57206	P	PPL	US		NY	083	10275		0	152	153	America/New_York	2017-05-23
5113041	Cluny Point	Cluny Point		42.82506	-77.70944	P	PPL	US		NY	051	42961		0	249	247	America/New_York	2017-05-23
5113045	Clymer Center	Clymer Center		42.05339	-79.57783	P	PPL	US		NY	013	16595		0	463	463	America/New_York	2017-05-23
5113046	Clymer Hill	Clymer Hill		42.06089	-79.61505	P	PPL	US		NY	013	16595		0	559	559	America/New_York	2017-05-23
5113059	Clymer	Clymer		42.02089	-79.63005	P	PPL	US		NY	013	16595		1698	444	444	America/New_York	2017-05-23
5113061	Cobb	Cobb		40.90121	-72.35508	P	PPL	US		NY	103	68473		0	5	9	America/New_York	2017-05-23
5113090	Cobbs Hill	Cobbs Hill	Cobb Hill,Cobbs Hill	43.13978	-77.56333	P	PPLX	US		NY	055	63000		0	165	178	America/New_York	2017-05-23
5113093	Cobbtown	Cobbtown		43.72562	-76.04381	P	PPL	US		NY	045	24086		0	220	224	America/New_York	2017-05-23
5113095	Cobleskill	Cobleskill	As-ca-le-ge,Cobleskill,Ots-ga-ra-gee	42.67785	-74.48542	P	PPL	US		NY	095	16639		4566	281	280	America/New_York	2017-05-23
5113100	Cochecton	Cochecton	Cashington,Cochecton,Cush-nun-tunk,kwtshyktwn,كوتشيكتون	41.70592	-75.06045	P	PPL	US		NY	105	16661		0	225	227	America/New_York	2017-05-23
5113101	Cochecton Center	Cochecton Center	Cochecton Center,Cochecton Centre,Stevensburgh	41.65481	-74.98267	P	PPL	US		NY	105	16661		0	287	292	America/New_York	2017-05-23
5113119	Coeymans	Coeymans	Coeyman,Coeymans,Coeymans Junction,Coeymans Landing,kwymans,كويمانس	42.47397	-73.79235	P	PPL	US		NY	001	16694		848	18	22	America/New_York	2017-05-23
5113128	Coffins Mills	Coffins Mills		44.17229	-75.0852	P	PPL	US		NY	089	25791		0	417	414	America/New_York	2017-05-23
5113131	Cohocton	Cohocton	Cohocton,Conhocton,Liberty	42.50229	-77.50721	P	PPL	US		NY	101	16738		817	402	408	America/New_York	2017-05-23
5113133	Coeymans Hollow	Coeymans Hollow		42.47175	-73.89457	P	PPL	US		NY	001	16694		0	126	131	America/New_York	2017-05-23
5113139	Coila	Coila	Coila,Green Settlement,Stevenson's Corners	43.03591	-73.40095	P	PPL	US		NY	115	11836		0	161	162	America/New_York	2017-05-23
5113142	Cohoes	Cohoes	Cohoes,Ga-ha-oos,Kokhos,Kounis,kwhs  nywywrk,kwhws,Коуњис,Кохос,كوهوس,کوهس، نیویورک	42.77424	-73.70012	P	PPL	US		NY	001	16749		16538	30	32	America/New_York	2017-05-23
5113143	Cokertown	Cokertown		42.01926	-73.82124	P	PPL	US		NY	027	60905		0	79	80	America/New_York	2017-05-23
5113148	Colburns	Colburns		42.13895	-79.35977	P	PPL	US		NY	013	23976		0	427	428	America/New_York	2017-05-23
5113152	Colchester	Colchester	Colchester,Pawpacton	42.16036	-75.07739	P	PPL	US		NY	025	78047		0	390	392	America/New_York	2017-05-23
5113168	Cold Brook	Cold Brook	Cold Brook,Coldbrook	43.24174	-75.03877	P	PPL	US		NY	043	64254		322	288	290	America/New_York	2017-05-23
5113183	Cold Brook	Cold Brook		42.01315	-74.26987	P	PPL	US		NY	111	54749		0	205	204	America/New_York	2017-05-23
5113191	Cold Spring	Cold Spring		42.09701	-78.86476	P	PPL	US		NY	009			0	409	412	America/New_York	2006-01-15
5113192	Cold Spring	Cold Spring		42.94979	-76.57716	P	PPL	US		NY	011	03078		0	179	178	America/New_York	2017-05-23
5113196	Cold Spring	Cold Spring	Cold Spring,Cold Spring-on-Hudson,Coldspring,Kould Spring,kwld sbryngh,Коулд Спринг,كولد سبرينغ	41.42009	-73.95458	P	PPL	US		NY	079	57584		1964	35	41	America/New_York	2017-05-23
5113223	Cold Spring Harbor	Cold Spring Harbor	Cold Spring,Cold Spring Harbor,Kold Spring Kharbor,Nachaquatuck,leng quan gang,Колд Спринг Харбор,コールド・スプリング・ハーバー,冷泉港	40.87149	-73.45679	P	PPL	US		NY	103	37000		5070	10	14	America/New_York	2017-05-23
5113225	Cold Spring Park	Cold Spring Park		43.99839	-73.47485	P	PPL	US		NY	031	19246		0	353	365	America/New_York	2017-05-23
5113229	Cold Springs	Cold Springs		43.13285	-76.25687	P	PPL	US		NY	067	44039		0	125	130	America/New_York	2017-05-23
5113230	Cold Springs	Cold Springs		42.60563	-76.67661	P	PPL	US		NY	099	18663		0	120	138	America/New_York	2017-05-23
5113231	Cold Springs	Cold Springs		42.37452	-77.28248	P	PPL	US		NY	101	76496		0	314	332	America/New_York	2017-05-23
5113236	Coldbrook	Coldbrook		42.77869	-73.94374	P	PPL	US		NY	093	63935		0	102	102	America/New_York	2017-05-23
5113239	Colden	Colden	Buffum's Mills,Colden	42.64423	-78.68475	P	PPL	US		NY	029	16870		0	329	330	America/New_York	2017-05-23
5113243	Coldenham	Coldenham		41.52565	-74.15292	P	PPL	US		NY	071	48153		0	135	141	America/New_York	2017-05-23
5113246	Coldwater	Coldwater		43.1359	-77.73528	P	PPL	US		NY	055	28442		0	170	175	America/New_York	2017-05-23
5113268	Colegrave	Colegrave		42.73617	-78.55475	P	PPL	US		NY	029	77871		0	362	362	America/New_York	2017-05-23
5113273	Coleman Station	Coleman Station		41.90176	-73.51846	P	PPL	US		NY	027	51891		0	182	187	America/New_York	2017-05-23
5113275	Colemans Mills	Colemans Mills	Colemans,Colemans Mills	43.12951	-75.346	P	PPL	US		NY	065	81754		0	146	148	America/New_York	2017-05-23
5113291	Collabar	Collabar	Collabar,Collaburg,Collaburgh	41.53426	-74.31682	P	PPL	US		NY	071	18916		0	180	183	America/New_York	2017-05-23
5113294	Collamer	Collamer		43.29728	-77.81307	P	PPL	US		NY	055	56561		0	86	92	America/New_York	2017-05-23
5113295	Collamer	Collamer	Britton Settlement,Collamer	43.10479	-76.0602	P	PPL	US		NY	067	20478		0	139	137	America/New_York	2017-05-23
5113300	College Park	College Park		42.01926	-73.88152	P	PPL	US		NY	027	60905		0	64	67	America/New_York	2017-05-23
5113302	College Point	College Point	College Point,Collegepoint,Strattonport Point,Strattonsport	40.7876	-73.84597	P	PPL	US		NY	081			27307	21	23	America/New_York	2017-04-16
5113309	Colliersville	Colliersville		42.49091	-74.9821	P	PPL	US		NY	077	47240		0	344	346	America/New_York	2017-05-23
5113313	Collingwood	Collingwood		42.86757	-76.08298	P	PPL	US		NY	067	40266		0	281	286	America/New_York	2017-05-23
5113314	Collingwood Estates	Collingwood Estates		43.22894	-79.0481	P	PPL	US		NY	063	59267		0	93	97	America/New_York	2017-05-23
5113315	Collins	Collins		42.49645	-78.92059	P	PPL	US		NY	029	17200		0	268	268	America/New_York	2017-05-23
5113322	Collins Center	Collins Center	Collins Center,Collins Centre	42.49367	-78.85142	P	PPL	US		NY	029	17200		0	336	340	America/New_York	2017-05-23
5113326	Collins Landing	Collins Landing		44.30033	-75.98051	P	PPL	US		NY	045	55398		0	80	76	America/New_York	2017-05-23
5113330	Collinsville	Collinsville	Collinsville,High Falls Village	43.61035	-75.38407	P	PPL	US		NY	049	81094		0	368	366	America/New_York	2017-05-23
5113337	Colonial Acres	Colonial Acres		40.97538	-73.75985	P	PPL	US		NY	119	65442		0	60	65	America/New_York	2017-05-23
5113341	Colonial Heights	Colonial Heights		41.71398	-73.85819	P	PPL	US		NY	027	59652		0	76	77	America/New_York	2017-05-23
5113342	Colonial Heights	Colonial Heights		40.95982	-73.84125	P	PPL	US		NY	119	84000		0	60	62	America/New_York	2017-05-23
5113345	Colonial Park	Colonial Park		43.2209	-75.43573	P	PPL	US		NY	065	63418		0	141	143	America/New_York	2017-05-23
5113347	Colonial Village	Colonial Village		43.13506	-78.96588	P	PPL	US		NY	063	42158		0	192	195	America/New_York	2017-05-23
5113348	Colonie	Colonie	Koloni,kwlwny,Колони,كولوني	42.71786	-73.83346	P	PPL	US		NY	001	17343		7906	95	93	America/New_York	2017-05-23
5113353	Colosse	Colosse	Colosse,Four Corners,Mexico Four Corners	43.42035	-76.15881	P	PPL	US		NY	075	46822		0	129	131	America/New_York	2017-05-23
5113356	Colton	Colton	Colton,High Falls,Matildavale,Matildaville,New Germany	44.55312	-74.93964	P	PPL	US		NY	089	17409		345	266	269	America/New_York	2017-05-23
5113363	Columbia Center	Columbia Center	Columbia,Columbia Center,Petrie's Corners	42.93257	-75.0371	P	PPL	US		NY	043	17431		0	455	454	America/New_York	2017-05-23
5113379	Columbiaville	Columbiaville		42.31842	-73.75318	P	PPL	US		NY	021	71443		0	43	44	America/New_York	2017-05-23
5113380	Columbus	Columbus	Columbus,Columbus Center,Kolumbus,Колумбус	42.68396	-75.37267	P	PPL	US		NY	017	17486		947	395	399	America/New_York	2017-05-23
5113392	Columbus Quarter	Columbus Quarter		42.71035	-75.31739	P	PPL	US		NY	017	17486		0	374	376	America/New_York	2017-05-23
5113412	Commack	Commack	Co-Mac,Comac,Comack,Commac,Commack,Comock,Komak,Wanecommack,Winne - Comack,Winnecomac Win-Ne-Co-Mack,Winnie Comac,kwmak,Комак,كوماك	40.84288	-73.29289	P	PPL	US		NY	103	37000		36124	40	42	America/New_York	2017-05-23
5113437	Community Park	Community Park	Community Park,Saint Lawrence Park	43.66785	-76.07798	P	PPL	US		NY	075	65079		0	156	160	America/New_York	2017-05-23
5113440	Como	Como		42.6734	-76.27688	P	PPL	US		NY	011	72037		0	412	410	America/New_York	2017-05-23
5113452	Comstock Corners	Comstock Corners		43.14478	-78.78226	P	PPL	US		NY	063	11803		0	189	191	America/New_York	2017-05-23
5113454	Comstock	Comstock	Comstock,Comstock Landing,Comstock's,Comstocks Landing	43.45729	-73.4415	P	PPL	US		NY	115	26715		0	39	38	America/New_York	2017-05-23
5113460	Concord	Concord		40.60816	-74.08431	P	PPL	US		NY	085			8857	24	29	America/New_York	2017-04-16
5113469	Concord	Concord		42.53534	-78.73086	P	PPL	US		NY	029	17585		0	412	416	America/New_York	2017-05-23
5113471	Conesus	Conesus	Bowersville,Conesus,Freeport	42.71895	-77.67639	P	PPL	US		NY	051	17618		0	365	367	America/New_York	2017-05-23
5113475	Conesville	Conesville	Conesville,Stone Bridge	42.3873	-74.37626	P	PPL	US		NY	095	17651		0	421	422	America/New_York	2017-05-23
5113477	Conewango	Conewango	Conewango,Conewango Station,Connewango,Connewong,Rutledge	42.23867	-79.03115	P	PPL	US		NY	009	17684		0	394	395	America/New_York	2017-05-23
5113479	Conewango Valley	Conewango Valley		42.24089	-79.06087	P	PPL	US		NY	013	24053		0	393	395	America/New_York	2017-05-23
5113481	Coney Island	Coney Island	Coney Adasi,Coney Adası,Coney Island,Conyn Island,Conyne Island,Insulo Coney,Koni-Ajlend,kang ni dao,koni-ailendi,koniaillaendeu,koniairando,kwny ayland,Кони-Айленд,קוני איילנד,كوني آيلاند,კონი-აილენდი,ქონი-აილენდი,コニーアイランド,康尼島,코니아일랜드	40.57788	-73.99403	P	PPL	US		NY	047			60000	0	2	America/New_York	2010-08-12
5113482	Coney Island	Coney Island		44.60617	-74.97159	P	PPL	US		NY	089	57771		0	170	176	America/New_York	2017-05-23
5113485	Conesus Lake Junction	Conesus Lake Junction		42.85562	-77.70556	P	PPL	US		NY	051	42961		0	265	264	America/New_York	2017-05-23
5113500	Congers	Congers		41.15065	-73.94542	P	PPL	US		NY	087	15968		8363	54	64	America/New_York	2017-05-23
5113512	Conifer	Conifer		44.21673	-74.61295	P	PPL	US		NY	089	57716		0	482	479	America/New_York	2017-05-23
5113514	Conger Corners	Conger Corners		42.91951	-75.41101	P	PPL	US		NY	065	65134		0	396	395	America/New_York	2017-05-23
5113516	Conklin	Conklin		42.03424	-75.8038	P	PPL	US		NY	007	17772		0	265	268	America/New_York	2017-05-23
5113517	Conklin Center	Conklin Center	Conklin Center,Conklin Centre	42.05619	-75.80686	P	PPL	US		NY	007	17772		0	262	265	America/New_York	2017-05-23
5113518	Conklin Cove	Conklin Cove		42.84229	-76.50494	P	PPL	US		NY	011	55871		0	221	227	America/New_York	2017-05-23
5113519	Conklin Forks	Conklin Forks	Conklin Forks,Conkling Forks	42.02369	-75.85658	P	PPL	US		NY	007	17772		0	320	322	America/New_York	2017-05-23
5113526	Conklin Station	Conklin Station		42.02258	-75.79713	P	PPL	US		NY	007	17772		0	268	269	America/New_York	2017-05-23
5113530	Conklingville	Conklingville	Conklingville,West Hadley	43.31563	-73.93485	P	PPL	US		NY	091	19807		0	239	247	America/New_York	2017-05-23
5113536	Connelly	Connelly	Connelly,South Rondout,South Roundout	41.91009	-73.99125	P	PPL	US		NY	111	24691		0	7	9	America/New_York	2017-05-23
5113538	Connelly Park	Connelly Park		42.14311	-79.39866	P	PPL	US		NY	013	52155		0	401	403	America/New_York	2017-05-23
5113551	Conquest	Conquest	Conquest,Conquest Center	43.12118	-76.648	P	PPL	US		NY	011	17849		0	134	137	America/New_York	2017-05-23
5113559	Constable	Constable	Constable,West Constable	44.92921	-74.29713	P	PPL	US		NY	033	17871		0	108	106	America/New_York	2017-05-23
5113564	Constableville	Constableville	Constableville,Shalersville	43.56674	-75.42851	P	PPL	US		NY	049	81094		240	385	385	America/New_York	2017-05-23
5113565	Constantia	Constantia	Constantia,New Rotterdam,Rotterdam	43.24785	-76.0002	P	PPL	US		NY	075	17904		1182	117	118	America/New_York	2017-05-23
5113566	Constantia Center	Constantia Center	Constantia Center,Constantia Centre	43.28062	-75.92186	P	PPL	US		NY	075	17904		0	177	177	America/New_York	2017-05-23
5113574	Continental Village	Continental Village		41.34009	-73.90375	P	PPL	US		NY	079	57584		0	52	55	America/New_York	2017-05-23
5113578	Converse	Converse		44.68034	-74.82464	P	PPL	US		NY	089	71410		0	199	199	America/New_York	2017-05-23
5113589	Cook Corners	Cook Corners		42.47728	-79.25782	P	PPL	US		NY	013	66916		0	229	230	America/New_York	2017-05-23
5113590	Cook Corners	Cook Corners		42.92924	-74.55181	P	PPL	US		NY	057	56099		0	237	237	America/New_York	2017-05-23
5113592	Cook Corners	Cook Corners		44.24201	-74.88491	P	PPL	US		NY	089	16287		0	451	453	America/New_York	2017-05-23
5113607	Cooks Falls	Cooks Falls		41.94787	-74.98044	P	PPL	US		NY	025	16793		0	354	359	America/New_York	2017-05-23
5113610	Cooks Mill	Cooks Mill		44.96282	-74.13073	P	PPL	US		NY	033	13992		0	130	131	America/New_York	2017-05-23
5113614	Cooksburg	Cooksburg	Cooksburg,Cooksburgh	42.42064	-74.20514	P	PPL	US		NY	001	61181		0	233	236	America/New_York	2017-05-23
5113615	Cookville	Cookville		43.00978	-78.32669	P	PPL	US		NY	037	57078		0	259	264	America/New_York	2017-05-23
5113618	Cooley	Cooley		41.87176	-74.70905	P	PPL	US		NY	105	42235		0	590	592	America/New_York	2017-05-23
5113622	Coolidge Beach	Coolidge Beach		43.30589	-78.86726	P	PPL	US		NY	063	82370		0	83	81	America/New_York	2017-05-23
5113634	Cooney Crossing	Cooney Crossing		43.0859	-77.23887	P	PPL	US		NY	117	56198		0	133	136	America/New_York	2017-05-23
5113637	Coonrod	Coonrod		43.2484	-75.52323	P	PPL	US		NY	065	63418		0	133	131	America/New_York	2017-05-23
5113639	Coons	Coons		42.91869	-73.74595	P	PPL	US		NY	091	31489		0	52	60	America/New_York	2017-05-23
5113658	Coopers Corners	Coopers Corners	Coopers Corner,Coopers Corners	41.67148	-74.751	P	PPL	US		NY	105	73627		0	379	378	America/New_York	2017-05-23
5113659	Coopers Falls	Coopers Falls		44.51784	-75.33827	P	PPL	US		NY	089	20038		0	103	111	America/New_York	2017-05-23
5113662	Coopers Plains	Coopers Plains	Cooper's Plains,Coopers Plains	42.1823	-77.14164	P	PPL	US		NY	101	24647		598	300	306	America/New_York	2017-05-23
5113664	Cooperstown	Cooperstown	COP,Cooperstown,Kopertaun,Kupurstaun,Otsego,kupazutaun,kwbrstawn,Копертаун,Купърстаун,كوبرستاون,クーパーズタウン	42.70048	-74.92426	P	PPLA2	US		NY	077	55695		1792	374	377	America/New_York	2017-05-23
5113665	Cooperstown Junction	Cooperstown Junction		42.49175	-74.9571	P	PPL	US		NY	077	47240		0	356	355	America/New_York	2017-05-23
5113667	Coopersville	Coopersville	Coopersville,Cooperville,Corbeau,Moore's Mills	44.94309	-73.40791	P	PPL	US		NY	019	13750		0	32	32	America/New_York	2017-05-23
5113668	Coopersville	Coopersville		42.60368	-77.91139	P	PPL	US		NY	051	54089		0	257	257	America/New_York	2017-05-23
5113674	Copake Falls	Copake Falls		42.11953	-73.52512	P	PPL	US		NY	021	18102		0	196	199	America/New_York	2017-05-23
5113676	Copake Lake	Copake Lake		42.13926	-73.58234	P	PPL	US		NY	021	18102		823	219	220	America/New_York	2017-05-23
5113681	Copenhagen	Copenhagen	Copenhagen,Mungers Mills	43.8934	-75.67353	P	PPL	US		NY	049	20214		800	355	357	America/New_York	2017-05-23
5113682	Copes Corner	Copes Corner		42.43924	-75.34767	P	PPL	US		NY	077	11528		0	321	320	America/New_York	2017-05-23
5113683	Copiague	Copiague	Copiague,East Amityville,Great Neck,Huntington South	40.68149	-73.39984	P	PPL	US		NY	103	04000		22993	7	9	America/New_York	2017-05-23
5113688	Copake	Copake	kwbayk,كوبايك	42.10342	-73.55012	P	PPL	US		NY	021	18102		0	166	168	America/New_York	2017-05-23
5113694	Coram	Coram	Coram,Corum	40.86871	-73.00149	P	PPL	US		NY	103	10000		39113	29	30	America/New_York	2017-05-23
5113700	Corbettsville	Corbettsville		42.01563	-75.79047	P	PPL	US		NY	007	17772		0	269	270	America/New_York	2017-05-23
5113704	Corbin Corner	Corbin Corner		42.44702	-75.72519	P	PPL	US		NY	017	68055		0	456	459	America/New_York	2017-05-23
5113713	Corbett	Corbett		42.04342	-75.02183	P	PPL	US		NY	025	16793		0	338	339	America/New_York	2017-05-23
5113715	Cordova	Cordova		42.44922	-79.35421	P	PPL	US		NY	013	58981		0	201	202	America/New_York	2017-05-23
5113720	Coreys	Coreys		44.21955	-74.3159	P	PPL	US		NY	033	32314		0	480	492	America/New_York	2017-05-23
5113721	Corfu	Corfu	Corfu,Longs Corners	42.96006	-78.40558	P	PPL	US		NY	037	57078		695	263	264	America/New_York	2017-05-23
5113723	Corinth	Corinth	Corinth,Jessup's Landing,Jessups Landing	43.24452	-73.83234	P	PPL	US		NY	091	18223		2516	186	186	America/New_York	2017-05-23
5113727	Cork	Cork		43.04479	-74.46069	P	PPL	US		NY	035	38792		0	327	336	America/New_York	2017-05-23
5113760	Corning	Corning	Korning,Kurning,ke ning,koning,koningu,kwrnng,kwrnyng  nywywrk,kwrnyngh,Корнинг,Курнинг,كورنينغ,کورننگ,کورنینگ، نیویورک,コーニング,科宁,코닝	42.14285	-77.05469	P	PPL	US		NY	101	18256		10897	284	289	America/New_York	2017-05-23
5113763	Corning Manor	Corning Manor		42.12091	-77.00524	P	PPL	US		NY	101	18267		0	284	287	America/New_York	2017-05-23
5113772	Cornwall Landing	Cornwall Landing		41.44343	-74.00042	P	PPL	US		NY	071	18300		0	4	17	America/New_York	2017-05-23
5113775	Cornwall	Cornwall	Canterbury,Cornwall,Cornwall-on-Hudson,Cornwall-on-the-Hudson	41.44482	-74.0157	P	PPL	US		NY	071	18300		2966	51	54	America/New_York	2017-09-19
5113776	Cornwallville	Cornwallville		42.36814	-74.15819	P	PPL	US		NY	039	21204		0	292	292	America/New_York	2017-05-23
5113779	Corona	Corona	Corona,West Flushing	40.74705	-73.86014	P	PPL	US		NY	081			109698	13	12	America/New_York	2017-04-16
5113787	Corrado Corners	Corrado Corners		43.03118	-75.07682	P	PPL	US		NY	043	27199		0	139	139	America/New_York	2017-05-23
5113790	Cortland	Cortland	CTX,Cortland,Kortland,Kurtlend,kotorando,kwrtland,kwrtlnd  nywywrk,Кортланд,Куртленд,كورتلاند,کورتلند، نیویورک,コートランド	42.60118	-76.18048	P	PPLA2	US		NY	023	18388		18907	344	343	America/New_York	2017-05-23
5113802	Corwin	Corwin		43.25256	-78.69337	P	PPL	US		NY	063	50232		0	106	106	America/New_York	2017-05-23
5113810	Coss Corners	Coss Corners		42.28146	-77.36554	P	PPL	US		NY	101	04770		0	543	545	America/New_York	2017-05-23
5113811	Cossayuna	Cossayuna	Cossayuna,Lake,Lakeville	43.18369	-73.42678	P	PPL	US		NY	115	30686		0	146	143	America/New_York	2017-05-23
5113815	Coteys Corner	Coteys Corner		44.77617	-74.67296	P	PPL	US		NY	089	41564		0	126	126	America/New_York	2017-05-23
5113816	Cottage	Cottage	Cottage,West Dayton	42.42395	-79.0442	P	PPL	US		NY	009	19840		0	409	414	America/New_York	2017-05-23
5113818	Cottage City	Cottage City		42.81118	-77.25942	P	PPL	US		NY	069	29531		0	234	235	America/New_York	2017-05-23
5113820	Cottage Park	Cottage Park		42.09784	-79.35449	P	PPL	US		NY	013	11451		0	399	405	America/New_York	2017-05-23
5113821	Cottage Park	Cottage Park		42.23672	-79.4931	P	PPL	US		NY	013	14069		0	401	403	America/New_York	2017-05-23
5113822	Cottekill	Cottekill		41.85148	-74.10209	P	PPL	US		NY	111	63737		0	77	83	America/New_York	2017-05-23
5113834	Cottons	Cottons	Cotton's,Cottons	43.04173	-75.78185	P	PPL	US		NY	053	42422		0	229	228	America/New_York	2017-05-23
5113835	Cottonwood Cove	Cottonwood Cove		42.76034	-77.72667	P	PPL	US		NY	051	28629		0	249	257	America/New_York	2017-05-23
5113839	Cottonwood Point	Cottonwood Point		42.75062	-77.72639	P	PPL	US		NY	051	31016		0	251	252	America/New_York	2017-05-23
5113850	Country Knolls	Country Knolls		42.91508	-73.80512	P	PPL	US		NY	091	16353		2224	86	94	America/New_York	2017-05-23
5113860	County Line	County Line		43.34645	-78.46586	P	PPL	US		NY	063	68330		0	98	95	America/New_York	2017-05-23
5113875	Couse	Couse	Couse,Couse Corners	42.61952	-73.70206	P	PPL	US		NY	083	22117		0	96	91	America/New_York	2017-05-23
5113879	Cove Neck	Cove Neck		40.88232	-73.50596	P	PPL	US		NY	059	56000		300	7	17	America/New_York	2017-05-23
5113884	Covel Corner	Covel Corner		42.74951	-77.36332	P	PPL	US		NY	069	68660		0	365	362	America/New_York	2017-05-23
5113887	Coventry	Coventry		42.31591	-75.63852	P	PPL	US		NY	017	18619		0	506	507	America/New_York	2017-05-23
5113890	Coventryville	Coventryville		42.31341	-75.59824	P	PPL	US		NY	017	18619		0	436	435	America/New_York	2017-05-23
5113892	Covert	Covert	Covert,Pratt's Corners	42.57535	-76.68356	P	PPL	US		NY	099	18663		0	276	279	America/New_York	2017-05-23
5113898	Coveville	Coveville		43.06035	-73.59539	P	PPL	US		NY	091	65244		0	34	34	America/New_York	2017-05-23
5113902	Covington	Covington	Covington,Covington Center	42.85339	-78.01029	P	PPL	US		NY	121	18696		0	336	338	America/New_York	2017-05-23
5113913	Cowan Corner	Cowan Corner		44.05479	-75.54992	P	PPL	US		NY	045	82348		0	229	233	America/New_York	2017-05-23
5113920	Cowdens Corner	Cowdens Corner		42.40922	-79.27588	P	PPL	US		NY	013	02605		0	387	390	America/New_York	2017-05-23
5113923	Cowles Settlement	Cowles Settlement		42.78812	-75.92575	P	PPL	US		NY	023	19499		0	440	442	America/New_York	2017-05-23
5113924	Cowlesville	Cowlesville	Clapp's Mills,Cowlesville	42.84339	-78.46891	P	PPL	US		NY	121	05936		0	288	292	America/New_York	2017-05-23
5113933	Coxsackie	Coxsackie	Kaksaki,Koksaki,Каксакі,Коксаки	42.35092	-73.8029	P	PPL	US		NY	039	18729		2701	43	44	America/New_York	2017-08-08
5113952	Crab Meadow	Crab Meadow		40.9251	-73.33206	P	PPL	US		NY	103	37000		0	14	15	America/New_York	2017-05-23
5113960	Crafts	Crafts	Craft's,Crafts	41.39232	-73.69763	P	PPL	US		NY	079	12529		0	132	143	America/New_York	2017-05-23
5113963	Cragsmoor	Cragsmoor		41.67343	-74.38543	P	PPL	US		NY	111	78828		449	568	572	America/New_York	2017-05-23
5113974	Craigie Clair	Craigie Clair	Craigeclare,Craigie Clair	41.96426	-74.86627	P	PPL	US		NY	105	63176		0	429	441	America/New_York	2017-05-23
5113975	Craigs	Craigs		42.8609	-77.92167	P	PPL	US		NY	051	84022		0	262	264	America/New_York	2017-05-23
5113976	Craigville	Craigville	Craigsville,Craigville	41.38593	-74.23876	P	PPL	US		NY	071	07003		0	130	127	America/New_York	2017-05-23
5113979	Crains Mills	Crains Mills		42.70951	-76.00548	P	PPL	US		NY	023	75550		0	356	358	America/New_York	2017-05-23
5113988	Cranberry Creek	Cranberry Creek		43.15563	-74.21958	P	PPL	US		NY	035	46217		0	242	242	America/New_York	2017-05-23
5113993	Cranberry Lake	Cranberry Lake	Cranberry Lake,Harewood	44.22256	-74.8363	P	PPL	US		NY	089	16287		200	454	458	America/New_York	2017-05-23
5114027	Crandall Corners	Crandall Corners	Crandall Corners,Crandall's Corners,Crandalls Corners,Crandell Corneers,Crandells Corners	42.95508	-73.5715	P	PPL	US		NY	115	22656		0	112	112	America/New_York	2017-05-23
5114052	Cranes Corners	Cranes Corners		42.98563	-75.12377	P	PPL	US		NY	043	42664		0	430	429	America/New_York	2017-05-23
5114055	Cranesville	Cranesville		42.9173	-74.13485	P	PPL	US		NY	057	02077		0	82	81	America/New_York	2017-05-23
5114058	Crary Mills	Crary Mills	Craig's Mills,Crary Mills,Crary's Mills,Crarys Mills	44.57756	-75.06687	P	PPL	US		NY	089	59575		0	146	148	America/New_York	2017-05-23
5114059	Craryville	Craryville	Bain's Corners,Baines Corners,Baines Station,Craryville,North Copake	42.17481	-73.5829	P	PPL	US		NY	021	18102		0	194	194	America/New_York	2017-05-23
5114060	Craterclub	Craterclub		44.287	-73.35013	P	PPL	US		NY	031	24768		0	64	71	America/New_York	2017-05-23
5114065	Crawford	Crawford		41.65565	-74.32821	P	PPL	US		NY	111	66674		0	197	206	America/New_York	2017-05-23
5114082	Creeklocks	Creeklocks	Creek Locks,Creeklocks	41.87065	-74.04403	P	PPL	US		NY	111	63737		0	7	18	America/New_York	2017-05-23
5114083	Creekside	Creekside		42.69173	-78.78281	P	PPL	US		NY	029	07454		0	251	255	America/New_York	2017-05-23
5114085	Crescent	Crescent		42.82424	-73.7329	P	PPL	US		NY	091	31489		0	64	67	America/New_York	2017-05-23
5114087	Crescent Beach	Crescent Beach		43.28367	-77.6625	P	PPL	US		NY	055	30290		0	76	78	America/New_York	2017-05-23
5114094	Crescent Park	Crescent Park		42.96063	-74.16152	P	PPL	US		NY	057	02077		0	216	218	America/New_York	2017-05-23
5114096	Crescent Station	Crescent Station		42.79841	-73.73373	P	PPL	US		NY	001	17343		0	88	93	America/New_York	2017-05-23
5114099	Crest View Heights	Crest View Heights	Crest View Heights,Crestview Heights	42.07174	-76.11715	P	PPL	US		NY	107	55893		0	270	272	America/New_York	2017-05-23
5114101	Crestview	Crestview		42.09729	-78.48697	P	PPL	US		NY	009	01297		0	453	458	America/New_York	2017-05-23
5114102	Crestwood	Crestwood		40.9601	-73.8243	P	PPL	US		NY	119	84000		0	47	48	America/New_York	2017-05-23
5114103	Crestwood Gardens	Crestwood Gardens		40.96815	-73.82041	P	PPL	US		NY	119	84000		0	46	50	America/New_York	2017-05-23
5114106	Cribbs Corner	Cribbs Corner		43.37729	-76.26965	P	PPL	US		NY	075	56154		0	129	132	America/New_York	2017-05-23
5114114	Crittenden	Crittenden		42.94617	-78.48475	P	PPL	US		NY	029	01099		0	259	258	America/New_York	2017-05-23
5114120	Crocketts	Crocketts		43.32729	-76.62745	P	PPL	US		NY	011	71146		0	109	113	America/New_York	2017-05-23
5114121	Crofts Corners	Crofts Corners	Croft's Corners,Crofts Corners	41.36482	-73.86708	P	PPL	US		NY	079	60147		0	123	126	America/New_York	2017-05-23
5114122	Croghan	Croghan		43.8959	-75.39241	P	PPL	US		NY	049	19081		610	252	254	America/New_York	2017-05-23
5114128	Crompond	Crompond		41.29509	-73.86541	P	PPL	US		NY	119	18410		2292	128	131	America/New_York	2017-05-23
5114132	Crittenden	Crittenden		43.10367	-77.64083	P	PPL	US		NY	055	08246		0	162	167	America/New_York	2017-05-23
5114135	Cronomer Valley	Cronomer Valley	Cronomer Valley,Cronomer's Valley	41.55287	-74.0632	P	PPL	US		NY	071	50045		0	130	134	America/New_York	2017-05-23
5114160	Cropseyville	Cropseyville	Cropserville,Cropseyville	42.74897	-73.55734	P	PPL	US		NY	083	10275		0	170	171	America/New_York	2017-05-23
5114161	Crosby	Crosby		42.54868	-77.09664	P	PPL	US		NY	123	04594		0	226	235	America/New_York	2017-05-23
5114167	Crosbyside	Crosbyside		43.41813	-73.69651	P	PPL	US		NY	113	40519		0	119	126	America/New_York	2017-05-23
5114184	Cross River	Cross River	Cross River,Crossriver	41.26232	-73.61457	P	PPL	US		NY	119	42136		0	103	113	America/New_York	2017-05-23
5114188	Cross Roads	Cross Roads		42.87785	-76.68328	P	PPL	US		NY	011	70376		0	146	148	America/New_York	2017-05-23
5114207	Croton Falls	Croton Falls	Croton Falls,Owensville	41.34732	-73.66096	P	PPL	US		NY	119	53517		0	82	93	America/New_York	2017-05-23
5114212	Croton Heights	Croton Heights		41.24676	-73.78347	P	PPL	US		NY	119	84077		0	159	169	America/New_York	2017-05-23
5114221	Croton-on-Hudson	Croton-on-Hudson	Colabaugh Landing,Collabaugh Landing,Cortlandt Town,Croton,Croton Landing,Croton-on-Hudson,Kroton na Khadsonu,krwtwn an hadswn,Кротон на Хадсону,كروتون أن هادسون	41.20843	-73.89125	P	PPL	US		NY	119	18410		8269	49	52	America/New_York	2017-05-23
5114225	Crotonville	Crotonville		41.18759	-73.87014	P	PPL	US		NY	119	55541		0	39	47	America/New_York	2017-05-23
5114246	Crown Point	Crown Point	Crown Point,Crownpoint,Tekiatonniari:ke,Tekiatonniarí:ke,krwn bwynt,كرون بوينت,کراؤن پوائنٹ، نیو یارک	43.95034	-73.43707	P	PPL	US		NY	031	19246		0	68	76	America/New_York	2017-05-23
5114248	Crown Point Center	Crown Point Center	Crown Point Center,Crown Point Centre,Crownpoint Center	43.94172	-73.46901	P	PPL	US		NY	031	19246		0	89	92	America/New_York	2017-05-23
5114252	Crown Heights	Crown Heights		41.63732	-73.93792	P	PPL	US		NY	027	59652		2840	39	42	America/New_York	2017-05-23
5114257	Crowningshield	Crowningshield		44.32061	-73.51319	P	PPL	US		NY	031	42114		0	171	177	America/New_York	2017-05-23
5114260	Crugers	Crugers		41.23343	-73.92264	P	PPL	US		NY	119	18410		1534	30	32	America/New_York	2017-05-23
5114263	Crum Creek	Crum Creek		43.03952	-74.71376	P	PPL	US		NY	035	55101		0	234	234	America/New_York	2017-05-23
5114271	Crum Town	Crum Town		42.25535	-76.44466	P	PPL	US		NY	107	70178		0	354	357	America/New_York	2017-05-23
5114289	Crystal Beach	Crystal Beach		42.81368	-77.26359	P	PPL	US		NY	069	29531		644	213	225	America/New_York	2017-05-23
5114295	Crystal Brook	Crystal Brook		40.94788	-73.04205	P	PPL	US		NY	103	10000		0	13	26	America/New_York	2017-05-23
5114301	Crystal Dale	Crystal Dale	Crystal Dale,Crystaldale	43.82146	-75.33296	P	PPL	US		NY	049	50001		0	331	331	America/New_York	2017-05-23
5114320	Crystal Run	Crystal Run	Crystal Run,Crystalrun	41.45954	-74.34071	P	PPL	US		NY	071	77992		0	128	132	America/New_York	2017-05-23
5114321	Crystal Spring	Crystal Spring		42.48785	-77.05191	P	PPL	US		NY	123	04594		0	340	343	America/New_York	2017-05-23
5114325	Cuba	Cuba	Kjuba,kwba,kywba,Кјуба,كوبا,کیوبا	42.21757	-78.27529	P	PPL	US		NY	003	19367		1529	456	458	America/New_York	2017-05-23
5114344	Cuddebackville	Cuddebackville	Cuddebackville,Peenpack	41.46732	-74.59377	P	PPL	US		NY	071	19961		0	163	179	America/New_York	2017-05-23
5114345	Cullen	Cullen		42.88229	-74.9621	P	PPL	US		NY	043	78278		0	439	444	America/New_York	2017-05-23
5114353	Culvertown	Culvertown		41.55759	-74.55683	P	PPL	US		NY	105	44809		0	393	400	America/New_York	2017-05-23
5114357	Cumberland Head	Cumberland Head	Cumberland Head,Ohskennon:ton,Ohskennón:ton	44.71643	-73.40263	P	PPL	US		NY	019	58585		1627	44	44	America/New_York	2017-05-23
5114369	Cumminsville	Cumminsville	Cummingsville,Cumminsville	42.57146	-77.71972	P	PPL	US		NY	051	51869		183	195	197	America/New_York	2017-05-23
5114373	Cummings Crossing	Cummings Crossing		42.77396	-76.11937	P	PPL	US		NY	023	59773		0	369	367	America/New_York	2017-05-23
5114380	Curriers	Curriers	Curriers,Curriers Corners,Fox's Corners	42.62062	-78.41752	P	PPL	US		NY	121	38341		0	467	470	America/New_York	2017-05-23
5114381	Curry	Curry		41.85842	-74.58127	P	PPL	US		NY	105	49847		0	354	361	America/New_York	2017-05-23
5114384	Currytown	Currytown		42.85813	-74.46403	P	PPL	US		NY	057	63561		0	276	272	America/New_York	2017-05-23
5114385	Curtis	Curtis		43.17313	-74.81098	P	PPL	US		NY	043	64837		0	435	439	America/New_York	2017-05-23
5114386	Curtis	Curtis		42.2073	-77.1697	P	PPL	US		NY	101	11946		0	304	302	America/New_York	2017-05-23
5114392	Curtis Corner	Curtis Corner		42.78951	-77.54277	P	PPL	US		NY	069	61544		0	333	331	America/New_York	2017-05-23
5114401	Cutchogue	Cutchogue		41.01066	-72.48509	P	PPL	US		NY	103	69463		3349	9	8	America/New_York	2017-05-23
5114404	Cutchogue Station	Cutchogue Station		41.02149	-72.49786	P	PPL	US		NY	103	69463		0	12	15	America/New_York	2017-05-23
5114411	Cutting	Cutting		42.02422	-79.69588	P	PPL	US		NY	013	27606		0	441	442	America/New_York	2017-05-23
5114414	Cuyler	Cuyler		42.73729	-75.94853	P	PPL	US		NY	023	19499		0	370	372	America/New_York	2017-05-23
5114416	Cuylerville	Cuylerville		42.77701	-77.87084	P	PPL	US		NY	051	41883		297	174	175	America/New_York	2017-05-23
5114418	Cypress Hills	Cypress Hills	Cypress Hills,Union Place	40.67705	-73.89125	P	PPL	US		NY	047			54944	14	13	America/New_York	2017-04-16
5114432	Dadville	Dadville		43.80674	-75.47463	P	PPL	US		NY	049	43731		0	226	226	America/New_York	2017-05-23
5114438	Dairyland	Dairyland		41.74704	-74.53738	P	PPL	US		NY	111	78828		0	319	324	America/New_York	2017-05-23
5114439	Daisy	Daisy		42.05592	-74.08764	P	PPL	US		NY	111	83052		0	193	198	America/New_York	2017-05-23
5114445	Dale	Dale		42.81923	-78.17279	P	PPL	US		NY	121	46877		0	366	365	America/New_York	2017-05-23
5114452	Dalton	Dalton	Dalton,Nunda Station	42.5409	-77.9525	P	PPL	US		NY	051	54089		362	409	413	America/New_York	2017-05-23
5114453	Dalton Crossing	Dalton Crossing		44.85367	-75.12215	P	PPL	US		NY	089	77739		0	81	84	America/New_York	2017-05-23
5114459	Damascus	Damascus		42.05591	-75.61018	P	PPL	US		NY	007	82535		0	297	300	America/New_York	2017-05-23
5114462	Dams Corner	Dams Corner		43.13146	-75.57962	P	PPL	US		NY	065	77178		0	150	149	America/New_York	2017-05-23
5114468	Danby	Danby		42.3523	-76.48077	P	PPL	US		NY	109	19620		0	377	380	America/New_York	2017-05-23
5114473	Danes Corners	Danes Corners	Dains Corners,Danes Corners	44.46951	-75.1427	P	PPL	US		NY	089	64221		0	225	224	America/New_York	2017-05-23
5114483	Danielstown	Danielstown		43.25896	-73.78457	P	PPL	US		NY	113	40662		0	240	244	America/New_York	2017-05-23
5114485	Danley Corners	Danley Corners		42.84756	-78.32196	P	PPL	US		NY	121	05936		0	412	410	America/New_York	2017-05-23
5114486	Dann Corner	Dann Corner		42.94701	-77.61305	P	PPL	US		NY	055	46558		0	214	215	America/New_York	2017-05-23
5114487	Dannemora	Dannemora		44.72143	-73.72375	P	PPL	US		NY	019	19653		3629	431	434	America/New_York	2017-05-23
5114488	Dannemora Crossing	Dannemora Crossing		44.89532	-73.7907	P	PPL	US		NY	019	01583		0	266	262	America/New_York	2017-05-23
5114492	Dansville	Dansville	DSV	42.5609	-77.69611	P	PPL	US		NY	051	51869		4550	215	218	America/New_York	2017-05-23
5114497	Danville	Danville		42.00897	-75.47879	P	PPL	US		NY	007	65112		0	559	566	America/New_York	2017-05-23
5114499	Darien	Darien	Darien,Darien City,O-so-ont-geh	42.902	-78.3503	P	PPL	US		NY	037	19719		0	305	305	America/New_York	2017-05-23
5114500	Darien Center	Darien Center	Darien Center,Darien Centre,Kings Corners	42.90117	-78.38863	P	PPL	US		NY	037	19719		0	310	309	America/New_York	2017-05-23
5114520	Darrowsville	Darrowsville		43.60868	-73.80207	P	PPL	US		NY	113	15319		0	292	296	America/New_York	2017-05-23
5114523	Dashville	Dashville		41.82093	-74.04486	P	PPL	US		NY	111	24691		0	64	68	America/New_York	2017-05-23
5114527	Davenport	Davenport		42.47175	-74.8446	P	PPL	US		NY	025	19763		0	398	400	America/New_York	2017-05-23
5114528	Davenport Center	Davenport Center	Davenport Center,Davenport Centre	42.44814	-74.91905	P	PPL	US		NY	025	19763		349	371	370	America/New_York	2017-05-23
5114544	Davis Corners	Davis Corners		41.91787	-74.21015	P	PPL	US		NY	111	54749		0	169	173	America/New_York	2017-05-23
5114549	Davis Crossing	Davis Crossing		42.56257	-75.3574	P	PPL	US		NY	017	49957		0	327	327	America/New_York	2017-05-23
5114554	Davis Park	Davis Park		40.68399	-73.00483	P	PPL	US		NY	103	10000		0	3	6	America/New_York	2017-05-23
5114561	Davison Beach	Davison Beach	Alder Beach,Davidson Beach,Davison,Davison Beach	43.34034	-77.77084	P	PPL	US		NY	055	56561		0	74	77	America/New_York	2017-05-23
5114567	Daws	Daws		43.0445	-78.19224	P	PPL	US		NY	037	04726		0	254	257	America/New_York	2017-05-23
5114570	Day Center	Day Center	Day Center,Day Centre	43.30896	-74.01652	P	PPL	US		NY	091	19807		0	249	259	America/New_York	2017-05-23
5114579	Days Rock	Days Rock		42.97035	-74.96099	P	PPL	US		NY	043	28750		0	216	225	America/New_York	2017-05-23
5114582	Daysville	Daysville		43.52868	-76.18243	P	PPL	US		NY	075	61533		0	96	101	America/New_York	2017-05-23
5114584	Daysville Corner	Daysville Corner		43.54174	-76.19326	P	PPL	US		NY	075	61533		0	83	83	America/New_York	2017-05-23
5114585	Dayton	Dayton		42.41701	-78.97698	P	PPL	US		NY	009	19840		0	408	409	America/New_York	2017-05-23
5114590	Daytonville	Daytonville		42.97729	-75.34295	P	PPL	US		NY	065	45755		0	416	417	America/New_York	2017-05-23
5114592	De Kalb	De Kalb	Cooper's Village,De Kalb,DeKalb,Dekalb,Williamstown	44.49895	-75.34272	P	PPL	US		NY	089	20038		0	101	104	America/New_York	2017-05-23
5114593	De Kalb Junction	De Kalb Junction	De Kalb Junction,DeKalb Junction,Dekalb Junction	44.50506	-75.27382	P	PPL	US		NY	089	20038		519	137	138	America/New_York	2017-05-23
5114597	De Lancey	De Lancey	De Lancey,DeLancey,Delancy,Lansingville	42.20564	-74.97072	P	PPL	US		NY	025	31698		0	399	400	America/New_York	2017-05-23
5114598	De Peyster	De Peyster	De Peyster,De Peyster Corners,DePeyster,Depeysster,Depeyster,Punch Lock,Punchlock	44.55256	-75.4355	P	PPL	US		NY	089	20335		0	114	115	America/New_York	2017-05-23
5114602	De Witt	De Witt		43.03868	-76.07298	P	PPL	US		NY	067	20478		0	172	174	America/New_York	2017-05-23
5114611	DeRuyter	DeRuyter	De Ruyter,DeRuyter,Deruyter,Trompville	42.7584	-75.88436	P	PPL	US		NY	053	20401		535	392	396	America/New_York	2017-05-23
5114617	DeWitt	DeWitt	De Witt,DeWitt,Hull's Landing,Orville,Youngsville,dy wyt,دي ويت	43.03507	-76.06548	P	PPL	US		NY	067	20478		0	142	143	America/New_York	2017-05-23
5114621	DeWitt Mills	DeWitt Mills	De Witt's Mills,DeWitt Mills,Frosts Mills,John Dewitt's Mills,Le Roy Mills,Le Roys Corners,Leroys Mills,Lines Mills,Pleasant Plains	41.85565	-73.88291	P	PPL	US		NY	027	16408		0	84	87	America/New_York	2017-05-23
5114626	Days Corners	Days Corners		42.98285	-75.18849	P	PPL	US		NY	043	42664		0	409	410	America/New_York	2017-05-23
5114644	Dean	Dean		42.32311	-79.43449	P	PPL	US		NY	013	14069		0	443	443	America/New_York	2017-05-23
5114657	Deans Corner	Deans Corner		41.37648	-73.63457	P	PPL	US		NY	079	68924		0	95	109	America/New_York	2017-05-23
5114658	Deans Corners	Deans Corners	Dean's Corners,Deans Corners	43.04896	-73.67734	P	PPL	US		NY	091	65244		0	98	100	America/New_York	2017-05-23
5114663	Deans Mill	Deans Mill		42.45008	-73.83096	P	PPL	US		NY	039	49935		0	94	92	America/New_York	2017-05-23
5114666	Deansboro	Deansboro	Deansboro,Deansville	42.99507	-75.42851	P	PPL	US		NY	065	45755		0	249	251	America/New_York	2017-05-23
5114673	Debruce	Debruce		41.9137	-74.7271	P	PPL	US		NY	105	63176		0	508	510	America/New_York	2017-05-23
5114674	Decatur	Decatur		42.64424	-74.72515	P	PPL	US		NY	077	19895		0	493	494	America/New_York	2017-05-23
5114678	Deck	Deck		42.95035	-74.88015	P	PPL	US		NY	043	70794		0	379	382	America/New_York	2017-05-23
5114681	Deckertown	Deckertown		42.34368	-76.8319	P	PPL	US		NY	097	48186		0	147	154	America/New_York	2017-05-23
5114682	Deckertown	Deckertown		41.92509	-74.83266	P	PPL	US		NY	105	63176		0	440	448	America/New_York	2017-05-23
5114731	Deer Park	Deer Park	DPK,Deer Park,Deerpark	40.76177	-73.32929	P	PPL	US		NY	103	04000		27745	26	24	America/New_York	2017-05-23
5114755	Deer River	Deer River	Deer River,French's Mills,Myers Mills	43.92979	-75.58908	P	PPL	US		NY	049	20214		0	238	242	America/New_York	2017-05-23
5114764	Deerfield	Deerfield		40.93593	-72.36453	P	PPL	US		NY	103	68473		0	21	24	America/New_York	2017-05-23
5114765	Deerfield Heights	Deerfield Heights		43.12951	-75.21405	P	PPL	US		NY	065	19928		0	158	157	America/New_York	2017-05-23
5114769	Deerhead	Deerhead	Cross,Deerhead	44.35227	-73.54319	P	PPL	US		NY	031	42114		0	206	210	America/New_York	2017-05-23
5114770	Deerland	Deerland	Deerland,Grove	43.93867	-74.46044	P	PPL	US		NY	041	43412		0	507	511	America/New_York	2017-05-23
5114773	Deerfield	Deerfield	Deerfield,Deerfield Corners	43.11951	-75.21878	P	PPL	US		NY	065	76540		0	135	136	America/New_York	2017-05-23
5114781	Deferiet	Deferiet		44.03562	-75.68381	P	PPL	US		NY	045	82348		292	201	201	America/New_York	2017-05-23
5114783	Deforest Corners	Deforest Corners	Crains Corners,De Forest Corners,De Forest's Corners,Deforest Corners	41.44537	-73.54957	P	PPL	US		NY	079	68924		0	138	148	America/New_York	2017-05-23
5114784	Defreestville	Defreestville	Blooming Grove,De Freesville,Defreestville	42.65341	-73.69595	P	PPL	US		NY	083	52100		0	95	98	America/New_York	2017-05-23
5114789	Degroff	Degroff	De Graff,De Groff,Degroff	42.88368	-76.4991	P	PPL	US		NY	011	55871		0	282	279	America/New_York	2017-05-23
5114803	Delanson	Delanson	Delanson,Quaker Street	42.74535	-74.18818	P	PPL	US		NY	093	21006		379	249	254	America/New_York	2017-05-23
5114812	Degrasse	Degrasse	Degrasse,Monterey	44.34978	-75.07576	P	PPL	US		NY	089	64221		0	267	267	America/New_York	2017-05-23
5114821	Delevan	Delevan	Delevan,Yorkshire Center	42.48923	-78.48085	P	PPL	US		NY	009	84055		1058	434	436	America/New_York	2017-05-23
5114824	Delhi	Delhi	qryt dlhy,قرية دلهي	42.27814	-74.91599	P	PPLA2	US		NY	025	20137		3157	418	420	America/New_York	2017-05-23
5114829	Dellwood	Dellwood	Dellwood,Looneyville Station	42.91673	-78.57836	P	PPL	US		NY	029	41146		0	233	233	America/New_York	2017-05-23
5114831	Delmar	Delmar	Adam's Station,Adams Station,Adamsville,Delmar	42.62202	-73.83262	P	PPL	US		NY	001	06354		8195	68	69	America/New_York	2017-05-23
5114836	Delphi Falls	Delphi Falls		42.87646	-75.91353	P	PPL	US		NY	067	59036		0	289	290	America/New_York	2017-05-23
5114851	Dempster Corners	Dempster Corners		43.08924	-74.58125	P	PPL	US		NY	035	24603		0	453	456	America/New_York	2017-05-23
5114852	Demster	Demster		43.49618	-76.31688	P	PPL	US		NY	075	50342		0	94	95	America/New_York	2017-05-23
5114853	Demster Beach	Demster Beach	Dempster Beach,Demster Beach	43.51424	-76.30882	P	PPL	US		NY	075	50342		0	79	83	America/New_York	2017-05-23
5114855	Denault Corners	Denault Corners		42.60064	-73.51706	P	PPL	US		NY	083	49517		0	266	266	America/New_York	2017-05-23
5114856	Denison Corner	Denison Corner	Denison Corner,Denison Corners	42.8359	-77.57277	P	PPL	US		NY	069	61544		0	277	275	America/New_York	2017-05-23
5114861	Denmark	Denmark		43.89979	-75.58241	P	PPL	US		NY	049	20214		0	296	296	America/New_York	2017-05-23
5114862	Denmark	Denmark		42.15702	-77.05302	P	PPL	US		NY	101	18267		0	301	294	America/New_York	2017-05-23
5114865	Dennies Crossing	Dennies Crossing		43.07368	-74.30958	P	PPL	US		NY	035	38792		0	260	260	America/New_York	2017-05-23
5114866	Dennies Hollow	Dennies Hollow		43.12757	-74.2518	P	PPL	US		NY	035	46217		0	257	257	America/New_York	2017-05-23
5114867	Denning	Denning		41.95093	-74.48904	P	PPL	US		NY	111	20247		0	597	603	America/New_York	2017-05-23
5114877	Dennison Corners	Dennison Corners		42.49367	-79.14948	P	PPL	US		NY	013	32050		0	255	252	America/New_York	2017-05-23
5114878	Dennison Corners	Dennison Corners	Dennison,Dennison Corners,Dennison's Corners,Whitmantown	42.9609	-75.0146	P	PPL	US		NY	043	28750		0	398	398	America/New_York	2017-05-23
5114881	Denniston	Denniston		41.46009	-74.1057	P	PPL	US		NY	071	50848		0	122	126	America/New_York	2017-05-23
5114882	Dennytown	Dennytown		41.42648	-73.86819	P	PPL	US		NY	079	60147		0	288	297	America/New_York	2017-05-23
5114890	Denton	Denton	Denton,The Outlet	41.40482	-74.40377	P	PPL	US		NY	071	78839		0	136	141	America/New_York	2017-05-23
5114896	Denver	Denver	Denver,Денвер	42.21259	-74.56932	P	PPL	US		NY	025	47031		0	497	502	America/New_York	2017-05-23
5114899	Depauville	Depauville	Catfish Falls,Depauville	44.13838	-76.06549	P	PPL	US		NY	045	16100		577	93	91	America/New_York	2017-05-23
5114900	Depew	Depew	Depju,dybyw,Депју,ديبيو	42.90395	-78.69225	P	PPL	US		NY	029	41146		15146	205	207	America/New_York	2017-05-23
5114903	Deposit	Deposit	Cokeose,Cookhouse,Deposit	42.06008	-75.42768	P	PPL	US		NY	007	65112		1598	305	305	America/New_York	2017-05-23
5114910	Derby	Derby		42.68145	-78.97531	P	PPL	US		NY	029	24801		0	214	217	America/New_York	2017-05-23
5114915	Derbys Corners	Derbys Corners		44.40839	-75.15243	P	PPL	US		NY	089	64221		0	193	195	America/New_York	2017-05-23
5114918	Dering Harbor	Dering Harbor		41.09288	-72.34675	P	PPL	US		NY	103	66839		11	2	-9999	America/New_York	2017-05-23
5114920	Derrick	Derrick		44.36673	-74.47961	P	PPL	US		NY	033	75676		0	476	471	America/New_York	2017-05-23
5114922	Desbrough Park	Desbrough Park		43.30257	-76.83107	P	PPL	US		NY	117	82689		0	83	82	America/New_York	2017-05-23
5114936	Devereaux	Devereaux	Devereaux,Devereux,Devereux Station	42.33368	-78.56502	P	PPL	US		NY	009	27342		0	519	521	America/New_York	2017-05-23
5114957	Devon	Devon		40.99149	-72.10702	P	PPL	US		NY	103	22194		0	2	2	America/New_York	2017-05-23
5114972	Dewittville	Dewittville	De Wittville,Dewittville,Tinkertown	42.23922	-79.44532	P	PPL	US		NY	013	14069		0	404	406	America/New_York	2017-05-23
5114982	Dexter	Dexter	Dexter,Fish Island	44.00784	-76.04437	P	PPL	US		NY	045	10242		1086	86	86	America/New_York	2017-05-23
5114984	Dexterville	Dexterville		43.3234	-76.50077	P	PPL	US		NY	075	29729		0	143	144	America/New_York	2017-05-23
5115006	Diamond Point	Diamond Point	Diamond Point,High View,Hillview	43.47924	-73.68706	P	PPL	US		NY	113	40519		0	101	102	America/New_York	2017-05-23
5115014	Dibble Corner	Dibble Corner		42.42868	-75.71158	P	PPL	US		NY	017	68055		0	478	476	America/New_York	2017-05-23
5115017	Diana Center	Diana Center	Blanchards Settlement,Diana Center	44.07562	-75.44075	P	PPL	US		NY	049	20555		0	265	265	America/New_York	2017-05-23
5115019	Dibbletown	Dibbletown		43.28035	-75.71018	P	PPL	US		NY	065	77486		0	150	151	America/New_York	2017-05-23
5115025	Dickersonville	Dickersonville		43.19061	-78.93032	P	PPL	US		NY	063	42158		0	119	118	America/New_York	2017-05-23
5115030	Dickinson Center	Dickinson Center	Dickinson Center,Dickinson Centre,Thomasville	44.71756	-74.55268	P	PPL	US		NY	033	20610		0	291	291	America/New_York	2017-05-23
5115040	Diddell	Diddell	Diddell,Didell	41.62343	-73.85208	P	PPL	US		NY	027	78157		0	76	80	America/New_York	2017-05-23
5115046	Dickinson	Dickinson		44.74839	-74.56462	P	PPL	US		NY	033	20610		0	220	217	America/New_York	2017-05-23
5115047	Dillen	Dillen	Dillen,Dillen Corners,Dillin	43.88812	-75.94881	P	PPL	US		NY	045	63341		0	250	251	America/New_York	2017-05-23
5115062	Dineharts	Dineharts		42.44896	-77.31331	P	PPL	US		NY	101	81457		0	399	401	America/New_York	2017-05-23
5115075	Dishaw	Dishaw		44.83866	-75.0402	P	PPL	US		NY	089	43588		0	81	82	America/New_York	2017-05-23
5115091	Ditch Plains	Ditch Plains		41.04066	-71.91785	P	PPL	US		NY	103	22194		0	3	6	America/New_York	2017-05-23
5115098	Divine Corners	Divine Corners	Divine Corners,Divine's Corners	41.79037	-74.66572	P	PPL	US		NY	105	25241		0	481	484	America/New_York	2017-05-23
5115099	Divinity Hill	Divinity Hill		40.94649	-72.20758	P	PPL	US		NY	103	22194		0	7	9	America/New_York	2017-05-23
5115103	Dix	Dix		43.16563	-75.46212	P	PPL	US		NY	065	80533		0	163	163	America/New_York	2017-05-23
5115107	Dix Hills	Dix Hills		40.80482	-73.33623	P	PPL	US		NY	103	37000		26892	62	71	America/New_York	2017-05-23
5115122	Dobbins Corner	Dobbins Corner		42.90618	-76.96302	P	PPL	US		NY	099	78564		0	149	152	America/New_York	2017-05-23
5115123	Dobbs Ferry	Dobbs Ferry	Dobb's Ferry,Dobbs Ferry,Dobs Feri,Greenburgh,New Wales,Weecquaesgunk,Добс Фери,ドブス・フェリー	41.01454	-73.87264	P	PPL	US		NY	119			11131	64	71	America/New_York	2017-03-09
5115142	Dodge	Dodge		42.00117	-79.0906	P	PPL	US		NY	013	12639		0	490	498	America/New_York	2017-05-23
5115170	Dogtail Corners	Dogtail Corners		41.67148	-73.52846	P	PPL	US		NY	027	20819		0	142	149	America/New_York	2017-05-23
5115177	Dolgeville	Dolgeville	Brockett's Bridge,Brocketts Bridge,Dolgeville,Green's Bridge,dwlghyfyl,دولغيفيل	43.1009	-74.77293	P	PPL	US		NY	043	44974		2132	241	245	America/New_York	2017-05-23
5115204	Dongan Hills	Dongan Hills		40.58844	-74.09625	P	PPL	US		NY	085			9529	8	9	America/New_York	2017-04-16
5115209	Doodletown (historical)	Doodletown (historical)	Doodle,Doodletown (historical)	41.29954	-74.00264	P	PPLQ	US		NY	087	71674		0	148	156	America/New_York	2017-05-23
5115214	Doolins Crossing	Doolins Crossing		44.08479	-75.67798	P	PPL	US		NY	045	42015		0	192	197	America/New_York	2017-05-23
5115222	Doraville	Doraville		42.15036	-75.58435	P	PPL	US		NY	007	17046		0	295	297	America/New_York	2017-05-23
5115223	Doris Park	Doris Park		43.24424	-76.02492	P	PPL	US		NY	075	17904		0	114	119	America/New_York	2017-05-23
5115226	Dorloo	Dorloo	Dorloo,New Dorlach	42.71285	-74.62292	P	PPL	US		NY	095	66542		0	357	357	America/New_York	2017-05-23
5115228	Dormansville	Dormansville		42.49952	-73.99458	P	PPL	US		NY	001	79851		0	309	302	America/New_York	2017-05-23
5115246	Douglas Crossing	Douglas Crossing		44.182	-75.81883	P	PPL	US		NY	045	73528		0	121	122	America/New_York	2017-05-23
5115258	Douglaston	Douglaston		40.76871	-73.74708	P	PPL	US		NY	081			14762	25	30	America/New_York	2017-04-16
5115261	Dover Plains	Dover Plains	Dover Plains,Pawlingstown	41.74121	-73.57652	P	PPL	US		NY	027	20819		1323	122	124	America/New_York	2017-05-23
5115269	Dover Furnace	Dover Furnace		41.68426	-73.58735	P	PPL	US		NY	027	20819		0	138	142	America/New_York	2017-05-23
5115275	Downsville	Downsville		42.08092	-74.99572	P	PPL	US		NY	025	16793		617	343	344	America/New_York	2017-05-23
5115280	Doxtater Corner	Doxtater Corner		43.11674	-74.7332	P	PPL	US		NY	035	55101		0	294	300	America/New_York	2017-05-23
5115281	Doyle	Doyle		42.8795	-78.78475	P	PPL	US		NY	029	15011		0	186	186	America/New_York	2017-05-23
5115293	Drakes Corner	Drakes Corner		43.37674	-76.34243	P	PPL	US		NY	075	77662		0	144	144	America/New_York	2017-05-23
5115301	Dresden	Dresden		43.67256	-73.41067	P	PPL	US		NY	115	20885		0	42	38	America/New_York	2017-05-23
5115302	Dresden	Dresden		42.68396	-76.9558	P	PPL	US		NY	123	75055		300	155	159	America/New_York	2017-05-23
5115303	Dresden Center	Dresden Center	Dresden Center,Dresden Centre	43.6334	-73.44512	P	PPL	US		NY	115	20885		0	105	109	America/New_York	2017-05-23
5115309	Dresserville	Dresserville		42.70368	-76.32771	P	PPL	US		NY	011	66278		0	392	395	America/New_York	2017-05-23
5115310	Drews Corner	Drews Corner		44.84783	-75.15938	P	PPL	US		NY	089	77739		0	87	85	America/New_York	2017-05-23
5115312	Drewville Heights	Drewville Heights		41.39204	-73.63596	P	PPL	US		NY	079	68924		0	143	157	America/New_York	2017-05-23
5115316	Driftwood	Driftwood		42.12395	-79.32921	P	PPL	US		NY	013	23976		0	403	409	America/New_York	2017-05-23
5115374	Dryden	Dryden		42.49091	-76.29716	P	PPL	US		NY	109	20962		2094	332	334	America/New_York	2017-05-23
5115382	Duane	Duane		42.75424	-74.14846	P	PPL	US		NY	093	21006		0	257	255	America/New_York	2017-05-23
5115383	Duane Center	Duane Center		44.6595	-74.26405	P	PPL	US		NY	033	20973		0	502	500	America/New_York	2017-05-23
5115385	Duane Lake	Duane Lake		42.75313	-74.10763	P	PPL	US		NY	093	21006		323	281	286	America/New_York	2017-05-23
5115392	Duanesburg	Duanesburg	Duanesburg,Duanesburgh,Dvejnsberg,Four Corners,Jamesville,dawnysbwrgh,Двејнсберг,داونيسبورغ	42.76202	-74.13374	P	PPL	US		NY	093	21006		391	219	220	America/New_York	2017-05-23
5115397	Dublin	Dublin	Dublin,Junius	42.99479	-76.92219	P	PPL	US		NY	099	38858		0	135	135	America/New_York	2017-05-23
5115406	Duboise Corner	Duboise Corner		42.49785	-76.55744	P	PPL	US		NY	109	75990		0	256	260	America/New_York	2017-05-23
5115450	Dudley Settlement	Dudley Settlement		42.30424	-77.33998	P	PPL	US		NY	101	04770		0	476	475	America/New_York	2017-05-23
5115451	Duells Corner	Duells Corner	Deuels Corners,Dewell's Corners,Dewells Corners,Duells Corner	42.747	-78.74836	P	PPL	US		NY	029	55277		0	272	274	America/New_York	2017-05-23
5115459	Dugway	Dugway	Dug Way,Dugway	43.46146	-76.08159	P	PPL	US		NY	075	01055		0	157	157	America/New_York	2017-05-23
5115466	Dumbarton	Dumbarton		43.16229	-75.66157	P	PPL	US		NY	065	77178		0	129	130	America/New_York	2017-05-23
5115469	Dunbar	Dunbar		42.11008	-75.72102	P	PPL	US		NY	007	82535		0	427	429	America/New_York	2017-05-23
5115475	Dundee	Dundee	Dundee,Harpending's Corners	42.5234	-76.97663	P	PPL	US		NY	123	70816		1665	300	302	America/New_York	2017-05-23
5115495	Dunkirk	Dunkirk	Chadwicks Bay,DKK,Dankerk,Dinkirk,Dunkirk,Ganadawao,dankyrk  nywywrk,dwnkyrk,Данкерк,Динкирк,دانکیرک، نیویورک,دونكيرك	42.4795	-79.33393	P	PPL	US		NY	013	21105		12081	188	192	America/New_York	2017-05-23
5115506	Dunham Hollow	Dunham Hollow		42.58508	-73.48456	P	PPL	US		NY	083	49517		0	317	324	America/New_York	2017-05-23
5115508	Dunn Brook	Dunn Brook		43.38729	-75.38156	P	PPL	US		NY	065	79862		0	223	241	America/New_York	2017-05-23
5115515	Dunnsville	Dunnsville	Dunnsville,Hardscrabble	42.7398	-74.01429	P	PPL	US		NY	001	31104		0	108	110	America/New_York	2017-05-23
5115516	Dunsbach Ferry	Dunsbach Ferry		42.79202	-73.75623	P	PPL	US		NY	001	17343		0	57	63	America/New_York	2017-05-23
5115518	Dunwoodie	Dunwoodie		40.92843	-73.86375	P	PPL	US		NY	119	84000		0	79	92	America/New_York	2017-05-23
5115521	Dunwoodie Heights	Dunwoodie Heights	Dunwoodie Heights,Dunwoody Heights	40.92538	-73.86791	P	PPL	US		NY	119	84000		0	84	85	America/New_York	2017-05-23
5115534	Durham	Durham	Darem,Durham,New Durham,dwrham,Дарем,دورهام	42.39953	-74.17236	P	PPL	US		NY	039	21204		2670	235	237	America/New_York	2017-05-23
5115536	Durhamville	Durhamville		43.12062	-75.67102	P	PPL	US		NY	065	77178		584	132	130	America/New_York	2017-05-23
5115538	Durkeetown	Durkeetown		43.24674	-73.53234	P	PPL	US		NY	115	26781		0	52	49	America/New_York	2017-05-23
5115539	Durland	Durland		41.28287	-74.30793	P	PPL	US		NY	071	78366		0	164	164	America/New_York	2017-05-23
5115542	Durlandville	Durlandville		41.35065	-74.38821	P	PPL	US		NY	071	29553		0	131	129	America/New_York	2017-05-23
5115545	Durso Corner	Durso Corner		42.33675	-74.12819	P	PPL	US		NY	039	21204		0	427	433	America/New_York	2017-05-23
5115553	Dutch Flats	Dutch Flats		42.77228	-78.26335	P	PPL	US		NY	121	55222		0	455	456	America/New_York	2017-05-23
5115566	Dutch Hollow	Dutch Hollow		42.73728	-78.44474	P	PPL	US		NY	121	66773		0	387	393	America/New_York	2017-05-23
5115568	Dutch Hollow	Dutch Hollow		41.24843	-74.27348	P	PPL	US		NY	071	78366		0	214	222	America/New_York	2017-05-23
5115575	Dutch Settlement	Dutch Settlement		44.11673	-75.80882	P	PPL	US		NY	045	42015		0	134	134	America/New_York	2017-05-23
5115576	Dutch Settlement	Dutch Settlement		43.32451	-76.07742	P	PPL	US		NY	075	80500		0	163	163	America/New_York	2017-05-23
5115579	Dutcherville	Dutcherville		43.28896	-75.95714	P	PPL	US		NY	075	17904		0	167	168	America/New_York	2017-05-23
5115585	Dutchess Junction	Dutchess Junction		41.47454	-73.97875	P	PPL	US		NY	027	25978		0	27	31	America/New_York	2017-05-23
5115589	Dutchtown	Dutchtown		42.61978	-78.4828	P	PPL	US		NY	029	35122		0	408	409	America/New_York	2017-05-23
5115603	Dwaarkill	Dwaarkill	Dwaar Kill,Dwaar's Kill,Dwaarkill,Dwaars Kil	41.6487	-74.26376	P	PPL	US		NY	111	66674		0	109	115	America/New_York	2017-05-23
5115607	Dyke	Dyke		42.22341	-77.02386	P	PPL	US		NY	101	35661		0	468	475	America/New_York	2017-05-23
5115610	Dwelly Corners	Dwelly Corners		42.77007	-74.33652	P	PPL	US		NY	095	24724		0	303	303	America/New_York	2017-05-23
5115612	Dykemans	Dykemans	Dykeman's,Dykeman's Station,Dykemans,Dykemans Station	41.43426	-73.61846	P	PPL	US		NY	079	68924		0	140	139	America/New_York	2017-05-23
5115614	Dyker Heights	Dyker Heights		40.62149	-74.00958	P	PPL	US		NY	047			34399	20	25	America/New_York	2017-04-16
5115616	Dysinger	Dysinger		43.13395	-78.57419	P	PPL	US		NY	063	64034		0	190	189	America/New_York	2017-05-23
5115622	Eagle	Eagle		42.54867	-78.29807	P	PPL	US		NY	121	21369		0	539	541	America/New_York	2017-05-23
5115624	Eagle Bay	Eagle Bay		43.76951	-74.81684	P	PPL	US		NY	043	78927		0	542	537	America/New_York	2017-05-23
5115626	Eagle Bridge	Eagle Bridge		42.95008	-73.39622	P	PPL	US		NY	083	35463		0	123	124	America/New_York	2017-05-23
5115636	Eagle Harbor	Eagle Harbor		43.25339	-78.25308	P	PPL	US		NY	073	27958		0	155	160	America/New_York	2017-05-23
5115637	Eagle Harbor Station	Eagle Harbor Station		43.23589	-78.25391	P	PPL	US		NY	073	01044		0	161	161	America/New_York	2017-05-23
5115647	Eagle Mills	Eagle Mills	Eagle Mills,Milltown,Millville	42.72924	-73.60373	P	PPL	US		NY	083	10275		0	127	123	America/New_York	2017-05-23
5115652	Eagle Nest	Eagle Nest		43.84979	-74.48544	P	PPL	US		NY	041	37374		0	574	580	America/New_York	2017-05-23
5115657	Eagle Point	Eagle Point		42.80006	-77.71722	P	PPL	US		NY	051	28629		0	250	256	America/New_York	2017-05-23
5115667	Eagle Valley	Eagle Valley		41.15482	-74.22681	P	PPL	US		NY	071	75781		0	172	174	America/New_York	2017-05-23
5115669	Eagle Village	Eagle Village		43.01312	-75.94269	P	PPL	US		NY	067	45029		0	293	296	America/New_York	2017-05-23
5115677	Eagleville	Eagleville		42.88146	-75.64352	P	PPL	US		NY	053	23305		0	383	383	America/New_York	2017-05-23
5115678	Eagleville	Eagleville	Eagleville,East Salem	43.08452	-73.31289	P	PPL	US		NY	115	64782		0	147	149	America/New_York	2017-05-23
5115685	Earlton	Earlton		42.35564	-73.90068	P	PPL	US		NY	039	18729		0	127	134	America/New_York	2017-05-23
5115686	Earlville	Earlville		44.97032	-74.04989	P	PPL	US		NY	033	13992		0	209	206	America/New_York	2017-05-23
5115687	Earlville	Earlville	Earlville,The Forks	42.73979	-75.54518	P	PPL	US		NY	053	31720		830	335	337	America/New_York	2017-05-23
5115695	East Afton	East Afton		42.20703	-75.42351	P	PPL	US		NY	017	00353		0	541	540	America/New_York	2017-05-23
5115697	East Alexander	East Alexander		42.92784	-78.19279	P	PPL	US		NY	037	01165		0	286	284	America/New_York	2017-05-23
5115698	East Amboy	East Amboy		43.37035	-75.91047	P	PPL	US		NY	075	01649		0	212	216	America/New_York	2017-05-23
5115699	East Amherst	East Amherst		43.01839	-78.6967	P	PPL	US		NY	029	15825		0	181	184	America/New_York	2017-05-23
5115700	East Arcade	East Arcade		42.57062	-78.34446	P	PPL	US		NY	121	02418		0	485	488	America/New_York	2017-05-23
5115703	East Atlantic Beach	East Atlantic Beach		40.78982	-73.74708	P	PPL	US		NY	059	53000		2049	21	25	America/New_York	2017-05-23
5115704	East Aurora	East Aurora	East Aurora,Ist Orora,Lower Village,Upper Village,ayst aywrwra,Ист Орора,إيست أئورورا	42.76784	-78.61336	P	PPL	US		NY	029	03199		6236	280	281	America/New_York	2017-05-23
5115706	East Avon	East Avon		42.90923	-77.70639	P	PPL	US		NY	051	03364		608	250	251	America/New_York	2017-05-23
5115709	East Barre	East Barre		43.187	-78.1503	P	PPL	US		NY	073	04572		0	208	208	America/New_York	2017-05-23
5115716	East Bay Park	East Bay Park	East Bay,East Bay Park	43.29201	-76.89496	P	PPL	US		NY	117	37165		0	84	86	America/New_York	2017-05-23
5115722	East Beekmantown	East Beekmantown		44.75254	-73.47014	P	PPL	US		NY	019	05485		0	43	44	America/New_York	2017-05-23
5115724	East Bennington	East Bennington		42.85867	-78.33724	P	PPL	US		NY	121	05936		0	408	409	America/New_York	2017-05-23
5115725	East Bergen	East Bergen		43.11089	-77.93473	P	PPL	US		NY	037	06057		0	176	177	America/New_York	2017-05-23
5115726	East Berkshire	East Berkshire		42.30646	-76.14354	P	PPL	US		NY	107	06145		0	359	360	America/New_York	2017-05-23
5115727	East Berne	East Berne	East Bern,East Berne,Philadelphia,Philley,Warner's Mills,Werner's Mills	42.61647	-74.07457	P	PPL	US		NY	001	06211		0	359	361	America/New_York	2017-05-23
5115728	East Bethany	East Bethany		42.93145	-78.1014	P	PPL	US		NY	037	06266		0	305	308	America/New_York	2017-05-23
5115729	East Bloomfield	East Bloomfield		42.89506	-77.43471	P	PPL	US		NY	069	21699		0	326	331	America/New_York	2017-05-23
5115731	East Boston	East Boston		43.0834	-75.81741	P	PPL	US		NY	053	71993		0	138	137	America/New_York	2017-05-23
5115733	East Boylston	East Boylston		43.69062	-75.92964	P	PPL	US		NY	075	07674		0	399	403	America/New_York	2017-05-23
5115734	East Branch	East Branch	Beaverkill,East Branch,Eastbranch	41.98842	-75.13378	P	PPL	US		NY	025	31951		0	307	307	America/New_York	2017-05-23
5115780	East Brentwood	East Brentwood		40.79204	-73.23123	P	PPL	US		NY	103	38000		0	26	29	America/New_York	2017-05-23
5115788	East Buskirk	East Buskirk		42.94452	-73.434	P	PPL	US		NY	083	35463		0	136	134	America/New_York	2017-05-23
5115790	East Campbell	East Campbell		42.22424	-77.13581	P	PPL	US		NY	101	11946		0	317	318	America/New_York	2017-05-23
5115801	East Chatham	East Chatham	East Chatham,New Concord	42.41064	-73.52456	P	PPL	US		NY	021	14014		0	214	217	America/New_York	2017-05-23
5115802	East Chester	East Chester		41.35454	-74.27709	P	PPL	US		NY	071	15308		0	151	149	America/New_York	2017-05-23
5115804	East Clarence	East Clarence		43.01228	-78.58753	P	PPL	US		NY	029	15825		0	193	196	America/New_York	2017-05-23
5115807	East Cobleskill	East Cobleskill		42.67396	-74.38986	P	PPL	US		NY	095	16639		0	344	344	America/New_York	2017-05-23
5115808	East Cochecton	East Cochecton		41.71537	-75.01572	P	PPL	US		NY	105	16661		0	400	396	America/New_York	2017-05-23
5115809	East Coldenham	East Coldenham		41.51954	-74.10876	P	PPL	US		NY	071	50045		0	154	155	America/New_York	2017-05-23
5115810	East Concord	East Concord		42.55201	-78.6403	P	PPL	US		NY	029	17585		0	444	445	America/New_York	2017-05-23
5115811	East Corning	East Corning		42.12563	-76.98635	P	PPL	US		NY	101	18267		0	276	282	America/New_York	2017-05-23
5115817	East Creek	East Creek	East Creek,Eastcreek	43.00729	-74.74348	P	PPL	US		NY	043	44974		0	108	110	America/New_York	2017-05-23
5115824	East De Kalb	East De Kalb	East De Kalb,East DeKalb	44.48256	-75.30049	P	PPL	US		NY	089	20038		0	143	147	America/New_York	2017-05-23
5115827	East Delhi	East Delhi		42.29897	-74.87877	P	PPL	US		NY	025	20137		0	422	426	America/New_York	2017-05-23
5115828	East Dickinson	East Dickinson		44.7795	-74.49767	P	PPL	US		NY	033	20610		0	237	234	America/New_York	2017-05-23
5115830	East Durham	East Durham		42.37258	-74.09569	P	PPL	US		NY	039	21204		0	163	169	America/New_York	2017-05-23
5115831	East Eden	East Eden		42.66673	-78.82753	P	PPL	US		NY	029	23415		0	331	335	America/New_York	2017-05-23
5115833	East Elba	East Elba	East Elba,Mills Corners	43.05895	-78.13863	P	PPL	US		NY	037	23756		0	226	225	America/New_York	2017-05-23
5115834	East Elma	East Elma		42.80506	-78.59419	P	PPL	US		NY	029	24130		0	251	254	America/New_York	2017-05-23
5115835	East Elmhurst	East Elmhurst		40.76121	-73.86514	P	PPL	US		NY	081			0	23	25	America/New_York	2006-01-15
5115836	East Elmira	East Elmira		42.07146	-76.73495	P	PPL	US		NY	015	24240		0	281	285	America/New_York	2017-05-23
5115838	East Farmingdale	East Farmingdale		40.72927	-73.41679	P	PPL	US		NY	103	04000		6484	21	20	America/New_York	2017-05-23
5115841	East Fishkill	East Fishkill	ayst fyshkyl,إيست فيشكيل	41.55343	-73.79569	P	PPL	US		NY	027	21996		0	84	87	America/New_York	2017-05-23
5115843	East Flatbush	East Flatbush	East Flatbush,Rugby	40.65371	-73.93042	P	PPL	US		NY	047			178464	9	7	America/New_York	2017-04-16
5115844	East Floyd	East Floyd		43.27313	-75.26767	P	PPL	US		NY	065	26385		0	299	301	America/New_York	2017-05-23
5115846	East Cutchogue	East Cutchogue		41.0276	-72.47036	P	PPL	US		NY	103	69463		0	6	9	America/New_York	2017-05-23
5115849	East Frankfort	East Frankfort		43.02285	-75.05599	P	PPL	US		NY	043	27199		0	126	125	America/New_York	2017-05-23
5115850	East Freetown	East Freetown		42.55201	-75.98715	P	PPL	US		NY	023	27496		0	405	408	America/New_York	2017-05-23
5115852	East Gaines	East Gaines		43.29034	-78.1353	P	PPL	US		NY	073	27958		0	128	130	America/New_York	2017-05-23
5115853	East Galway	East Galway	East Galway,York's Corners,Yorks Corners	43.07174	-73.98846	P	PPL	US		NY	091	28112		0	272	275	America/New_York	2017-05-23
5115854	East Garden City	East Garden City		40.73083	-73.59806	P	PPL	US		NY	059	34000		6208	29	31	America/New_York	2017-05-23
5115855	East Geneva	East Geneva		42.87923	-76.93802	P	PPL	US		NY	099	78564		0	144	146	America/New_York	2017-05-23
5115856	East Genoa	East Genoa		42.64646	-76.50522	P	PPL	US		NY	011	28673		0	331	337	America/New_York	2017-05-23
5115857	East Glenville	East Glenville		42.89452	-73.9279	P	PPL	US		NY	093	29366		6616	110	115	America/New_York	2017-05-23
5115859	East Grafton	East Grafton		42.76702	-73.41067	P	PPL	US		NY	083	29674		0	468	474	America/New_York	2017-05-23
5115860	East Greenbush	East Greenbush	East Greenbush,Het Groen Bosch,Ist Grinbush,ayst ghrynbwsh,Ист Гринбуш,إيست غرينبوش	42.59091	-73.70179	P	PPL	US		NY	083	22117		4487	104	105	America/New_York	2017-05-23
5115864	East Greenville	East Greenville		42.41453	-73.99096	P	PPL	US		NY	039	30620		0	227	225	America/New_York	2017-05-23
5115865	East Greenwich	East Greenwich		43.14563	-73.39761	P	PPL	US		NY	115	30686		0	127	128	America/New_York	2017-05-23
5115867	East Groveland	East Groveland	East Groveland,Hunt's Corners,Hunts Corners	42.74062	-77.75889	P	PPL	US		NY	051	31016		0	378	379	America/New_York	2017-05-23
5115869	East Guilford	East Guilford		42.34091	-75.40684	P	PPL	US		NY	017	31148		0	322	325	America/New_York	2017-05-23
5115870	East Hamilton	East Hamilton	Colchester Settlement,East Hamilton	42.79924	-75.46545	P	PPL	US		NY	053	31720		0	374	373	America/New_York	2017-05-23
5115871	East Hampton	East Hampton	East Hampton,Easthampton,Est Hampton,HTO,Ist Khempton,Iztochen Khamptun,Maidstone,ayst hambtwn,Източен Хамптън,Ист Хемптон,إيست هامبتون	40.96343	-72.1848	P	PPL	US		NY	103	22194		1122	10	11	America/New_York	2017-05-23
5115877	East Hartford	East Hartford		43.33424	-73.38317	P	PPL	US		NY	115	32457		0	181	184	America/New_York	2017-05-23
5115878	East Hauppauge	East Hauppauge		40.83482	-73.15067	P	PPL	US		NY	103	68000		0	27	32	America/New_York	2017-05-23
5115879	East Hebron	East Hebron	East Hebron,Hebron	43.26174	-73.2865	P	PPL	US		NY	115	33040		0	185	188	America/New_York	2017-05-23
5115881	East Herkimer	East Herkimer		43.03035	-74.96404	P	PPL	US		NY	043	34132		0	153	153	America/New_York	2017-05-23
5115904	East Hills	East Hills		40.79371	-73.62707	P	PPL	US		NY	059	53000		7155	57	65	America/New_York	2017-05-23
5115905	East Hillsdale	East Hillsdale		42.18315	-73.50095	P	PPL	US		NY	021	34748		0	222	225	America/New_York	2017-05-23
5115910	East Homer	East Homer		42.66618	-76.10159	P	PPL	US		NY	023	35287		0	347	350	America/New_York	2017-05-23
5115911	East Hoosick	East Hoosick		42.90313	-73.28594	P	PPL	US		NY	083	35463		0	273	274	America/New_York	2017-05-23
5115912	East Hounsfield	East Hounsfield		43.97145	-75.98604	P	PPL	US		NY	045	35782		0	148	148	America/New_York	2017-05-23
5115920	East Irvington	East Irvington	Dublin,East Irvington	41.0476	-73.84875	P	PPL	US		NY	119			0	92	100	America/New_York	2006-01-15
5115923	East Islip	East Islip		40.73204	-73.18567	P	PPL	US		NY	103	38000		14475	5	9	America/New_York	2017-05-23
5115926	East Ithaca	East Ithaca		42.43952	-76.47855	P	PPL	US		NY	109	38077		2231	245	250	America/New_York	2017-05-23
5115927	East Jefferson	East Jefferson		42.50397	-74.57987	P	PPL	US		NY	095	38440		0	490	493	America/New_York	2017-05-23
5115928	East Jewett	East Jewett	East Jewett,East Kill	42.23509	-74.14542	P	PPL	US		NY	039	38638		0	599	604	America/New_York	2017-05-23
5115936	East Kingston	East Kingston		41.95398	-73.96792	P	PPL	US		NY	111	75935		276	46	44	America/New_York	2017-05-23
5115937	East Koy	East Koy	East Coy,East Koy	42.5409	-78.10445	P	PPL	US		NY	121	57826		0	445	446	America/New_York	2017-05-23
5115939	East Kilns	East Kilns		44.47949	-73.78459	P	PPL	US		NY	019	06761		0	394	391	America/New_York	2017-05-23
5115941	East Lancaster	East Lancaster		42.89589	-78.63808	P	PPL	US		NY	029	41146		0	217	217	America/New_York	2017-05-23
5115942	East Lansing	East Lansing		42.56841	-76.46938	P	PPL	US		NY	109	41234		0	357	356	America/New_York	2017-05-23
5115944	East Leon	East Leon	East Leon,Pleasant Grove	42.34728	-78.95781	P	PPL	US		NY	009	19840		0	408	407	America/New_York	2017-05-23
5115948	East Line	East Line		42.97146	-73.83068	P	PPL	US		NY	091	44743		0	79	80	America/New_York	2017-05-23
5115951	East Maine	East Maine		42.19202	-75.99298	P	PPL	US		NY	007	44611		0	456	457	America/New_York	2017-05-23
5115952	East Marion	East Marion	East Marion,Rocky Point,Upper Neck	41.1276	-72.34008	P	PPL	US		NY	103	69463		926	10	14	America/New_York	2017-05-23
5115953	East Martinsburg	East Martinsburg		43.74479	-75.4274	P	PPL	US		NY	049	45854		0	230	228	America/New_York	2017-05-23
5115955	East Masonville	East Masonville		42.26369	-75.3024	P	PPL	US		NY	025	45964		0	504	501	America/New_York	2017-05-23
5115957	East Lindley	East Lindley		42.0448	-77.09803	P	PPL	US		NY	101	42576		0	388	386	America/New_York	2017-05-23
5115958	East McDonough	East McDonough		42.49729	-75.68547	P	PPL	US		NY	017	44127		0	465	470	America/New_York	2017-05-23
5115960	East Meadow	East Meadow	East Meadow,East Meadows,Ist Medou,ayst mydaw,Ист Медоу,إيست ميداو	40.71399	-73.55902	P	PPL	US		NY	059	34000		38132	22	25	America/New_York	2017-05-23
5115962	East Massapequa	East Massapequa		40.67343	-73.43651	P	PPL	US		NY	059	56000		19069	4	8	America/New_York	2017-05-23
5115964	East Meredith	East Meredith	Brier Street,East Meredith	42.42147	-74.88683	P	PPL	US		NY	025	46624		0	427	429	America/New_York	2017-05-23
5115966	East Middletown	East Middletown		41.44426	-74.39988	P	PPL	US		NY	071	77992		0	158	165	America/New_York	2017-05-23
5115974	East Moriches	East Moriches		40.8051	-72.76093	P	PPL	US		NY	103	10000		5249	9	11	America/New_York	2017-05-23
5115983	East Nassau	East Nassau	East Nassau,Schermerhorn's,Schermerhorn's Village	42.50786	-73.5065	P	PPL	US		NY	083	49517		570	174	173	America/New_York	2017-05-23
5115985	East New York	East New York	East New York,Oostwoud,Starrett City	40.66677	-73.88236	P	PPLX	US		NY	047			173198	6	8	America/New_York	2007-06-19
5115986	East Newark	East Newark		42.20341	-76.14826	P	PPL	US		NY	107	49913		0	381	384	America/New_York	2017-05-23
5115987	East Nichols	East Nichols		42.00674	-76.28271	P	PPL	US		NY	107	51121		0	409	414	America/New_York	2017-05-23
5115989	East Northport	East Northport	East Northport,Larkfield	40.87676	-73.32456	P	PPL	US		NY	103	37000		20217	68	70	America/New_York	2017-05-23
5115990	East Norwich	East Norwich	East Norwich,Norwich	40.84677	-73.53512	P	PPL	US		NY	059	56000		2709	61	65	America/New_York	2017-05-23
5115993	East Oakfield	East Oakfield		43.09811	-78.24724	P	PPL	US		NY	037	54166		0	201	201	America/New_York	2017-05-23
5115994	East Olean	East Olean		42.08007	-78.42002	P	PPL	US		NY	009	54716		0	435	435	America/New_York	2017-05-23
5115995	East Otto	East Otto	East Otto,Otto Corners	42.38978	-78.75475	P	PPL	US		NY	009	22678		0	435	439	America/New_York	2017-05-23
5115998	East Palermo	East Palermo		43.35118	-76.23298	P	PPL	US		NY	075	56154		0	139	145	America/New_York	2017-05-23
5115999	East Palmyra	East Palmyra		43.08506	-77.15692	P	PPL	US		NY	117	56198		0	135	139	America/New_York	2017-05-23
5116001	East Park	East Park		41.7887	-73.9143	P	PPL	US		NY	027	37209		0	71	71	America/New_York	2017-05-23
5116002	East Part	East Part		44.76561	-74.80631	P	PPL	US		NY	089	71410		0	110	109	America/New_York	2017-05-23
5116004	East Patchogue	East Patchogue		40.76704	-72.99622	P	PPL	US		NY	103	10000		22469	7	9	America/New_York	2017-05-23
5116006	East Pembroke	East Pembroke		42.99562	-78.31002	P	PPL	US		NY	037	57078		0	268	270	America/New_York	2017-05-23
5116007	East Penfield	East Penfield	East Penfield,Lovetts Corners	43.12951	-77.41221	P	PPL	US		NY	055	57144		0	175	178	America/New_York	2017-05-23
5116009	East Pharsalia	East Pharsalia		42.55812	-75.71713	P	PPL	US		NY	017	57507		0	485	489	America/New_York	2017-05-23
5116014	East Pitcairn	East Pitcairn		44.21812	-75.22243	P	PPL	US		NY	089	58266		0	242	242	America/New_York	2017-05-23
5116015	East Pittstown	East Pittstown		42.90258	-73.46234	P	PPL	US		NY	083	58398		0	196	198	America/New_York	2017-05-23
5116019	East Poestenkill	East Poestenkill	Columbia,East Poestenkill	42.68258	-73.49456	P	PPL	US		NY	083	58805		0	331	331	America/New_York	2017-05-23
5116034	East Potter	East Potter		42.73896	-77.14414	P	PPL	US		NY	123	59597		0	318	320	America/New_York	2017-05-23
5116035	East Quogue	East Quogue		40.84066	-72.58148	P	PPL	US		NY	103	68473		4757	4	9	America/New_York	2017-05-23
5116036	East Randolph	East Randolph		42.17284	-78.94782	P	PPL	US		NY	009	17684		620	404	405	America/New_York	2017-05-23
5116037	East Richford	East Richford		42.37146	-76.1541	P	PPL	US		NY	107	61511		0	398	397	America/New_York	2017-05-23
5116039	East Ripley	East Ripley		42.28395	-79.67255	P	PPL	US		NY	013	61885		0	224	224	America/New_York	2017-05-23
5116040	East River	East River		42.64785	-76.11409	P	PPL	US		NY	023	35287		0	349	351	America/New_York	2017-05-23
5116047	East Rochester	East Rochester		43.10867	-77.4875	P	PPL	US		NY	055	22870		6666	128	138	America/New_York	2017-05-23
5116049	East Rockaway	East Rockaway	Atlantic,East Rockaway,Near Rockaway	40.64205	-73.66957	P	PPL	US		NY	059	34000		9894	3	3	America/New_York	2017-05-23
5116052	East Rodman	East Rodman	East Rodman,Whitesville,Whiteville	43.87007	-75.85325	P	PPL	US		NY	045	63341		0	286	285	America/New_York	2017-05-23
5116053	East Saratoga Junciton	East Saratoga Junciton		42.92202	-73.68234	P	PPL	US		NY	091	71333		0	39	39	America/New_York	2017-05-23
5116055	East Schodack	East Schodack	East Schodack,Scott's Corners	42.56202	-73.63345	P	PPL	US		NY	083	65541		0	139	139	America/New_York	2017-05-23
5116056	East Schuyler	East Schuyler		43.05368	-75.07433	P	PPL	US		NY	043	65695		0	125	126	America/New_York	2017-05-23
5116058	East Scott	East Scott	East Scott,Scott Corners	42.72201	-76.19437	P	PPL	US		NY	023	65915		0	404	403	America/New_York	2017-05-23
5116059	East Seneca	East Seneca		42.83478	-78.71225	P	PPL	US		NY	029	80918		0	218	219	America/New_York	2017-05-23
5116060	East Setauket	East Setauket		40.94149	-73.10594	P	PPL	US		NY	103	10000		17006	20	21	America/New_York	2017-05-23
5116061	East Shelby	East Shelby		43.17061	-78.3253	P	PPL	US		NY	073	66751		0	202	205	America/New_York	2017-05-23
5116063	East Shoreham	East Shoreham		40.94482	-72.87955	P	PPL	US		NY	103	10000		6666	37	43	America/New_York	2017-05-23
5116067	East Sidney	East Sidney		42.33008	-75.23212	P	PPL	US		NY	025	67345		0	343	359	America/New_York	2017-05-23
5116070	East Springfield	East Springfield		42.83091	-74.81515	P	PPL	US		NY	077	70310		0	403	405	America/New_York	2017-05-23
5116073	East Steamburg	East Steamburg	East Steamburg,East Steamburgh,Steamburg	42.52952	-76.77134	P	PPL	US		NY	097	33073		0	470	478	America/New_York	2017-05-23
5116074	East Steuben	East Steuben		43.37646	-75.22933	P	PPL	US		NY	065	71212		0	397	399	America/New_York	2017-05-23
5116075	East Stone Arabia	East Stone Arabia		42.95841	-74.51792	P	PPL	US		NY	057	56099		0	287	290	America/New_York	2017-05-23
5116079	East Syracuse	East Syracuse		43.06534	-76.07853	P	PPL	US		NY	067	20478		3010	132	136	America/New_York	2017-05-23
5116081	East Taghkanic	East Taghkanic		42.13203	-73.65735	P	PPL	US		NY	021	73077		0	171	173	America/New_York	2017-05-23
5116082	East Township	East Township		42.6998	-74.10096	P	PPL	US		NY	001	40002		0	321	318	America/New_York	2017-05-23
5116083	East Tremont	East Tremont		40.84538	-73.89097	P	PPL	US		NY	005			22886	27	33	America/New_York	2017-04-16
5116089	East Union	East Union		42.29785	-77.3247	P	PPL	US		NY	101	04770		0	506	510	America/New_York	2017-05-23
5116090	East Venice	East Venice		42.6909	-76.50049	P	PPL	US		NY	011	77024		0	374	374	America/New_York	2017-05-23
5116091	East Verona	East Verona		43.21812	-75.54879	P	PPL	US		NY	065	77178		0	131	127	America/New_York	2017-05-23
5116092	East Victor	East Victor		42.97451	-77.38082	P	PPL	US		NY	069	77387		0	176	179	America/New_York	2017-05-23
5116093	East Village	East Village	Ist-Villidzh,dong cun,iseuteubilliji,ʼyst wylg,Ист-Виллидж,איסט וויליזש,איסט וילג,イースト・ヴィレッジ,东村,이스트빌리지	40.72927	-73.98736	P	PPLX	US		NY	061			0	10	15	America/New_York	2007-02-14
5116095	East Virgil	East Virgil		42.49118	-76.09798	P	PPL	US		NY	023	77596		0	360	367	America/New_York	2017-05-23
5116098	East Walden	East Walden		41.5587	-74.15765	P	PPL	US		NY	071	48153		0	109	111	America/New_York	2017-05-23
5116099	East Watertown	East Watertown		43.9584	-75.85464	P	PPL	US		NY	045	78619		0	231	229	America/New_York	2017-05-23
5116100	East Waverly	East Waverly	East Waverly,Factoryville	42.01063	-76.518	P	PPL	US		NY	107	04671		0	250	251	America/New_York	2017-05-23
5116104	East White Plains	East White Plains	East White Plains,Silver Lake Park,West Harrison	41.03899	-73.74763	P	PPL	US		NY	119	32413		0	85	87	America/New_York	2017-05-23
5116105	East Whitehall	East Whitehall		43.53646	-73.32678	P	PPL	US		NY	115	81633		0	125	129	America/New_York	2017-05-23
5116106	East Williamson	East Williamson		43.23062	-77.14526	P	PPL	US		NY	117	82040		0	138	139	America/New_York	2017-05-23
5116107	East Williston	East Williston		40.75843	-73.63485	P	PPL	US		NY	059	53000		2578	36	40	America/New_York	2017-05-23
5116109	East Windham	East Windham		42.33675	-74.15903	P	PPL	US		NY	039	21204		0	587	590	America/New_York	2017-05-23
5116110	East Windsor	East Windsor		42.11119	-75.60852	P	PPL	US		NY	007	82535		0	307	326	America/New_York	2017-05-23
5116111	East Winfield	East Winfield	East Winfield,Winfield	42.88868	-75.14516	P	PPL	US		NY	043	82568		0	377	376	America/New_York	2017-05-23
5116112	East Woodhull	East Woodhull		42.08424	-77.3547	P	PPL	US		NY	101	82843		0	373	377	America/New_York	2017-05-23
5116113	East Woods	East Woods		41.21121	-73.53096	P	PPL	US		NY	119	59685		0	177	180	America/New_York	2017-05-23
5116115	East Worcester	East Worcester		42.62341	-74.67154	P	PPL	US		NY	077	83129		0	446	445	America/New_York	2017-05-23
5116118	Eastchester	Eastchester		40.95833	-73.80861	P	PPL	US		NY	119	21820		19554	7	79	America/New_York	2017-05-23
5116119	Eastchester	Eastchester	East Chester,Eastchester,Ost Dorp	40.8876	-73.83291	P	PPL	US		NY	005			19554	16	16	America/New_York	2012-04-09
5116130	Eastern Parkway	Eastern Parkway	Crow Hill,Crown Heights,Eastern Parkway	40.66917	-73.93972	P	PPL	US		NY	047			0	32	34	America/New_York	2006-01-15
5116143	Eastmor	Eastmor		42.68452	-73.63178	P	PPL	US		NY	083	52100		0	129	133	America/New_York	2017-05-23
5116144	Easton	Easton		42.99341	-73.55234	P	PPL	US		NY	115	22656		0	133	135	America/New_York	2017-05-23
5116148	East Varick	East Varick		42.77007	-76.7694	P	PPL	US		NY	099	76958		0	122	124	America/New_York	2017-05-23
5116149	Eastport	Eastport	Eastport,Seacotauk,Seatuck	40.82593	-72.73177	P	PPL	US		NY	103	10000		1831	9	8	America/New_York	2017-05-23
5116150	Eastside	Eastside		41.00316	-72.13285	P	PPL	US		NY	103	22194		0	4	5	America/New_York	2017-05-23
5116153	Eastview	Eastview	East Tarrytown,East View,Eastview,Knapp's Corners	41.08149	-73.8293	P	PPL	US		NY	119			0	70	74	America/New_York	2006-01-15
5116155	Eastwood	Eastwood		43.06618	-76.10465	P	PPL	US		NY	067	73000		0	147	151	America/New_York	2017-05-23
5116157	Eaton	Eaton	Eaton,Log City	42.84979	-75.61185	P	PPL	US		NY	053	23305		0	367	366	America/New_York	2017-05-23
5116161	Eaton Corners	Eaton Corners	Eaton Corners,Eatons Corners	42.80591	-74.2468	P	PPL	US		NY	093	21006		0	202	201	America/New_York	2017-05-23
5116169	Eatons Neck	Eatons Neck		40.93065	-73.40151	P	PPL	US		NY	103	37000		1406	6	12	America/New_York	2017-05-23
5116172	Eatonville	Eatonville		43.0809	-74.93154	P	PPL	US		NY	043	24933		0	223	219	America/New_York	2017-05-23
5116173	Eavesport	Eavesport		42.11731	-73.93569	P	PPL	US		NY	111	65299		0	48	49	America/New_York	2017-05-23
5116175	Eben	Eben		44.627	-75.0652	P	PPL	US		NY	089	59575		0	120	118	America/New_York	2017-05-23
5116176	Ebenezer	Ebenezer	Ebenezer,Ebenezer Station,Graymont	42.83034	-78.75364	P	PPL	US		NY	029	80918		0	195	193	America/New_York	2017-05-23
5116178	Eaton Corners	Eaton Corners		43.13757	-75.89741	P	PPL	US		NY	053	71993		0	129	128	America/New_York	2017-05-23
5116207	Eddy	Eddy		44.54006	-75.2366	P	PPL	US		NY	089	12342		0	122	122	America/New_York	2017-05-23
5116210	Eddy Corners	Eddy Corners		43.05702	-73.76873	P	PPL	US		NY	091	65255		0	89	93	America/New_York	2017-05-23
5116212	Eddyville	Eddyville		42.32979	-78.76281	P	PPL	US		NY	009	45161		0	429	430	America/New_York	2017-05-23
5116213	Eddyville	Eddyville		41.89426	-74.02597	P	PPL	US		NY	111	75935		0	25	22	America/New_York	2017-05-23
5116215	Eden	Eden	Eden,Tubb's Hollow	42.65228	-78.89698	P	PPL	US		NY	029	23415		3516	250	251	America/New_York	2017-05-23
5116216	Eden	Eden		41.28871	-74.49433	P	PPL	US		NY	071	78366		3806	121	122	America/New_York	2017-05-23
5116219	Eden Valley	Eden Valley		42.67895	-78.87198	P	PPL	US		NY	029	23415		0	242	245	America/New_York	2017-05-23
5116221	Edenville	Edenville	Edenville,Postville	41.27593	-74.41099	P	PPL	US		NY	071	78366		0	144	149	America/New_York	2017-05-23
5116225	Edgemere	Edgemere	Edgemere,New Venice	40.59622	-73.76763	P	PPL	US		NY	081			9646	2	3	America/New_York	2017-04-16
5116229	Edgewater	Edgewater	Edgewater,Edgwater	42.76785	-76.48105	P	PPL	US		NY	011	65816		0	220	226	America/New_York	2017-05-23
5116230	Edgewater	Edgewater		43.04645	-78.90976	P	PPL	US		NY	029	29828		0	175	175	America/New_York	2017-05-23
5116231	Edgewater Beach	Edgewater Beach		43.21868	-75.73019	P	PPL	US		NY	065	77486		0	113	116	America/New_York	2017-05-23
5116232	Edgewater Park	Edgewater Park	Edgewater Park,Fivemile Point	42.8809	-76.38021	P	PPL	US		NY	067	70057		0	272	272	America/New_York	2017-05-23
5116233	Edgewater Park	Edgewater Park		44.60006	-75.63496	P	PPL	US		NY	089	48582		0	79	82	America/New_York	2017-05-23
5116235	Edgewood	Edgewood		42.14037	-74.21237	P	PPL	US		NY	039	36178		0	537	543	America/New_York	2017-05-23
5116237	Edgewood Garden	Edgewood Garden		43.08701	-76.26854	P	PPL	US		NY	067	11913		0	124	126	America/New_York	2017-05-23
5116239	Edgewood Park	Edgewood Park	Edgewood Park,Edgewood Resort	44.32977	-75.91856	P	PPL	US		NY	045	01176		0	80	82	America/New_York	2017-05-23
5116246	Edicks	Edicks		42.96757	-74.9296	P	PPL	US		NY	043	28750		0	271	272	America/New_York	2017-05-23
5116248	Edinburg	Edinburg	Beecher's Hollow,Beechers Hollow,Edinburg,Edinburgh	43.22174	-74.10402	P	PPL	US		NY	091	23591		1220	271	276	America/New_York	2017-05-23
5116261	Edmeston	Edmeston	Edmeston,Edmeston Center	42.69785	-75.24378	P	PPL	US		NY	077	23613		657	367	367	America/New_York	2017-05-23
5116269	Edson	Edson		42.02675	-75.6613	P	PPL	US		NY	007	82535		0	383	386	America/New_York	2017-05-23
5116273	Edwards	Edwards	Edwards,Sheads Corners,Sheads Mills	44.32451	-75.25104	P	PPL	US		NY	089	23646		439	204	206	America/New_York	2017-05-23
5116281	Edwards Hill	Edwards Hill		43.6284	-74.04569	P	PPL	US		NY	113	38715		0	574	575	America/New_York	2017-05-23
5116287	Edwardsville	Edwardsville	Edwardsville,Marysborough,Marysburgh,The Narrows	44.52228	-75.59301	P	PPL	US		NY	089	48582		0	88	89	America/New_York	2017-05-23
5116303	Eggertsville	Eggertsville		42.96339	-78.80392	P	PPL	US		NY	029	02000		15019	199	203	America/New_York	2017-05-23
5116309	Egypt	Egypt		43.06423	-77.40749	P	PPL	US		NY	055	57221		0	160	160	America/New_York	2017-05-23
5116317	Eighmyville	Eighmyville		41.9437	-73.85736	P	PPL	US		NY	027	61357		0	94	97	America/New_York	2017-05-23
5116329	Elba	Elba	Elba,Pine Hill	43.07728	-78.18696	P	PPL	US		NY	037	23756		663	232	236	America/New_York	2017-05-23
5116331	Elberta	Elberta		43.26394	-78.87032	P	PPL	US		NY	063	82370		0	99	97	America/New_York	2017-05-23
5116342	Elbridge	Elbridge	Elbridge,Ka-no-wa-ya	43.03451	-76.44799	P	PPL	US		NY	067	23800		1035	166	169	America/New_York	2017-05-23
5116349	Eldred	Eldred	Eldred,Lumberland	41.52703	-74.88405	P	PPL	US		NY	105	34473		0	296	293	America/New_York	2017-05-23
5116365	Lyndon	Lyndon	Elgin,Lyndon	42.30507	-78.35363	P	PPL	US		NY	009	43896		683	629	632	America/New_York	2017-05-23
5116380	Elizabethtown	Elizabethtown	Elizabethtown,Pleasant Valley,The Valley	44.21616	-73.59097	P	PPLA2	US		NY	031	23833		754	172	176	America/New_York	2017-05-23
5116381	Elizabethtown	Elizabethtown		42.96618	-75.07905	P	PPL	US		NY	043	17431		0	390	381	America/New_York	2017-05-23
5116383	Elizaville	Elizaville	Elizaville,Ellerslie,Harrison's Corners,Pleasant Vale,Union Corners	42.05092	-73.79374	P	PPL	US		NY	021	42917		0	88	88	America/New_York	2017-05-23
5116384	Elk Brook	Elk Brook		41.97425	-75.05489	P	PPL	US		NY	025	31951		0	331	330	America/New_York	2017-05-23
5116390	Elk Creek	Elk Creek	Elk Creek,Elkcreek	42.59147	-74.82349	P	PPL	US		NY	077	45920		0	404	405	America/New_York	2017-05-23
5116398	Elka Park	Elka Park	Elka Park,Elkapark	42.15926	-74.15736	P	PPL	US		NY	039	36178		0	664	672	America/New_York	2017-05-23
5116399	Elkdale	Elkdale		42.21506	-78.75364	P	PPL	US		NY	009	42840		0	451	450	America/New_York	2017-05-23
5116403	Ellenburg	Ellenburg	Ellenburg,Ellenburgh	44.89393	-73.83654	P	PPL	US		NY	019	23921		0	293	292	America/New_York	2017-05-23
5116404	Ellenburg Center	Ellenburg Center	Ellenburg Center,Ellenburg Centre,Ellenburgh Center,Ellenburgh Centre	44.86476	-73.89709	P	PPL	US		NY	019	23921		0	372	371	America/New_York	2017-05-23
5116405	Ellenburg Depot	Ellenburg Depot	Carter's Mills,Ellenburg Depot,Ellenburgh Depot	44.90587	-73.80098	P	PPL	US		NY	019	23921		0	266	266	America/New_York	2017-05-23
5116408	Ellenville	Ellenville	Elenvil,Ellenville,Fairchild City,aylnfyl,Еленвил,إيلنفيل	41.71704	-74.39571	P	PPL	US		NY	111	78828		4081	103	105	America/New_York	2017-05-23
5116411	Ellerslie	Ellerslie		41.89426	-73.94291	P	PPL	US		NY	027	61357		0	33	49	America/New_York	2017-05-23
5116412	Ellery Center	Ellery Center		42.18284	-79.34699	P	PPL	US		NY	013	23976		0	534	536	America/New_York	2017-05-23
5116414	Ellicott	Ellicott	Ellicott,Gadaoyadeh	42.7345	-78.73142	P	PPL	US		NY	029	55277		0	298	300	America/New_York	2017-05-23
5116418	Ellicottville	Ellicottville	Deahendaqua,Deashendaqua,Ellicott,Ellicottsville,Ellicottville	42.27506	-78.67281	P	PPL	US		NY	009	24031		388	472	473	America/New_York	2017-05-23
5116420	Ellington	Ellington		42.21673	-79.10782	P	PPL	US		NY	013	24053		0	418	421	America/New_York	2017-05-23
5116426	Ellis	Ellis		42.42535	-76.38133	P	PPL	US		NY	109	20962		0	330	331	America/New_York	2017-05-23
5116443	Ellisburg	Ellisburg	Ellis Village,Ellisburg,Ellisburgh	43.73285	-76.13604	P	PPL	US		NY	045	24086		247	100	101	America/New_York	2017-05-23
5116447	Ellistown	Ellistown		42.00869	-76.47744	P	PPL	US		NY	107	04671		0	247	246	America/New_York	2017-05-23
5116449	Ellwood Park	Ellwood Park		42.97561	-78.85309	P	PPL	US		NY	029	75000		0	186	187	America/New_York	2017-05-23
5116450	Elm Beach	Elm Beach		42.70118	-76.74467	P	PPL	US		NY	099	63440		0	118	130	America/New_York	2017-05-23
5116458	Elm Grove	Elm Grove		42.55535	-75.22545	P	PPL	US		NY	077	48494		0	347	349	America/New_York	2017-05-23
5116464	Elm Park	Elm Park		40.63149	-74.14875	P	PPL	US		NY	085			0	9	6	America/New_York	2006-01-15
5116473	Elm Tree	Elm Tree		42.15589	-79.47394	P	PPL	US		NY	013	52155		0	485	485	America/New_York	2017-05-23
5116476	Elm Valley	Elm Valley	Elm Valley,Shoemaker's Corners	42.15118	-77.85833	P	PPL	US		NY	003	02154		0	482	483	America/New_York	2017-05-23
5116478	Elma	Elma	alma,إلما	42.85089	-78.6403	P	PPL	US		NY	029	24130		0	217	223	America/New_York	2017-05-23
5116480	Elma Center	Elma Center	Elma Center,Elma Centre	42.82978	-78.63614	P	PPL	US		NY	029	24130		2571	245	247	America/New_York	2017-05-23
5116483	Elmbois	Elmbois		42.48424	-77.22998	P	PPL	US		NY	101	59982		0	405	408	America/New_York	2017-05-23
5116484	Elmcrest	Elmcrest		43.13312	-76.23576	P	PPL	US		NY	067	64815		0	114	118	America/New_York	2017-05-23
5116486	Elmdale	Elmdale	Elmdale,Smiths Mill	44.36034	-75.54328	P	PPL	US		NY	089	29608		0	104	102	America/New_York	2017-05-23
5116490	Elmer Hill	Elmer Hill		43.27979	-75.44962	P	PPL	US		NY	065	79862		0	177	181	America/New_York	2017-05-23
5116491	Elmgrove	Elmgrove		43.18173	-77.73167	P	PPL	US		NY	055	30290		0	159	162	America/New_York	2017-05-23
5116494	Elmhurst	Elmhurst		42.11811	-79.29366	P	PPL	US		NY	013	23998		0	399	402	America/New_York	2017-05-23
5116495	Elmhurst	Elmhurst	Elmhurst,Middeburgh,Middelburg,Middelburgh,Neutuyn,Newtown	40.73649	-73.87791	P	PPL	US		NY	081			113364	8	8	America/New_York	2017-04-16
5116497	Elmira	Elmira	ELM,Ehl'mira,Elmajra,Elmira,Ilmiro,New Town,Newtown,Skwedowa,ai er mai la,almyra,almyra  nywywrk,aylmyra  nyw yark,erumaira,Елмайра,Елмајра,Илмиро,Эльмира,إلميرا,المیرا، نیویورک,ایلمیرا، نیو یارک,エルマイラ,埃尔迈拉	42.0898	-76.80773	P	PPLA2	US		NY	015	24229		28213	260	264	America/New_York	2017-05-23
5116500	Elmira Heights	Elmira Heights		42.1298	-76.82079	P	PPL	US		NY	015	35705		3982	268	269	America/New_York	2017-05-23
5116508	Elmont	Elmont	Elmont,Foster's Meadow,almwnt,Елмонт,إلمونت	40.70094	-73.71291	P	PPL	US		NY	059	34000		33198	12	13	America/New_York	2017-05-23
5116512	Elmsford	Elmsford	Elmsford,Greenburgh,Hall's Corners,Storm's Bridge	41.0551	-73.82013	P	PPL	US		NY	119			4810	54	58	America/New_York	2017-03-09
5116515	Elmsmere	Elmsmere		40.92843	-73.82069	P	PPL	US		NY	119	49121		0	52	54	America/New_York	2017-05-23
5116516	Elmwood	Elmwood		42.82674	-76.52327	P	PPL	US		NY	011	65816		0	238	242	America/New_York	2017-05-23
5116535	Elnora	Elnora		42.89285	-73.82123	P	PPL	US		NY	091	16353		0	94	97	America/New_York	2017-05-23
5116540	Elsinore	Elsinore		44.69365	-73.66681	P	PPL	US		NY	019	65211		0	246	246	America/New_York	2017-05-23
5116541	Elsmere	Elsmere		42.62175	-73.81818	P	PPL	US		NY	001	06354		0	65	66	America/New_York	2017-05-23
5116544	Elpis	Elpis		43.28368	-75.82213	P	PPL	US		NY	065	77486		0	173	172	America/New_York	2017-05-23
5116545	Elting Corners	Elting Corners		41.7412	-74.03486	P	PPL	US		NY	111	42994		0	113	117	America/New_York	2017-05-23
5116546	Eltingville	Eltingville	Eltingville,Sea Side,South Side	40.54538	-74.1657	P	PPL	US		NY	085			10573	21	18	America/New_York	2017-04-16
5116547	Elton	Elton	Cole's Settlement,Elton	42.4509	-78.42891	P	PPL	US		NY	009	27441		0	513	514	America/New_York	2017-05-23
5116550	Elwood	Elwood		40.84538	-73.33512	P	PPL	US		NY	103	37000		11177	56	61	America/New_York	2017-05-23
5116565	Emerson	Emerson		43.10007	-76.61411	P	PPL	US		NY	011	17849		0	125	129	America/New_York	2017-05-23
5116570	Emerson Hill	Emerson Hill		40.60872	-74.09598	P	PPL	US		NY	085			15412	86	101	America/New_York	2017-04-16
5116576	Emeryville	Emeryville		44.29506	-75.36743	P	PPL	US		NY	089	27100		0	184	184	America/New_York	2017-05-23
5116577	Eminence	Eminence		42.52535	-74.53542	P	PPL	US		NY	095	72070		0	619	615	America/New_York	2017-05-23
5116582	Emmons	Emmons		42.46341	-75.01183	P	PPL	US		NY	077	54892		0	354	354	America/New_York	2017-05-23
5116588	Emmonsburg	Emmonsburg	Emmonsburg,Emmonsburgh	43.15313	-74.70959	P	PPL	US		NY	035	71784		0	304	305	America/New_York	2017-05-23
5116594	Empeyville	Empeyville		43.39674	-75.68491	P	PPL	US		NY	065	26297		0	314	312	America/New_York	2017-05-23
5116602	Endicott	Endicott	Endikot,andykwt,endikotto,Ендикот,إنديكوت,エンディコット	42.09841	-76.04937	P	PPL	US		NY	007	76056		13014	256	258	America/New_York	2017-05-23
5116603	Endwell	Endwell	Endwell,Hooper	42.11285	-76.02103	P	PPL	US		NY	007	76056		11446	258	260	America/New_York	2017-05-23
5116605	Enfield	Enfield	Enfield,Enfield Center	42.43591	-76.63134	P	PPL	US		NY	109	24548		0	337	346	America/New_York	2017-05-23
5116613	Engleville	Engleville		42.75507	-74.64848	P	PPL	US		NY	095	66641		0	413	420	America/New_York	2017-05-23
5116623	Ennerdale	Ennerdale		42.8759	-77.17942	P	PPL	US		NY	069	35551		0	258	258	America/New_York	2017-05-23
5116630	Ephratah	Ephratah		43.00091	-74.54236	P	PPL	US		NY	035	24603		0	208	209	America/New_York	2017-05-23
5116633	Eppie Corners	Eppie Corners		43.00535	-74.47069	P	PPL	US		NY	035	38792		0	260	263	America/New_York	2017-05-23
5116648	Erieville	Erieville		42.85173	-75.75547	P	PPL	US		NY	053	49770		0	471	475	America/New_York	2017-05-23
5116649	Erin	Erin		42.18591	-76.66995	P	PPL	US		NY	015	24636		483	385	386	America/New_York	2017-05-23
5116665	Escarpment	Escarpment		43.16867	-79.00671	P	PPL	US		NY	063	42158		0	188	191	America/New_York	2017-05-23
5116667	Esopus	Esopus	Ellmores Cove,Esopus,Sopus,Van Pelt's,Wa-er-in-ne-wangh,aysbws,إيسبوس	41.82787	-73.96514	P	PPL	US		NY	111	24691		0	38	38	America/New_York	2017-05-23
5116674	Esperance	Esperance		42.76119	-74.25652	P	PPL	US		NY	095	24724		331	177	176	America/New_York	2017-05-23
5116677	Essex	Essex	Elizabeth,Essex,aysyks,إيسيكس	44.31005	-73.35263	P	PPL	US		NY	031	24768		0	38	39	America/New_York	2017-05-23
5116692	Etna	Etna	Columbia,Etna,Miller's Settlement	42.48507	-76.38355	P	PPL	US		NY	109	20962		0	311	314	America/New_York	2017-05-23
5116694	Euclid	Euclid	Clay Corners,Euclid	43.18646	-76.21715	P	PPL	US		NY	067	16067		0	114	116	America/New_York	2017-05-23
5116703	Evans Center	Evans Center	Evans Center,Wright's Mills	42.65811	-79.03476	P	PPL	US		NY	029	24801		0	184	186	America/New_York	2017-05-23
5116704	Evans Corner	Evans Corner		43.02229	-76.76968	P	PPL	US		NY	117	65343		0	137	135	America/New_York	2017-05-23
5116714	Evans Mills	Evans Mills		44.08812	-75.80715	P	PPL	US		NY	045	42015		598	129	126	America/New_York	2017-05-23
5116758	Ewells Corner	Ewells Corner		42.83145	-78.1239	P	PPL	US		NY	121	46877		0	459	458	America/New_York	2017-05-23
5116765	Excelsior Springs	Excelsior Springs		42.75173	-77.71278	P	PPL	US		NY	051	17618		0	255	259	America/New_York	2017-05-23
5116769	Exeter Corner	Exeter Corner		42.78868	-75.0746	P	PPL	US		NY	077	24845		0	502	501	America/New_York	2017-05-23
5116777	Fabius	Fabius	Fabius,Fabius Center,Franklinville	42.83507	-75.98603	P	PPL	US		NY	067	24878		348	386	391	America/New_York	2017-05-23
5116783	Factory Hollow	Factory Hollow		42.83758	-73.49345	P	PPL	US		NY	083	58398		0	166	170	America/New_York	2017-05-23
5116784	Factoryville	Factoryville		43.95172	-73.44151	P	PPL	US		NY	031	19246		0	56	57	America/New_York	2017-05-23
5116788	Fair Harbor	Fair Harbor		40.63927	-73.18428	P	PPL	US		NY	103	38000		0	1	4	America/New_York	2017-05-23
5116789	Fair Haven	Fair Haven	Fair Haven,Fairhaven	43.31646	-76.70217	P	PPL	US		NY	011	71146		727	87	88	America/New_York	2017-05-23
5116790	Fair Haven	Fair Haven		42.76923	-76.26826	P	PPL	US		NY	023	65915		864	269	275	America/New_York	2017-05-23
5116792	Fair Oaks	Fair Oaks	Fair Oaks,Fairoaks	41.50704	-74.41016	P	PPL	US		NY	071	77992		0	204	203	America/New_York	2017-05-23
5116799	Fairdale	Fairdale		43.32368	-76.53883	P	PPL	US		NY	075	32028		0	125	128	America/New_York	2017-05-23
5116800	Fairfield	Fairfield		43.13729	-74.91321	P	PPL	US		NY	043	24933		0	386	388	America/New_York	2017-05-23
5116801	Fairfield	Fairfield		42.23257	-76.27854	P	PPL	US		NY	107	12221		0	336	336	America/New_York	2017-05-23
5116811	Fairmount	Fairmount		43.04729	-76.23854	P	PPL	US		NY	067	11913		10224	150	151	America/New_York	2017-05-23
5116815	Fairport	Fairport	Fairport,Fullam Town,Fullam's	43.09867	-77.44194	P	PPL	US		NY	055	57221		5351	150	152	America/New_York	2017-05-23
5116818	Fairview	Fairview		42.43673	-78.30835	P	PPL	US		NY	009	27441		0	607	608	America/New_York	2017-05-23
5116819	Fairview	Fairview		41.7237	-73.91986	P	PPL	US		NY	027	59652		5515	66	70	America/New_York	2017-05-23
5116820	Fairview	Fairview		41.04343	-73.79736	P	PPL	US		NY	119			3099	66	63	America/New_York	2011-05-14
5116821	Fairview	Fairview		42.67951	-78.0364	P	PPL	US		NY	121	12782		0	421	426	America/New_York	2017-05-23
5116851	Fairville	Fairville		43.11701	-77.07914	P	PPL	US		NY	117	02440		0	134	135	America/New_York	2017-05-23
5116853	Fairweather Corners	Fairweather Corners		43.0173	-74.05374	P	PPL	US		NY	091	28112		0	292	288	America/New_York	2017-05-23
5116864	Falconer	Falconer	Falconer,Worksburg	42.11867	-79.19838	P	PPL	US		NY	013	23998		2321	385	387	America/New_York	2017-05-23
5116868	Factory Village	Factory Village		43.02591	-73.86651	P	PPL	US		NY	091	47537		0	111	109	America/New_York	2017-05-23
5116899	Falls Mills	Falls Mills		41.73092	-74.98211	P	PPL	US		NY	105	20104		0	281	289	America/New_York	2017-05-23
5116900	Fallsburg	Fallsburg	Falls of the Neversink,Fallsburg,Fallsburgh,Lockwood's Mills,Neversink Falls,falsbwrgh,פאלסבורג,فالسبورغ	41.73204	-74.60127	P	PPL	US		NY	105	25241		12773	368	367	America/New_York	2017-05-23
5116909	Fancher	Fancher	Fancher,Murray	43.24478	-78.09113	P	PPL	US		NY	073	49286		0	173	176	America/New_York	2017-05-23
5116917	Far Rockaway	Far Rockaway	פאר ראקעוועי,فار روک اوے، کوئینز	40.60538	-73.75513	P	PPL	US		NY	081			39189	5	8	America/New_York	2017-04-16
5116918	Fargo	Fargo		44.03396	-75.58214	P	PPL	US		NY	045	82348		0	231	232	America/New_York	2017-05-23
5116920	Farleys	Farleys		42.81812	-76.69967	P	PPL	US		NY	011	70376		0	128	129	America/New_York	2017-05-23
5116923	Farmers Corner	Farmers Corner		43.5509	-76.12687	P	PPL	US		NY	075	61533		0	126	127	America/New_York	2017-05-23
5116925	Farmers Mills	Farmers Mills		43.02368	-75.39739	P	PPL	US		NY	065	39804		0	197	200	America/New_York	2017-05-23
5116926	Farmers Mills	Farmers Mills	Farmer's Mills,Farmers Mills,Milltown	41.49565	-73.7393	P	PPL	US		NY	079	39331		0	238	247	America/New_York	2017-05-23
5116928	Farmersville	Farmersville		42.38756	-78.37613	P	PPL	US		NY	009	25340		0	560	561	America/New_York	2017-05-23
5116929	Farmersville Station	Farmersville Station		42.42756	-78.36085	P	PPL	US		NY	009	25340		0	525	528	America/New_York	2017-05-23
5116931	Farmingdale	Farmingdale	FRG,Farmingdale,Farmingdejl,Hardscrabble,farmynghdyl,Фармингдејл,فارمينغديل	40.7326	-73.4454	P	PPL	US		NY	059	56000		8688	21	23	America/New_York	2017-05-23
5116932	Farmingdale	Farmingdale		41.40037	-74.23626	P	PPL	US		NY	071	07003		0	110	114	America/New_York	2017-05-23
5116934	Farmington	Farmington	Farmington,New Salem	43.03201	-77.33221	P	PPL	US		NY	069	25406		0	171	173	America/New_York	2017-05-23
5116935	Farmington	Farmington		42.98367	-77.32582	P	PPL	US		NY	069	25406		0	183	184	America/New_York	2017-05-23
5116937	Farmingville	Farmingville		40.83121	-73.02955	P	PPL	US		NY	103	10000		15481	32	32	America/New_York	2017-05-23
5116939	Farnham	Farnham	Farnham,Mill Branch,Saw Mill Station	42.5945	-79.09115	P	PPL	US		NY	029	07894		369	195	202	America/New_York	2017-05-23
5116942	Farrel Corner	Farrel Corner		43.17118	-75.07155	P	PPL	US		NY	043	50584		0	321	324	America/New_York	2017-05-23
5116944	Fantinekill	Fantinekill	Fantine Kill,Fantinekill	41.80204	-74.30459	P	PPL	US		NY	111	63011		0	129	136	America/New_York	2017-05-23
5116960	Fay	Fay		44.89282	-74.34268	P	PPL	US		NY	033	81215		0	134	131	America/New_York	2017-05-23
5116966	Fayette	Fayette	Bearytown,Fayette,fayt,فايت	42.81424	-76.80912	P	PPL	US		NY	099	25505		0	185	190	America/New_York	2017-05-23
5116968	Fayetteville	Fayetteville	Fayetteville,Manlius Four Corners,The Corners	43.02979	-76.00436	P	PPL	US		NY	067	45029		4180	163	161	America/New_York	2017-05-23
5116970	Fayville	Fayville		43.14702	-74.12041	P	PPL	US		NY	091	59949		0	237	242	America/New_York	2017-05-23
5116996	Felters Corners	Felters Corners		41.19871	-74.00931	P	PPL	US		NY	087	32765		0	121	128	America/New_York	2017-05-23
5117000	Felts Mills	Felts Mills	Felt's Mills,Felts Mills	44.02229	-75.76326	P	PPL	US		NY	045	64265		372	178	176	America/New_York	2017-05-23
5117004	Fenimore	Fenimore		43.30229	-73.59456	P	PPL	US		NY	091	48318		0	80	79	America/New_York	2017-05-23
5117005	Fenner	Fenner		42.96951	-75.78685	P	PPL	US		NY	053	25593		0	473	472	America/New_York	2017-05-23
5117006	Fenner	Fenner		43.0584	-77.66722	P	PPL	US		NY	055	34099		0	165	165	America/New_York	2017-05-23
5117008	Fenmore Park	Fenmore Park		40.98676	-73.7193	P	PPL	US		NY	119	32413		0	39	46	America/New_York	2017-05-23
5117013	Fentonville	Fentonville		42.00395	-79.14032	P	PPL	US		NY	013	12639		0	384	390	America/New_York	2017-05-23
5117016	Ferenbaugh	Ferenbaugh		42.19757	-77.00774	P	PPL	US		NY	101	35661		0	332	334	America/New_York	2017-05-23
5117025	Fergusonville	Fergusonville		42.49286	-74.80488	P	PPL	US		NY	025	19763		0	396	393	America/New_York	2017-05-23
5117032	Ferndale	Ferndale		41.77398	-74.73849	P	PPL	US		NY	105	42235		0	410	419	America/New_York	2017-05-23
5117036	Fernwood	Fernwood		43.49535	-76.15048	P	PPL	US		NY	075	61533		0	110	111	America/New_York	2017-05-23
5117037	Fernwood	Fernwood		43.27646	-73.64651	P	PPL	US		NY	091	48318		0	105	107	America/New_York	2017-05-23
5117038	Fernwood	Fernwood		41.87453	-75.06961	P	PPL	US		NY	105	27573		0	367	373	America/New_York	2017-05-23
5117050	Ferry Village	Ferry Village	Ferry Village,Grand Island	42.97089	-78.94837	P	PPL	US		NY	029	29828		0	177	178	America/New_York	2017-05-23
5117056	Feura Bush	Feura Bush	Feura Bush,Feurabush,Feuribush,Furabush,Jerusalem	42.57786	-73.87874	P	PPL	US		NY	001	50672		0	81	78	America/New_York	2017-05-23
5117061	Fickles Corner	Fickles Corner		42.26146	-75.81825	P	PPL	US		NY	017	30422		0	276	277	America/New_York	2017-05-23
5117065	Field Corners	Field Corners		41.44787	-73.64457	P	PPL	US		NY	079	56748		0	202	204	America/New_York	2017-05-23
5117066	Field Crossing	Field Crossing		42.67757	-75.03099	P	PPL	US		NY	077	32589		0	464	471	America/New_York	2017-05-23
5117068	Fey Mill	Fey Mill		43.44535	-75.54462	P	PPL	US		NY	049	42125		0	435	441	America/New_York	2017-05-23
5117078	Fields Settlement	Fields Settlement		43.94367	-75.97937	P	PPL	US		NY	045	78619		0	131	132	America/New_York	2017-05-23
5117100	Fillmore	Fillmore		42.46618	-78.11501	P	PPL	US		NY	003	36112		603	365	362	America/New_York	2017-05-23
5117101	Fillmore Corner	Fillmore Corner		42.99118	-76.0177	P	PPL	US		NY	067	45029		0	243	251	America/New_York	2017-05-23
5117111	Finchville	Finchville		41.42787	-74.57127	P	PPL	US		NY	071	48857		0	281	280	America/New_York	2017-05-23
5117113	Findley Lake	Findley Lake	Findley Lake,Findley's Lake	42.11922	-79.73255	P	PPL	US		NY	013	47592		0	439	438	America/New_York	2017-05-23
5117114	Fine	Fine	Andersonville,Fine,Scriba,Smithville	44.24784	-75.1377	P	PPL	US		NY	089	25791		0	294	295	America/New_York	2017-05-23
5117116	Fineview	Fineview		44.28755	-76.01217	P	PPL	US		NY	045	55398		0	86	85	America/New_York	2017-05-23
5117124	Fink Basin	Fink Basin		43.02702	-74.82515	P	PPL	US		NY	043	19686		0	124	134	America/New_York	2017-05-23
5117125	Fink Hollow	Fink Hollow		43.35257	-75.27906	P	PPL	US		NY	065	71212		0	365	387	America/New_York	2017-05-23
5117140	Fintches Corners	Fintches Corners		43.27979	-76.64439	P	PPL	US		NY	011	71146		0	118	122	America/New_York	2017-05-23
5117142	Finnegans Corners	Finnegans Corners		41.36621	-74.35988	P	PPL	US		NY	071	29553		0	133	141	America/New_York	2017-05-23
5117145	Fire Island	Fire Island		40.6476	-73.14595	P	PPL	US		NY	103	10000		292	1	4	America/New_York	2017-05-23
5117149	Fire Island Pines	Fire Island Pines		40.66538	-73.06817	P	PPL	US		NY	103	10000		0	1	6	America/New_York	2017-05-23
5117161	Fireplace	Fireplace		41.04649	-72.15258	P	PPL	US		NY	103	22194		0	8	14	America/New_York	2017-05-23
5117208	Firthcliffe	Firthcliffe	Fircloff,Firthcliffe,Montana Woolen Mills	41.43926	-74.04514	P	PPL	US		NY	071	18300		4949	91	93	America/New_York	2017-05-23
5117209	Firthcliffe Heights	Firthcliffe Heights		41.44843	-74.05736	P	PPL	US		NY	071	18300		0	91	92	America/New_York	2017-05-23
5117221	Fish Creek	Fish Creek		43.52035	-75.53324	P	PPL	US		NY	049	42125		0	491	493	America/New_York	2017-05-23
5117231	Fish Creek	Fish Creek		42.06204	-74.01292	P	PPL	US		NY	111	65299		0	79	82	America/New_York	2017-05-23
5117232	Fish Creek Landing	Fish Creek Landing		43.2209	-75.69991	P	PPL	US		NY	065	77486		0	114	117	America/New_York	2017-05-23
5117234	Fish Creek Station	Fish Creek Station		43.19618	-75.71296	P	PPL	US		NY	065	77178		0	115	116	America/New_York	2017-05-23
5117242	Fish House	Fish House	Fish House,Fishhouse,Northampton	43.14452	-74.13291	P	PPL	US		NY	035	51407		0	237	242	America/New_York	2017-05-23
5117261	Fishers	Fishers		43.00867	-77.46472	P	PPL	US		NY	069	77387		0	166	168	America/New_York	2017-05-23
5117263	Fishers Island	Fishers Island	FID,Fishers Ajland,Ilha Fishers,Ostrov Fishera,Остров Фишера,Фишерс Ајланд	41.2561	-72.02952	P	PPL	US		NY	103	69463		236	5	0	America/New_York	2017-05-23
5117266	Fishers Landing	Fishers Landing	Fisher Landing,Fishers Landing	44.27644	-76.008	P	PPL	US		NY	045	55398		89	80	79	America/New_York	2017-05-23
5117267	Fisherville	Fisherville		42.15646	-76.86885	P	PPL	US		NY	015	06475		0	282	285	America/New_York	2017-05-23
5117274	Fishkill	Fishkill	Fishkil,Fishkill,Fishkill Village,fisshukiru,fyshkyl,Фишкил,فيشكيل,フィッシュキル	41.53565	-73.89903	P	PPL	US		NY	027	25978		2133	67	71	America/New_York	2017-05-23
5117279	Fishkill Landing (historical)	Fishkill Landing (historical)		41.52093	-73.98292	P	PPLQ	US		NY	027	25978		0	12	25	America/New_York	2017-05-23
5117280	Fishkill Plains	Fishkill Plains		41.60704	-73.83041	P	PPL	US		NY	027	21996		0	83	82	America/New_York	2017-05-23
5117285	Fishs Eddy	Fishs Eddy	Fish's Eddy,Fishs Eddy	41.9637	-75.17489	P	PPL	US		NY	025	31951		0	300	304	America/New_York	2017-05-23
5117287	Fitch	Fitch		42.26284	-78.43752	P	PPL	US		NY	009	27342		0	473	477	America/New_York	2017-05-23
5117291	Fitch Point	Fitch Point	Fitch Point,Fitches Point	43.15008	-73.37983	P	PPL	US		NY	115	64782		0	130	133	America/New_York	2017-05-23
5117299	Five Chimneys Corner	Five Chimneys Corner		43.0334	-75.61907	P	PPL	US		NY	053	71399		0	174	175	America/New_York	2017-05-23
5117301	Five Corners	Five Corners		42.63757	-76.57578	P	PPL	US		NY	011	28673		0	356	357	America/New_York	2017-05-23
5117302	Five Corners	Five Corners		42.6423	-75.33017	P	PPL	US		NY	017	49957		0	339	339	America/New_York	2017-05-23
5117303	Five Corners	Five Corners	Five Corners,Newkirk	43.04478	-78.13807	P	PPL	US		NY	037	04726		0	237	240	America/New_York	2017-05-23
5117304	Five Corners	Five Corners		43.07811	-78.28724	P	PPL	US		NY	037	54166		0	229	227	America/New_York	2017-05-23
5117307	Five Corners	Five Corners		43.07618	-75.69102	P	PPL	US		NY	053	54837		0	158	158	America/New_York	2017-05-23
5117309	Five Corners	Five Corners		42.89396	-75.37045	P	PPL	US		NY	065	65134		0	430	431	America/New_York	2017-05-23
5117311	Five Corners	Five Corners		43.26284	-78.1928	P	PPL	US		NY	073	27958		0	150	155	America/New_York	2017-05-23
5117317	Five Points	Five Points		42.30284	-78.79559	P	PPL	US		NY	009	45161		0	513	520	America/New_York	2017-05-23
5117318	Five Points	Five Points		42.96145	-77.66417	P	PPL	US		NY	055	64144		0	188	190	America/New_York	2017-05-23
5117319	Five Points	Five Points		43.06978	-77.85945	P	PPL	US		NY	055	61808		0	178	180	America/New_York	2017-05-23
5117320	Five Points	Five Points		42.94895	-76.9783	P	PPL	US		NY	069	57529		0	144	147	America/New_York	2017-05-23
5117321	Five Points	Five Points		42.67869	-74.81265	P	PPL	US		NY	077	79972		0	591	594	America/New_York	2017-05-23
5117324	Fitts Corners	Fitts Corners		42.56368	-76.32327	P	PPLL	US		NY	109	30972		0	440	433	America/New_York	2017-05-23
5117332	Fivemile Point	Fivemile Point		42.09119	-75.82297	P	PPL	US		NY	007	39837		0	262	261	America/New_York	2017-05-23
5117336	Flackville	Flackville		44.66534	-75.35744	P	PPL	US		NY	089	42631		0	110	111	America/New_York	2017-05-23
5117344	Flagler Corners	Flagler Corners		42.8548	-73.79457	P	PPL	US		NY	091	16353		0	91	91	America/New_York	2017-05-23
5117347	Flanders	Flanders		40.90343	-72.61759	P	PPL	US		NY	103	68473		4472	2	4	America/New_York	2017-05-23
5117358	Flat Creek	Flat Creek	Flat Creek,Flatcreek	42.84285	-74.50153	P	PPL	US		NY	057	63561		0	227	227	America/New_York	2017-05-23
5117372	Flat Creek	Flat Creek		42.43008	-74.40153	P	PPL	US		NY	095	28981		0	511	511	America/New_York	2017-05-23
5117377	Flatbrook	Flatbrook		42.37703	-73.429	P	PPL	US		NY	021	12056		0	287	295	America/New_York	2017-05-23
5117378	Flatbush	Flatbush	Flatbush,Middelwout,Middewout,Vlackebos,פלעטבוש	40.65205	-73.95903	P	PPL	US		NY	047			93361	16	18	America/New_York	2017-04-16
5117379	Flatbush	Flatbush		42.01537	-73.96041	P	PPL	US		NY	111	65299		0	61	59	America/New_York	2017-05-23
5117388	Flatlands	Flatlands	Flatlands,Keskachauge,Neue Amserfoort	40.62122	-73.93486	P	PPL	US		NY	047			63601	5	6	America/New_York	2017-04-16
5117399	Fleetwood	Fleetwood		40.9251	-73.83597	P	PPL	US		NY	119	49121		0	48	54	America/New_York	2017-05-23
5117404	Fleischmanns	Fleischmanns	flyshmans,פליישמאנס,فليشمانس	42.15537	-74.53238	P	PPL	US		NY	025	47031		329	457	468	America/New_York	2017-05-23
5117405	Fleming	Fleming		42.86173	-76.57411	P	PPL	US		NY	011	26231		0	275	277	America/New_York	2017-05-23
5117411	Flemingville	Flemingville	Flemingsville,Flemingville	42.1648	-76.24882	P	PPL	US		NY	107	55893		0	275	277	America/New_York	2017-05-23
5117418	Flint	Flint	Flint,Flint Creek	42.85784	-77.10608	P	PPL	US		NY	069	66289		0	249	253	America/New_York	2017-05-23
5117419	Flint	Flint		41.63732	-74.13653	P	PPL	US		NY	111	58552		0	147	146	America/New_York	2017-05-23
5117428	Flint Town	Flint Town		43.39951	-75.44018	P	PPL	US		NY	065	03309		0	431	428	America/New_York	2017-05-23
5117433	Floodwood	Floodwood		44.33367	-74.40628	P	PPL	US		NY	033	65178		0	480	500	America/New_York	2017-05-23
5117438	Floral Park	Floral Park	East Hinsdale,Floral Park,Hinsdale,flwral bark,flwrl park  nyw yark,Флорал Парк,فلورال بارك,فلورل پارک، نیو یارک	40.72371	-73.70485	P	PPL	US		NY	059	34000		15969	27	29	America/New_York	2017-05-23
5117441	Florence	Florence		43.4384	-75.74935	P	PPL	US		NY	065	26297		0	298	300	America/New_York	2017-05-23
5117451	Florida	Florida	Brookland,Florida,Floridus,Флорида	41.33176	-74.35682	P	PPL	US		NY	071	78366		2899	136	139	America/New_York	2017-05-23
5117455	Floridaville	Floridaville		43.23868	-76.48716	P	PPL	US		NY	011	37660		0	133	134	America/New_York	2017-05-23
5117458	Flower Hill	Flower Hill		40.80732	-73.68124	P	PPL	US		NY	059	53000		4838	50	56	America/New_York	2017-05-23
5117462	Flowers	Flowers		42.04369	-75.68852	P	PPL	US		NY	007	82535		0	484	482	America/New_York	2017-05-23
5117464	Floyd	Floyd	Floyd,Floyd Corners	43.21979	-75.33434	P	PPL	US		NY	065	26385		0	171	173	America/New_York	2017-05-23
5117471	Florence Hill	Florence Hill		43.42313	-75.79297	P	PPL	US		NY	065	26297		0	320	323	America/New_York	2017-05-23
5117472	Flushing	Flushing	Contea di Queens,Flashing,Flushing,Flushinge,Okrug Kvins,Queens,Queens County,fa la sheng,flashyng  kwyynz,flshng  kwyynz,peulleosing,Округ Квинс,Флашинг,פלאשינג,فلاشینگ، کویینز,فلشنگ، کوئینز,法拉盛,플러싱	40.76538	-73.81736	P	PPL	US		NY	081			0	26	33	America/New_York	2013-07-01
5117482	Fluvanna	Fluvanna		42.11922	-79.29199	P	PPL	US		NY	013	23998		0	408	413	America/New_York	2017-05-23
5117492	Fly Creek	Fly Creek	Fly Creek,Flycreek	42.71841	-74.98321	P	PPL	US		NY	077	55695		0	397	399	America/New_York	2017-05-23
5117508	Fly Summit	Fly Summit	Fly Summit,Vly Summit	43.01258	-73.48428	P	PPL	US		NY	115	11836		0	185	185	America/New_York	2017-05-23
5117515	Flying Point	Flying Point		40.89427	-72.35425	P	PPL	US		NY	103	68473		0	5	7	America/New_York	2017-05-23
5117529	Fonda	Fonda	Caughnawaga,Fonda,Ga-na-wa-da,Kana'tsiohare:ke,Kana'tsioharè:ke,fang da,fwnda,Фонда,فوندا,方达	42.95452	-74.37652	P	PPLA2	US		NY	057	47834		765	90	90	America/New_York	2017-05-23
5117533	Folsomdale	Folsomdale	Folsomdale,Scottsville,West Bennington	42.82728	-78.44808	P	PPL	US		NY	121	05936		0	301	305	America/New_York	2017-05-23
5117538	Foots Corners	Foots Corners	Foot's Corners,Foots Corner,Foots Corners,May's Corners	42.74645	-77.6775	P	PPL	US		NY	051	17618		0	347	348	America/New_York	2017-05-23
5117542	Footes	Footes		42.58506	-78.64447	P	PPL	US		NY	029	17585		0	401	406	America/New_York	2017-05-23
5117547	Ford Corner	Ford Corner		42.97534	-77.52722	P	PPL	US		NY	055	46558		0	187	188	America/New_York	2017-05-23
5117549	Fordham	Fordham		40.85927	-73.89847	P	PPL	US		NY	005			94678	38	42	America/New_York	2017-04-16
5117553	Fordhams Corners	Fordhams Corners	Fordham's Corners,Fordhams Corners	44.40034	-75.19271	P	PPL	US		NY	089	64221		0	199	205	America/New_York	2017-05-23
5117556	Fordsbush	Fordsbush		42.95952	-74.74209	P	PPL	US		NY	057	47614		0	219	220	America/New_York	2017-05-23
5117563	Forest Beach	Forest Beach		43.22062	-76.09159	P	PPL	US		NY	067	15704		0	113	117	America/New_York	2017-05-23
5117566	Forest City	Forest City		43.95201	-75.44213	P	PPL	US		NY	049	19081		0	280	278	America/New_York	2017-05-23
5117568	Forest Glen	Forest Glen		42.73173	-78.84837	P	PPL	US		NY	029	31654		0	233	235	America/New_York	2017-05-23
5117569	Forest Glen	Forest Glen		41.70398	-74.1282	P	PPL	US		NY	111	28255		0	96	97	America/New_York	2017-05-23
5117575	Forest Hills	Forest Hills	Forest Hill,Forest Hills,Whitepot	40.71621	-73.85014	P	PPL	US		NY	081			67714	18	19	America/New_York	2017-04-16
5117581	Forest Home	Forest Home	Flea Hollow,Forest Home,Free Hollow,Sydney's Mill	42.45368	-76.46799	P	PPL	US		NY	109	38088		572	281	279	America/New_York	2017-05-23
5117584	Forest Knolls	Forest Knolls		40.93871	-73.77569	P	PPL	US		NY	119	50617		0	43	48	America/New_York	2017-05-23
5117592	Forest Lawn	Forest Lawn		43.24895	-77.50333	P	PPL	US		NY	055	78971		0	80	77	America/New_York	2017-05-23
5117597	Forest Park	Forest Park		42.33395	-79.60477	P	PPL	US		NY	013	79950		0	189	191	America/New_York	2017-05-23
5117607	Forestburg	Forestburg	Forestburg,Forestburgh	41.55009	-74.75127	P	PPL	US		NY	105	26528		0	372	379	America/New_York	2017-05-23
5117611	Forestdale	Forestdale		44.43644	-73.92015	P	PPL	US		NY	033	27243		0	511	512	America/New_York	2017-05-23
5117614	Forestport	Forestport	Forest Port,Forestport,Forrest Port	43.44201	-75.20711	P	PPL	US		NY	065	26627		0	342	340	America/New_York	2017-05-23
5117619	Forestville	Forestville	Forestville,Forrestville,Hanover,Walnut Falls	42.46839	-79.17698	P	PPL	US		NY	013	32050		669	284	284	America/New_York	2017-05-23
5117621	Forge Hollow	Forge Hollow		42.96285	-75.40878	P	PPL	US		NY	065	45755		0	280	281	America/New_York	2017-05-23
5117625	Forest	Forest		44.90198	-73.75598	P	PPL	US		NY	019	01583		0	241	243	America/New_York	2017-05-23
5117632	Forks	Forks		42.90395	-78.7542	P	PPL	US		NY	029	15011		0	198	200	America/New_York	2017-05-23
5117643	Forsonville	Forsonville		41.36815	-73.92958	P	PPL	US		NY	079	57584		0	119	139	America/New_York	2017-05-23
5117644	Forsyth	Forsyth		42.29228	-79.65366	P	PPL	US		NY	013	61885		0	222	225	America/New_York	2017-05-23
5117647	Fort Ann	Fort Ann	Fort En,fwrt an,Форт Ен,فورت أن	43.41424	-73.48761	P	PPL	US		NY	115	26715		476	48	49	America/New_York	2017-05-23
5117651	Fort Clinton	Fort Clinton		41.31871	-73.98792	P	PPL	US		NY	087	71674		0	32	44	America/New_York	2017-05-23
5117652	Fort Covington	Fort Covington	Fort Covington,French Mills,Kentsia'kowahne,Kentsia'kowáhne	44.98921	-74.49464	P	PPL	US		NY	033	26737		0	55	53	America/New_York	2017-05-23
5117653	Fort Covington Center	Fort Covington Center	Fort Covington Center,Fort Covington Centre	44.94838	-74.46408	P	PPL	US		NY	033	26737		0	63	60	America/New_York	2017-05-23
5117657	Fort Edward	Fort Edward	Fort Edward,Wah-co-loo-sen-coo-cha-le-va	43.26702	-73.58456	P	PPLA2	US		NY	115	26781		3277	42	42	America/New_York	2017-05-23
5117661	Fort Greene	Fort Greene		40.69371	-73.96708	P	PPLX	US		NY	047			0	18	17	America/New_York	2006-08-15
5117663	Fort Hamilton	Fort Hamilton		40.61872	-74.0332	P	PPL	US		NY	047			28966	20	23	America/New_York	2017-04-16
5117666	Fort Herkimer	Fort Herkimer		43.01701	-74.95238	P	PPL	US		NY	043	28750		0	121	125	America/New_York	2017-05-23
5117667	Fort Hill	Fort Hill		43.01673	-77.97029	P	PPL	US		NY	037	42037		0	204	204	America/New_York	2017-05-23
5117669	Fort Hill	Fort Hill		42.91701	-77.0433	P	PPL	US		NY	069	57529		0	192	195	America/New_York	2017-05-23
5117672	Fort Hill	Fort Hill		40.87926	-73.40651	P	PPL	US		NY	103	37000		0	47	52	America/New_York	2017-05-23
5117673	Fort Hill	Fort Hill		43.0534	-76.75273	P	PPL	US		NY	117	65343		0	170	168	America/New_York	2017-05-23
5117677	Fort Hunter	Fort Hunter		42.74313	-73.94262	P	PPL	US		NY	001	31104		0	101	105	America/New_York	2017-05-23
5117678	Fort Hunter	Fort Hunter	Fort Hunter,Icanderoga,Te-ah-ton-ta-lo-ga,Teondaloga	42.9423	-74.28513	P	PPL	US		NY	057	26308		0	89	90	America/New_York	2017-05-23
5117680	Fort Jackson	Fort Jackson		44.70561	-74.71491	P	PPL	US		NY	089	35595		0	182	177	America/New_York	2017-05-23
5117683	Fort Johnson	Fort Johnson	Aiken,Akin,Fort Johnson,Mount Johnson	42.95841	-74.23291	P	PPL	US		NY	057	02077		469	94	104	America/New_York	2017-05-23
5117684	Fort Miller	Fort Miller		43.16091	-73.57789	P	PPL	US		NY	115	26781		0	35	38	America/New_York	2017-05-23
5117685	Fort Montgomery	Fort Montgomery		41.33148	-73.98681	P	PPL	US		NY	071	34550		1571	49	55	America/New_York	2017-05-23
5117689	Fort Niagara Beach	Fort Niagara Beach	Fort Niagara Beach,Rumsey Park	43.26783	-79.03755	P	PPL	US		NY	063	59267		0	84	85	America/New_York	2017-05-23
5117694	Fort Plain	Fort Plain	Fort Plain,Twa-da-a-la-ha-la	42.93146	-74.62264	P	PPL	US		NY	057	47614		2248	93	95	America/New_York	2017-05-23
5117703	Fort Salonga	Fort Salonga		40.9126	-73.30095	P	PPL	US		NY	103	68000		10008	10	11	America/New_York	2017-05-23
5117714	Fort Wadsworth	Fort Wadsworth		40.60113	-74.05738	P	PPL	US		NY	085			1669	11	23	America/New_York	2017-04-22
5117721	Fortsville	Fortsville		43.23007	-73.68178	P	PPL	US		NY	091	48318		0	89	87	America/New_York	2017-05-23
5117730	Foster	Foster		42.12924	-76.14326	P	PPL	US		NY	107	55893		0	334	337	America/New_York	2017-05-23
5117739	Fosterdale	Fosterdale		41.70759	-74.97211	P	PPL	US		NY	105	16661		0	391	396	America/New_York	2017-05-23
5117742	Fosterville	Fosterville		42.95812	-76.673	P	PPL	US		NY	011	03166		0	156	158	America/New_York	2017-05-23
5117746	Fostertown	Fostertown		41.55343	-74.04542	P	PPL	US		NY	071	50045		0	115	122	America/New_York	2017-05-23
5117756	Four Mile	Four Mile	Four Mile,Fourmile	42.01979	-78.46502	P	PPL	US		NY	009	01297		0	708	711	America/New_York	2017-05-23
5117781	Fourth Lake	Fourth Lake		43.35701	-73.82984	P	PPL	US		NY	113	40662		0	211	227	America/New_York	2017-05-23
5117782	Fowler	Fowler	Fowler,Little York	44.27867	-75.38632	P	PPL	US		NY	089	27100		0	180	181	America/New_York	2017-05-23
5117786	Fowlersville	Fowlersville		43.62396	-75.27406	P	PPL	US		NY	049	43995		0	356	363	America/New_York	2017-05-23
5117787	Fowlerville	Fowlerville		42.60228	-78.71669	P	PPL	US		NY	029	17585		0	310	314	America/New_York	2017-05-23
5117788	Fowlerville	Fowlerville		42.8934	-77.84556	P	PPL	US		NY	051	84022		227	194	196	America/New_York	2017-05-23
5117789	Fowlerville	Fowlerville	Fowlersville,Fowlerville	41.5562	-74.76044	P	PPL	US		NY	105	26528		0	324	331	America/New_York	2017-05-23
5117793	Fox	Fox		42.41812	-78.64197	P	PPL	US		NY	009	02759		0	471	478	America/New_York	2017-05-23
5117810	Fox Hill	Fox Hill		43.19313	-74.04485	P	PPL	US		NY	091	23591		0	460	463	America/New_York	2017-05-23
5117814	Fox Hills	Fox Hills	Fox Hills,Park Hill	40.6151	-74.08459	P	PPL	US		NY	085			0	20	21	America/New_York	2006-01-15
5117821	Fox Meadow	Fox Meadow	Fox Meadow,Fox Meadows	41.00176	-73.79263	P	PPL	US		NY	119	65442		0	62	68	America/New_York	2017-05-23
5117831	Fox Ridge	Fox Ridge		43.05534	-76.69078	P	PPL	US		NY	011	48131		0	122	122	America/New_York	2017-05-23
5117836	Fraleighs	Fraleighs		42.00343	-73.83402	P	PPL	US		NY	027	60905		0	74	76	America/New_York	2017-05-23
5117841	Francis Corners	Francis Corners		43.01341	-73.77818	P	PPL	US		NY	091	44743		0	95	99	America/New_York	2017-05-23
5117856	Frankfort	Frankfort	Frankfurt,Франкфурт	43.03896	-75.07044	P	PPL	US		NY	043	27199		2507	124	126	America/New_York	2017-05-23
5117857	Frankfort Center	Frankfort Center		43.05118	-75.14433	P	PPL	US		NY	043	27199		0	210	216	America/New_York	2017-05-23
5117864	Franklin	Franklin	Franklin,Франклин	42.34064	-75.16517	P	PPL	US		NY	025	27232		350	376	381	America/New_York	2017-05-23
5117870	Franklin Depot	Franklin Depot		42.28258	-75.20934	P	PPL	US		NY	025	67345		0	476	475	America/New_York	2017-05-23
5117871	Franklin Falls	Franklin Falls	Franklin Falls,McClenathans Falls,McLenathen Falls	44.43671	-73.97043	P	PPL	US		NY	033	27243		0	438	446	America/New_York	2017-05-23
5117879	Franklin Park	Franklin Park		43.08257	-76.07492	P	PPL	US		NY	067	20478		0	123	127	America/New_York	2017-05-23
5117890	Franklin Springs	Franklin Springs	Franklin,Franklin Iron Works,Franklin Springs	43.03674	-75.39212	P	PPL	US		NY	065	39804		0	192	188	America/New_York	2017-05-23
5117891	Franklin Square	Franklin Square	Franklin Skver,Franklin Square,Trimming Square,Washington Square,franklyn skwary,Франклин Сквер,فرانكلين سكواري	40.70732	-73.67596	P	PPL	US		NY	059	34000		29320	20	21	America/New_York	2017-05-23
5117901	Franklinton	Franklinton	Franklinton,The Vly	42.52091	-74.30347	P	PPL	US		NY	095	10154		0	382	388	America/New_York	2017-05-23
5117902	Franklinville	Franklinville		42.33701	-78.45808	P	PPL	US		NY	009	27342		1681	485	487	America/New_York	2017-05-23
5117911	Fraser	Fraser		42.24536	-74.96461	P	PPL	US		NY	025	20137		0	404	408	America/New_York	2017-05-23
5117912	Fraser	Fraser		42.91451	-77.87112	P	PPL	US		NY	051	84022		0	221	221	America/New_York	2017-05-23
5117918	Frear Park	Frear Park		42.7448	-73.67345	P	PPL	US		NY	083	75484		0	72	74	America/New_York	2017-05-23
5117926	Fredonia	Fredonia	Canadaway,Fredonia,Fridonija,frdwnya  nywywrk,frydwna,Фридонија,فردونیا، نیویورک,فريدونا	42.44006	-79.33171	P	PPL	US		NY	013	58981		10705	220	224	America/New_York	2017-05-23
5117934	Freedom	Freedom		42.48479	-78.33113	P	PPL	US		NY	009	27441		0	549	552	America/New_York	2017-05-23
5117935	Freedom Plains	Freedom Plains		41.67259	-73.79958	P	PPL	US		NY	027	40299		421	96	96	America/New_York	2017-05-23
5117936	Freehold	Freehold		42.35925	-74.04986	P	PPL	US		NY	039	30620		0	129	130	America/New_York	2017-05-23
5117942	Freeman	Freeman		42.05563	-77.27248	P	PPL	US		NY	101	75737		0	352	358	America/New_York	2017-05-23
5117944	Freeman Mill	Freeman Mill		43.4609	-75.57851	P	PPL	US		NY	049	42125		0	428	433	America/New_York	2017-05-23
5117949	Freeport	Freeport	Freeport,Friport,Hempstead South,Raynor South,Raynor's Neck,Raynortown,Raynorville,Washburn's Neck,frybwrt,peulipoteu,Фрипорт,فريبورت,فری پورٹ، نیو یارک,프리포트	40.6576	-73.58318	P	PPL	US		NY	059	34000		43334	6	10	America/New_York	2017-05-23
5117953	Freer Corner	Freer Corner		42.47313	-75.26073	P	PPL	US		NY	077	11528		0	456	460	America/New_York	2017-05-23
5117957	Freetown	Freetown		40.97566	-72.1823	P	PPL	US		NY	103	22194		0	8	15	America/New_York	2017-05-23
5117959	Freetown Corners	Freetown Corners		42.52202	-76.03604	P	PPL	US		NY	023	27496		0	406	405	America/New_York	2017-05-23
5117961	Freeville	Freeville		42.51396	-76.3466	P	PPL	US		NY	109	20962		520	318	319	America/New_York	2017-05-23
5117963	Fremont	Fremont	Fremont,Fremont Center,Fremont Centre,Stephens Mills	42.39451	-77.62749	P	PPL	US		NY	101	27551		0	466	469	America/New_York	2017-05-23
5117964	Fremont Center	Fremont Center	Fremont,Fremont Center,Fremont Centre,Hankins Depot	41.84231	-75.04294	P	PPL	US		NY	105	27573		0	378	384	America/New_York	2017-05-23
5117972	French Creek	French Creek		42.06783	-79.70366	P	PPL	US		NY	013	27606		0	432	434	America/New_York	2017-05-23
5117984	French Mountain	French Mountain		43.36924	-73.69845	P	PPL	US		NY	113	60356		0	164	164	America/New_York	2017-05-23
5117992	French Woods	French Woods		41.9212	-75.186	P	PPL	US		NY	025	31951		0	491	489	America/New_York	2017-05-23
5117997	Frenchville	Frenchville		43.32507	-75.35823	P	PPL	US		NY	065	79862		0	182	185	America/New_York	2017-05-23
5118003	Fresh Kills	Fresh Kills		40.56427	-74.18626	P	PPL	US		NY	085			0	11	14	America/New_York	2006-01-15
5118005	Fresh Meadows	Fresh Meadows		40.73482	-73.79347	P	PPL	US		NY	081			28397	11	12	America/New_York	2017-04-16
5118006	Fresh Pond	Fresh Pond		40.70705	-73.90347	P	PPL	US		NY	081			0	34	39	America/New_York	2006-01-15
5118013	Fresh Pond Junction	Fresh Pond Junction		40.70399	-73.89153	P	PPL	US		NY	081			0	30	30	America/New_York	2006-01-15
5118014	Fresh Pond Landing	Fresh Pond Landing		40.99482	-72.11035	P	PPL	US		NY	103	22194		0	1	4	America/New_York	2017-05-23
5118018	Frewsburg	Frewsburg	Frewsburg,Frewsburgh	42.0545	-79.1581	P	PPL	US		NY	013	12639		1906	396	398	America/New_York	2017-05-23
5118019	Freysbush	Freysbush	Frey's Bush,Freysbush	42.90924	-74.66292	P	PPL	US		NY	057	47614		0	210	213	America/New_York	2017-05-23
5118026	Friend	Friend		42.66285	-77.18359	P	PPL	US		NY	123	38583		0	303	314	America/New_York	2017-05-23
5118036	Friendship	Friendship	Fighting Corners,Friendship	42.20646	-78.13751	P	PPL	US		NY	003	27705		1218	459	465	America/New_York	2017-05-23
5118041	Frink Corner	Frink Corner		43.08174	-73.93651	P	PPL	US		NY	091	30444		0	194	199	America/New_York	2017-05-23
5118042	Frinks Corner	Frinks Corner		42.70478	-78.38807	P	PPL	US		NY	121	66773		0	464	465	America/New_York	2017-05-23
5118061	Frontenac	Frontenac		44.25699	-76.04967	P	PPL	US		NY	045	16100		0	74	73	America/New_York	2017-05-23
5118069	Frone Corner	Frone Corner		42.45841	-75.32017	P	PPL	US		NY	077	11528		0	341	345	America/New_York	2017-05-23
5118070	Frost Hollow	Frost Hollow		42.82673	-77.56444	P	PPL	US		NY	069	61544		0	253	257	America/New_York	2017-05-23
5118074	Frost Valley	Frost Valley		41.98704	-74.51043	P	PPL	US		NY	111	20247		0	622	629	America/New_York	2017-05-23
5118077	Fruit Valley	Fruit Valley	Fruit Valley,Union Village	43.43535	-76.56383	P	PPL	US		NY	075	55585		0	82	87	America/New_York	2017-05-23
5118078	Fruitland	Fruitland		43.22423	-77.33749	P	PPL	US		NY	117	55013		0	137	137	America/New_York	2017-05-23
5118102	Fullers	Fullers	Fuller's Station,Fullers	42.72591	-73.9604	P	PPL	US		NY	001	31104		0	86	90	America/New_York	2017-05-23
5118103	Fullers	Fullers		43.47757	-74.09458	P	PPL	US		NY	113	73814		0	439	443	America/New_York	2017-05-23
5118104	Fullerville	Fullerville	Fullersville,Fullerville	44.26812	-75.34188	P	PPL	US		NY	089	27100		0	216	217	America/New_York	2017-05-23
5118111	Fulmer Valley	Fulmer Valley		42.09785	-77.83	P	PPL	US		NY	003	37297		0	563	566	America/New_York	2017-05-23
5118130	Fultonham	Fultonham		42.56841	-74.39542	P	PPL	US		NY	095	27826		0	214	217	America/New_York	2017-05-23
5118131	Fultonville	Fultonville	Fultonville,Van Epps Swamp	42.94785	-74.37041	P	PPL	US		NY	057	29047		788	88	91	America/New_York	2017-05-23
5118136	Fulton	Fulton	Fulton,Oswego Falls,fwltn  nywywrk,fwltwn,Фултон,فولتن، نیویورک,فولتون	43.32285	-76.41716	P	PPL	US		NY	075	27815		11552	110	107	America/New_York	2017-05-23
5118145	Furnace Village	Furnace Village		43.24118	-76.82107	P	PPL	US		NY	117	82689		0	98	99	America/New_York	2017-05-23
5118146	Furnace Woods	Furnace Woods		41.26482	-73.88597	P	PPL	US		NY	119	18410		0	97	105	America/New_York	2017-05-23
5118148	Furnaceville	Furnaceville		42.6548	-74.67181	P	PPL	US		NY	077	19895		0	546	548	America/New_York	2017-05-23
5118149	Furnaceville	Furnaceville		43.25229	-77.27388	P	PPL	US		NY	117	55013		0	107	109	America/New_York	2017-05-23
5118151	Furniss	Furniss		43.39535	-76.53328	P	PPL	US		NY	075	55585		0	112	116	America/New_York	2017-05-23
5118154	Fyler Settlement	Fyler Settlement		43.09535	-75.92103	P	PPL	US		NY	053	71993		0	124	126	America/New_York	2017-05-23
5118159	Gabriels	Gabriels		44.432	-74.18099	P	PPL	US		NY	033	08213		0	518	522	America/New_York	2017-05-23
5118160	Gabriels Junction	Gabriels Junction		42.42146	-76.90357	P	PPL	US		NY	097	60763		0	261	259	America/New_York	2017-05-23
5118170	Gaines	Gaines		43.28506	-78.2153	P	PPL	US		NY	073	27958		0	129	134	America/New_York	2017-05-23
5118171	Gaines Basin	Gaines Basin		43.25867	-78.22308	P	PPL	US		NY	073	27958		0	151	151	America/New_York	2017-05-23
5118175	Gainesville	Gainesville	Gainesville,Gainesville Creek	42.6409	-78.1339	P	PPL	US		NY	121	27980		222	493	496	America/New_York	2017-05-23
5118179	Galatia	Galatia		42.48535	-76.03131	P	PPL	US		NY	023	27496		0	374	373	America/New_York	2017-05-23
5118180	Gale	Gale		44.26756	-74.63101	P	PPL	US		NY	089	57716		0	466	469	America/New_York	2017-05-23
5118183	Galena	Galena	Galena,Galena Station	42.61313	-75.53074	P	PPL	US		NY	017	53297		0	311	315	America/New_York	2017-05-23
5118185	Galeville	Galeville		43.09007	-76.17298	P	PPL	US		NY	067	64815		4617	129	131	America/New_York	2017-05-23
5118186	Galeville	Galeville	Galeville,Galeville Mills	41.63648	-74.19098	P	PPL	US		NY	111	66674		0	77	77	America/New_York	2017-05-23
5118187	Galilee	Galilee		44.61701	-75.508	P	PPL	US		NY	089	55563		0	101	103	America/New_York	2017-05-23
5118191	Gallatinville	Gallatinville	Gallatin,Gallatinville	42.03454	-73.67068	P	PPL	US		NY	021	28068		0	137	137	America/New_York	2017-05-23
5118205	Gallows Hill	Gallows Hill		41.32148	-73.90792	P	PPL	US		NY	119	18410		0	131	132	America/New_York	2017-05-23
5118207	Gallupville	Gallupville		42.66258	-74.23263	P	PPL	US		NY	095	83195		0	220	225	America/New_York	2017-05-23
5118209	Galway	Galway	Galway,New Galloway	43.01869	-74.03152	P	PPL	US		NY	091	28112		199	253	258	America/New_York	2017-05-23
5118213	Gamble Mill	Gamble Mill		42.85701	-76.25215	P	PPL	US		NY	067	55651		0	315	302	America/New_York	2017-05-23
5118221	Gansevoort	Gansevoort		43.19618	-73.65178	P	PPL	US		NY	091	53737		0	73	74	America/New_York	2017-05-23
5118223	Garbutt	Garbutt	Garbutt,Garbuttsville	43.01284	-77.79167	P	PPL	US		NY	055	81402		0	182	186	America/New_York	2017-05-23
5118226	Garden City	Garden City	Garden City,Garden Siti,JHC,ghardyn syty,Гарден Сити,غاردين سيتي,گارڈن سٹی، نیو یارک	40.72677	-73.6343	P	PPL	US		NY	059	34000		22612	27	30	America/New_York	2017-05-23
5118228	Garden City Park	Garden City Park		40.74093	-73.66263	P	PPL	US		NY	059	53000		7806	32	33	America/New_York	2017-05-23
5118229	Garden City South	Garden City South		40.71232	-73.66096	P	PPL	US		NY	059	34000		4024	21	23	America/New_York	2017-05-23
5118233	Garden Terrace	Garden Terrace		43.08562	-76.28382	P	PPL	US		NY	067	11913		0	122	125	America/New_York	2017-05-23
5118234	Gardenville	Gardenville		42.85867	-78.75448	P	PPL	US		NY	029	80918		0	191	195	America/New_York	2017-05-23
5118235	Gardiner	Gardiner	Gardiner,ghardnyr,Гардинер,غاردنير	41.67982	-74.15042	P	PPL	US		NY	111	28255		950	96	101	America/New_York	2017-05-23
5118251	Gang Mills	Gang Mills		42.14619	-77.11164	P	PPL	US		NY	101	24647		4185	285	290	America/New_York	2017-05-23
5118260	Gardnersville	Gardnersville		42.72396	-74.58209	P	PPL	US		NY	095	66542		0	372	369	America/New_York	2017-05-23
5118261	Gardnertown	Gardnertown		41.53509	-74.07014	P	PPL	US		NY	071	50045		4373	125	132	America/New_York	2017-05-23
5118262	Gardnerville	Gardnerville		41.34454	-74.48683	P	PPL	US		NY	071	78839		0	131	130	America/New_York	2017-05-23
5118263	Garfield	Garfield		42.54008	-73.394	P	PPL	US		NY	083	71102		0	253	253	America/New_York	2017-05-23
5118270	Garland	Garland		43.22506	-77.89001	P	PPL	US		NY	055	15957		0	132	132	America/New_York	2017-05-23
5118272	Garlinghouse	Garlinghouse		42.60896	-77.47165	P	PPL	US		NY	069	49440		0	454	459	America/New_York	2017-05-23
5118277	Garnerville	Garnerville	Garnersville,Garnerville	41.20176	-73.99431	P	PPL	US		NY	087	32765		0	64	69	America/New_York	2017-05-23
5118280	Garnet Lake	Garnet Lake	Garnet,Garnet Lake	43.54173	-74.01207	P	PPL	US		NY	113	38715		0	447	454	America/New_York	2017-05-23
5118283	Garoga	Garoga	Garoga,Garoga Hamlet	43.04396	-74.51653	P	PPL	US		NY	035	24603		0	296	304	America/New_York	2017-05-23
5118285	Garrattsville	Garrattsville		42.6473	-75.17183	P	PPL	US		NY	077	50485		0	397	401	America/New_York	2017-05-23
5118289	Garrison	Garrison	Garrison,Garrison's,Garrison's Landing,Garrison-on-Hudson,Garrisons,Garrisons Landing,Mead's Dock,Nelson's Landing	41.38398	-73.94569	P	PPL	US		NY	079	57584		0	16	23	America/New_York	2017-05-23
5118298	Garwoods	Garwoods	Garwoods,Garwoods Station,Whitney Crossings,Whitney's Crossing	42.45951	-77.82472	P	PPL	US		NY	003	11253		0	390	391	America/New_York	2017-05-23
5118299	Gas Spring	Gas Spring		42.41535	-77.83416	P	PPL	US		NY	003	11253		0	542	546	America/New_York	2017-05-23
5118304	Gasport	Gasport		43.19922	-78.57614	P	PPL	US		NY	063	64034		1248	157	156	America/New_York	2017-05-23
5118312	Gates	Gates		43.09146	-73.63817	P	PPL	US		NY	091	65244		0	73	80	America/New_York	2017-05-23
5118313	Gates Center	Gates Center		43.1534	-77.69084	P	PPL	US		NY	055	28442		0	167	170	America/New_York	2017-05-23
5118318	Gaskill	Gaskill	Gaskill,Gaskill Corners,Gaskill's Corners	42.13007	-76.1816	P	PPL	US		NY	107	55893		0	316	316	America/New_York	2017-05-23
5118335	Gayhead	Gayhead	Gay Head,Gayhead	42.34147	-73.97013	P	PPL	US		NY	039	11649		0	221	223	America/New_York	2017-05-23
5118340	Gayville	Gayville		43.3059	-76.01353	P	PPL	US		NY	075	17904		0	144	142	America/New_York	2017-05-23
5118351	Gee Brook	Gee Brook		42.50924	-75.91825	P	PPL	US		NY	023	15748		0	318	320	America/New_York	2017-05-23
5118356	Geers Corners	Geers Corners		44.18117	-75.33798	P	PPL	US		NY	089	58266		0	235	237	America/New_York	2017-05-23
5118357	Gees Corner	Gees Corner		43.1359	-75.82741	P	PPL	US		NY	053	71993		0	127	127	America/New_York	2017-05-23
5118367	Genegantslet	Genegantslet		42.35035	-75.81047	P	PPL	US		NY	017	30422		0	309	314	America/New_York	2017-05-23
5118386	Genesee Junction	Genesee Junction		43.0984	-77.68611	P	PPL	US		NY	055	15462		0	161	159	America/New_York	2017-05-23
5118394	Geneseo	Geneseo	Big Tree,Dzenesio,Geneseo,jynysyw,Џенесио,جينيسيو	42.7959	-77.81695	P	PPLA2	US		NY	051	28629		8173	235	238	America/New_York	2017-05-23
5118398	Geneva	Geneva	Dzeniva,Ganundasaga,Geneva,Geneve,LjinivoNju-Jork,Zheneva,jnyf,zhnwa  nywywrk,ЉинивоНю-Йорк,Џенива,Женева,جنيف,ژنوا، نیویورک	42.86896	-76.97774	P	PPL	US		NY	069	28640		13062	135	136	America/New_York	2017-05-23
5118403	Genoa	Genoa		42.66785	-76.53577	P	PPL	US		NY	011	28673		0	260	263	America/New_York	2017-05-23
5118428	Georgetown	Georgetown		42.46924	-75.89298	P	PPL	US		NY	023	81963		0	354	361	America/New_York	2017-05-23
5118429	Georgetown	Georgetown	Georgetown,Slab City	42.7684	-75.73658	P	PPL	US		NY	053	28695		0	430	430	America/New_York	2017-05-23
5118434	Georgica	Georgica		40.94538	-72.2198	P	PPL	US		NY	103	22194		0	8	11	America/New_York	2017-05-23
5118439	Gerard Park	Gerard Park		41.04343	-72.14619	P	PPL	US		NY	103	22194		0	1	6	America/New_York	2017-05-23
5118445	German Four Corners	German Four Corners	German,German Four Corners	42.49174	-75.86075	P	PPL	US		NY	017	28739		0	489	491	America/New_York	2017-05-23
5118450	German Village	German Village		43.22395	-77.54194	P	PPL	US		NY	055	37726		0	112	114	America/New_York	2017-05-23
5118453	Germantown	Germantown		42.15868	-78.28029	P	PPL	US		NY	003	15990		0	526	527	America/New_York	2017-05-23
5118454	Germantown	Germantown	Dzermantaun,East Camp,German Camp,Germantown,jyrmantawn,Џермантаун,جيرمانتاون	42.13453	-73.8918	P	PPL	US		NY	021	28772		845	41	44	America/New_York	2017-05-23
5118455	Germantown	Germantown		41.38065	-74.70489	P	PPL	US		NY	071	59388		0	136	138	America/New_York	2017-05-23
5118458	Germany Hill	Germany Hill		42.14896	-76.35244	P	PPL	US		NY	107	73968		0	431	436	America/New_York	2017-05-23
5118460	Germonds	Germonds		41.12037	-73.99319	P	PPL	US		NY	087	15968		0	90	96	America/New_York	2017-05-23
5118463	Gerritsen	Gerritsen		40.59288	-73.92569	P	PPL	US		NY	047			0	3	3	America/New_York	2006-01-15
5118466	Gerry	Gerry	Bucklin's Corners,Gerry,Vermont	42.19339	-79.24866	P	PPL	US		NY	013	28838		0	397	400	America/New_York	2017-05-23
5118474	Getman Corners	Getman Corners		42.95007	-75.01377	P	PPL	US		NY	043	17431		0	440	442	America/New_York	2017-05-23
5118476	Getzville	Getzville		43.02395	-78.76781	P	PPL	US		NY	029	02000		0	178	179	America/New_York	2017-05-23
5118481	Ghent	Ghent	Ghent,Scompamuck,Squampamock	42.32925	-73.61567	P	PPL	US		NY	021	28871		564	124	124	America/New_York	2017-05-23
5118491	Gibson	Gibson		42.14007	-77.0308	P	PPL	US		NY	101	18267		0	284	287	America/New_York	2017-05-23
5118492	Gibson Corners	Gibson Corners		42.04091	-76.25882	P	PPL	US		NY	107	55893		0	462	463	America/New_York	2017-05-23
5118494	Gibson Landing	Gibson Landing		42.49896	-77.15858	P	PPL	US		NY	101	59982		0	223	229	America/New_York	2017-05-23
5118498	Giddingsville	Giddingsville		43.7784	-76.03548	P	PPL	US		NY	045	24086		0	182	179	America/New_York	2017-05-23
5118503	Gifford	Gifford	Gifford,Gifford's Corners	42.75091	-74.04846	P	PPL	US		NY	093	59861		0	191	190	America/New_York	2017-05-23
5118520	Gilbert Corners	Gilbert Corners		41.39898	-73.86958	P	PPL	US		NY	079	60147		0	140	152	America/New_York	2017-05-23
5118521	Gilbert Corners	Gilbert Corners		43.06813	-73.73623	P	PPL	US		NY	091	65255		0	67	66	America/New_York	2017-05-23
5118522	Gilbert Corners	Gilbert Corners		42.78396	-74.55181	P	PPL	US		NY	095	66641		0	365	364	America/New_York	2017-05-23
5118524	Gilbert	Gilbert		42.66896	-76.85468	P	PPL	US		NY	099	55827		0	223	225	America/New_York	2017-05-23
5118527	Gilbert Mills	Gilbert Mills	Gilbert Mills,Gilbert's Mills,Gilbertsville	43.31479	-76.3091	P	PPL	US		NY	075	65618		0	127	129	America/New_York	2017-05-23
5118528	Gilberts Corner	Gilberts Corner	Gilberts Corner,Gilberts Corners	43.15506	-78.5203	P	PPL	US		NY	063	64034		0	201	201	America/New_York	2017-05-23
5118529	Gilbertsville	Gilbertsville	Butternuts,Gilbertsville	42.47147	-75.32573	P	PPL	US		NY	077	11528		379	333	335	America/New_York	2017-05-23
5118530	Gilboa	Gilboa		42.3973	-74.44598	P	PPL	US		NY	095	28981		0	313	323	America/New_York	2017-05-23
5118533	Gile	Gile		44.61284	-74.49822	P	PPL	US		NY	033	78795		0	457	462	America/New_York	2017-05-23
5118538	Gilgo Beach	Gilgo Beach		40.61843	-73.39762	P	PPL	US		NY	103	04000		0	1	4	America/New_York	2017-05-23
5118570	Gilmantown	Gilmantown		43.43812	-74.31597	P	PPL	US		NY	041	79059		0	520	519	America/New_York	2017-05-23
5118588	Girarde	Girarde		41.44343	-74.22765	P	PPL	US		NY	071	31907		0	122	124	America/New_York	2017-05-23
5118589	Girards Sugarbush	Girards Sugarbush		43.47007	-74.19541	P	PPL	US		NY	041	79059		0	432	456	America/New_York	2017-05-23
5118597	Gladding Corner	Gladding Corner		42.80173	-77.4511	P	PPL	US		NY	069	08378		0	441	441	America/New_York	2017-05-23
5118606	Glasco	Glasco		42.0437	-73.94736	P	PPL	US		NY	111	65299		2099	46	44	America/New_York	2017-05-23
5118610	Glass Lake	Glass Lake		42.63008	-73.53095	P	PPL	US		NY	083	65013		0	256	256	America/New_York	2017-05-23
5118612	Glasgow Mills	Glasgow Mills		43.10285	-74.5307	P	PPL	US		NY	035	12573		0	486	493	America/New_York	2017-05-23
5118615	Gleasons Mill	Gleasons Mill	Gleason's Mill,Gleasons Mill,Morgan's Mill	44.46062	-74.94825	P	PPL	US		NY	089	15792		0	304	318	America/New_York	2017-05-23
5118616	Glen	Glen		42.89424	-74.34458	P	PPL	US		NY	057	29047		0	209	212	America/New_York	2017-05-23
5118617	Glen Aubrey	Glen Aubrey	Councilman Settlement,Glen Aubrey	42.25869	-76.00937	P	PPL	US		NY	007	49396		485	302	306	America/New_York	2017-05-23
5118625	Glen Castle	Glen Castle		42.17896	-75.90659	P	PPL	US		NY	007	15110		0	301	304	America/New_York	2017-05-23
5118626	Glen Cove	Glen Cove	Glen Cove,Glen Kouv,Glen-Kouv,Glin Kav,Moscheto Cove,Mosquito Cove,Musquito Cove,ghlyn kwf,gln yarw  nywywrk,gurenkobu,Глен Коув,Глен-Коув,Глин Кав,Ґлен-Коув,غلين كوف,گلن یارو، نیویورک,グレンコーブ	40.86232	-73.63374	P	PPL	US		NY	059	29113		27400	7	9	America/New_York	2017-05-23
5118630	Glen Cove Landing	Glen Cove Landing		40.86288	-73.65402	P	PPL	US		NY	059	29113		0	1	-9999	America/New_York	2017-05-23
5118636	Glen Edith	Glen Edith		43.20395	-77.52	P	PPL	US		NY	055	78971		0	76	87	America/New_York	2017-05-23
5118639	Glen Grove	Glen Grove		42.44285	-77.18747	P	PPL	US		NY	101	76496		0	228	236	America/New_York	2017-05-23
5118640	Glen Haven	Glen Haven		42.76562	-76.27799	P	PPL	US		NY	011	66278		0	269	286	America/New_York	2017-05-23
5118641	Glen Haven	Glen Haven		43.19312	-77.53139	P	PPL	US		NY	055	37726		0	78	79	America/New_York	2017-05-23
5118642	Glen Head	Glen Head	Glen Head,Glenhead	40.83538	-73.62374	P	PPL	US		NY	059	56000		4697	35	35	America/New_York	2017-05-23
5118650	Glen Oaks	Glen Oaks		40.74705	-73.71152	P	PPL	US		NY	081			6655	36	36	America/New_York	2017-04-16
5118653	Glen Park	Glen Park	Glen Park,Glenpark	44.00117	-75.96631	P	PPL	US		NY	045	10242		508	104	101	America/New_York	2017-05-23
5118658	Glen Spey	Glen Spey		41.4787	-74.8135	P	PPL	US		NY	105	43786		0	391	405	America/New_York	2017-05-23
5118659	Glen Wild	Glen Wild	Glen Wild,Glenwild	41.65398	-74.58683	P	PPL	US		NY	105	25241		0	403	409	America/New_York	2017-05-23
5118665	Glencairn	Glencairn		42.07896	-76.48966	P	PPL	US		NY	107	04671		0	337	338	America/New_York	2017-05-23
5118666	Glenclyffe	Glenclyffe		41.36815	-73.94847	P	PPL	US		NY	079	57584		0	41	49	America/New_York	2017-05-23
5118667	Glenco Mills	Glenco Mills	Glenco Mills,Glencoe Mills,Sober	42.14953	-73.74068	P	PPL	US		NY	021	42917		0	75	81	America/New_York	2017-05-23
5118669	Glendale	Glendale		43.71618	-75.41657	P	PPL	US		NY	049	45854		0	257	263	America/New_York	2017-05-23
5118670	Glendale	Glendale		40.70149	-73.8868	P	PPL	US		NY	081			34389	27	26	America/New_York	2017-04-16
5118671	Glendale	Glendale		41.19704	-73.84514	P	PPL	US		NY	119	50078		0	107	134	America/New_York	2017-05-23
5118677	Glenburnie	Glenburnie		43.76339	-73.45623	P	PPL	US		NY	115	60092		0	101	101	America/New_York	2017-05-23
5118679	Glenerie Lake Park	Glenerie Lake Park		42.0137	-73.98514	P	PPL	US		NY	111	75935		0	62	66	America/New_York	2017-05-23
5118680	Glenfield	Glenfield		43.71035	-75.40213	P	PPL	US		NY	049	45854		0	234	235	America/New_York	2017-05-23
5118681	Glenford	Glenford		42.00259	-74.12625	P	PPL	US		NY	111	37143		0	201	202	America/New_York	2017-05-23
5118682	Glenham	Glenham	Glenham,Red Rock	41.52176	-73.92653	P	PPL	US		NY	027	25978		0	78	84	America/New_York	2017-05-23
5118684	Glenmark	Glenmark	Glenmark,Glenmark Falls	43.19145	-76.91274	P	PPL	US		NY	117	63605		0	95	99	America/New_York	2017-05-23
5118687	Glenmont	Glenmont	Glenmont,The Abbey	42.6048	-73.76957	P	PPL	US		NY	001	06354		0	14	9	America/New_York	2017-05-23
5118688	Glenmore	Glenmore		44.25421	-73.74264	P	PPL	US		NY	031	39067		0	548	565	America/New_York	2017-05-23
5118689	Glenora	Glenora		42.4984	-76.91718	P	PPL	US		NY	123	70816		0	203	213	America/New_York	2017-05-23
5118691	Glenridge	Glenridge		42.86702	-73.90957	P	PPL	US		NY	093	29366		0	90	98	America/New_York	2017-05-23
5118693	Glens Falls	Glens Falls	Che-pon-tuc,Four Corners,GFL,Glen's Falls,Glenn's Falls,Glens Falls,Glens Fols,Glenville,Glins Folz,Ka-yan-do-ros-sa,Wing's Falls,ghlynz fwlz,glynz falz  nyw yark,glynz falz  nywywrk,gurenzuforuzu,Гленс Фолс,Глинс Фолз,غلينز فولز,گلینز فالز، نیو یارک,گلینز فالز، نیویورک,グレンズフォールズ	43.30952	-73.64401	P	PPL	US		NY	113	29333		14291	105	106	America/New_York	2017-05-23
5118700	Glenville	Glenville		42.78006	-77.60583	P	PPL	US		NY	051	42961		0	289	292	America/New_York	2017-05-23
5118701	Glenville	Glenville		42.92924	-74.05207	P	PPL	US		NY	093	29366		0	215	215	America/New_York	2017-05-23
5118702	Glenville	Glenville		41.06565	-73.84069	P	PPL	US		NY	119			0	67	77	America/New_York	2006-01-15
5118703	Glenville Center	Glenville Center		42.89258	-73.97874	P	PPL	US		NY	093	29366		0	187	186	America/New_York	2017-05-23
5118707	Glenwild	Glenwild		43.13424	-74.06485	P	PPL	US		NY	091	59949		0	409	407	America/New_York	2017-05-23
5118708	Glenwood	Glenwood		42.61923	-78.6578	P	PPL	US		NY	029	16870		0	363	366	America/New_York	2017-05-23
5118709	Glenwood	Glenwood		43.16839	-78.99671	P	PPL	US		NY	063			0	192	190	America/New_York	2006-01-15
5118710	Glenwood	Glenwood		40.94899	-73.89625	P	PPL	US		NY	119	84000		0	32	40	America/New_York	2017-05-23
5118726	Glenerie	Glenerie		42.0337	-73.97291	P	PPL	US		NY	111	65299		0	26	56	America/New_York	2017-05-23
5118729	Glenwood Landing	Glenwood Landing	Glenwood,Glenwood Landing,Littleworth,Newark	40.83066	-73.63874	P	PPL	US		NY	059	56000		3779	30	36	America/New_York	2017-05-23
5118730	Glenwood Park	Glenwood Park		41.51343	-74.04986	P	PPL	US		NY	071	50045		0	86	83	America/New_York	2017-05-23
5118738	Globe Hotel Corners	Globe Hotel Corners		42.7884	-76.38049	P	PPL	US		NY	011	51198		0	359	354	America/New_York	2017-05-23
5118743	Gloversville	Gloversville	Glaversvil,Glovursvil,ghlwfrsfyl,glwwrswyl  nywywrk,Главерсвил,Гловурсвил,غلوفرسفيل,گلوورسویل، نیویورک	43.05285	-74.34375	P	PPL	US		NY	035	29443		15023	250	256	America/New_York	2017-05-23
5118752	Godeffroy	Godeffroy		41.44676	-74.61238	P	PPL	US		NY	071	19961		0	159	163	America/New_York	2017-05-23
5118758	Godfreys Corner	Godfreys Corner		44.29394	-75.88773	P	PPL	US		NY	045	01176		0	109	108	America/New_York	2017-05-23
5118766	Golah	Golah		42.97034	-77.71611	P	PPL	US		NY	055	64144		0	165	163	America/New_York	2017-05-23
5118773	Golden Glow Heights	Golden Glow Heights	Golden Glow Heights,Hendy Creek	42.08591	-76.87135	P	PPL	US		NY	015	06475		0	269	275	America/New_York	2017-05-23
5118781	Goldens Bridge	Goldens Bridge	Golden's Bridge,Goldenbridge,Goldens Bridge,Goldensbridge,Golding's Bridge	41.29343	-73.6768	P	PPL	US		NY	119	42136		1630	66	72	America/New_York	2017-05-23
5118788	Goldsmith	Goldsmith		44.56866	-73.99848	P	PPL	US		NY	033	27243		0	400	410	America/New_York	2017-05-23
5118831	Goodrich Corners	Goodrich Corners		43.14868	-75.52796	P	PPL	US		NY	065	77178		0	162	160	America/New_York	2017-05-23
5118833	Goodrich	Goodrich		42.10174	-76.28771	P	PPL	US		NY	107	73968		0	247	249	America/New_York	2017-05-23
5118838	Goodyear Corners	Goodyear Corners	Goodyear Corners,Goodyear's,Goodyears Corners	42.63646	-76.61494	P	PPL	US		NY	011	28673		0	282	286	America/New_York	2017-05-23
5118843	Goose Bay	Goose Bay		44.36672	-75.84634	P	PPL	US		NY	045	01176		0	78	77	America/New_York	2017-05-23
5118858	Goose Island	Goose Island		43.25424	-73.42372	P	PPL	US		NY	115	02561		0	219	220	America/New_York	2017-05-23
5118884	Goosetree	Goosetree		42.65479	-76.47466	P	PPL	US		NY	011	28673		0	381	383	America/New_York	2017-05-23
5118889	Gordon Heights	Gordon Heights	Coram Hill,Gordon Heights,Jordan Heights	40.85871	-72.97066	P	PPL	US		NY	103	10000		4042	47	48	America/New_York	2017-05-23
5118897	Gorthey Corners	Gorthey Corners		43.09896	-74.16763	P	PPL	US		NY	035	08433		0	257	260	America/New_York	2017-05-23
5118899	Gorham	Gorham	Bethel,Gorham	42.79896	-77.13164	P	PPL	US		NY	069	29531		617	271	274	America/New_York	2017-05-23
5118920	Goshen	Goshen	Goshen,gwsn,qryt ghwshn,Гошен,גושן,قرية غوشن	41.40204	-74.32432	P	PPLA2	US		NY	071	29553		5397	133	133	America/New_York	2017-05-23
5118922	Gothicville	Gothicville		42.67313	-74.6932	P	PPL	US		NY	077	19895		0	581	581	America/New_York	2017-05-23
5118934	Goulds	Goulds		41.92592	-75.08322	P	PPL	US		NY	025	31951		0	570	571	America/New_York	2017-05-23
5118935	Goulds Mill	Goulds Mill		43.60924	-75.34045	P	PPL	US		NY	049	43995		0	263	268	America/New_York	2017-05-23
5118939	Gouverneur	Gouverneur	Cambray,Gouverneur	44.33673	-75.46299	P	PPL	US		NY	089	29608		3797	134	138	America/New_York	2017-05-23
5118945	Governor Alfred E Smith Houses	Governor Alfred E Smith Houses		40.71066	-73.99903	P	PPLX	US		NY	061			0	4	11	America/New_York	2007-02-14
5118986	Gracie	Gracie		42.56563	-76.2491	P	PPL	US		NY	023	18421		0	360	363	America/New_York	2017-05-23
5118990	Gowanda	Gowanda	Aldrich Mills,Aldrich's Mills,Govanda,Gowanda,Lodi,Persia,West Lodi,ghwanda,Гованда,غواندا	42.46312	-78.93587	P	PPL	US		NY	009	57331		2636	232	235	America/New_York	2017-05-23
5118992	Grafton	Grafton	Grafton,Grafton Center,Grafton Centre,Patroon's Mills,Patroons Mills	42.76897	-73.45095	P	PPL	US		NY	083	29674		0	449	449	America/New_York	2017-05-23
5118994	Graftons Square	Graftons Square		43.44257	-76.15076	P	PPL	US		NY	075	46822		0	130	133	America/New_York	2017-05-23
5118995	Graham	Graham		41.12371	-73.81013	P	PPL	US		NY	119	49011		0	87	88	America/New_York	2017-05-23
5119003	Grahamsville	Grahamsville	Chestnut Woods,Grahamsville	41.84787	-74.54793	P	PPL	US		NY	105	49847		0	295	288	America/New_York	2017-05-23
5119008	Granby Center	Granby Center	Granby Center,Granby Centre,Williams Corners	43.32673	-76.46605	P	PPL	US		NY	075	29729		0	133	133	America/New_York	2017-05-23
5119017	Grand Gorge	Grand Gorge	Grand Gorge,Moresville	42.36203	-74.49404	P	PPL	US		NY	025	64001		0	427	428	America/New_York	2017-05-23
5119018	Grand Gorge	Grand Gorge	Grand Gorge,Grand Gorge Station	42.35786	-74.50848	P	PPL	US		NY	025	64001		0	476	480	America/New_York	2017-05-23
5119019	Grand Island	Grand Island	Ga-wah-no-geh,Ga-we-not,Gawanogeh,Gawenodowanneh,Grand Island,ghrand ayland,גרנד איילנד,غراند أيلاند	43.03311	-78.96254	P	PPL	US		NY	029	29828		20813	178	178	America/New_York	2017-05-23
5119024	Grand View Beach	Grand View Beach		43.29784	-77.68306	P	PPL	US		NY	055	30290		0	76	77	America/New_York	2017-05-23
5119025	Grand View Heights	Grand View Heights		43.29534	-77.69334	P	PPL	US		NY	055	30290		0	83	85	America/New_York	2017-05-23
5119026	Grand View-on-Hudson	Grand View-on-Hudson	Grand View,Grand View-on-Hudson,Snedens	41.06399	-73.92041	P	PPL	US		NY	087	55211		285	13	0	America/New_York	2017-05-23
5119033	Grandview Park	Grandview Park	Grand View Park,Grandview Park	44.31949	-76.05523	P	PPL	US		NY	045	55398		0	82	81	America/New_York	2017-05-23
5119034	Grandyle Village	Grandyle Village	Grandyle,Grandyle Village	42.99645	-78.95504	P	PPL	US		NY	029	29828		4629	181	182	America/New_York	2017-05-23
5119038	Grange Landing	Grange Landing		42.76645	-77.32109	P	PPL	US		NY	069	12155		0	214	222	America/New_York	2017-05-23
5119044	Grangerville	Grangerville		43.10591	-73.62123	P	PPL	US		NY	091	65244		0	62	65	America/New_York	2017-05-23
5119045	Granite	Granite		41.76009	-74.26904	P	PPL	US		NY	111	63011		0	184	190	America/New_York	2017-05-23
5119048	Granite Springs	Granite Springs	Granite Springs,Lents Corners,West Somers	41.31037	-73.75736	P	PPL	US		NY	119	68308		0	157	164	America/New_York	2017-05-23
5119049	Graniteville	Graniteville	Bennett's Corners,Fayetteville,Graniteville	40.62483	-74.14848	P	PPL	US		NY	085			15272	14	16	America/New_York	2017-04-16
5119054	Grant	Grant	Booth,Grant,Postville,Potter's Bush	43.31757	-75.06044	P	PPL	US		NY	043	64254		0	376	375	America/New_York	2017-05-23
5119059	Grant City	Grant City		40.58205	-74.10486	P	PPL	US		NY	085			4594	9	8	America/New_York	2017-04-16
5119060	Grant Corner	Grant Corner	Close's Corners,Grant Corner	41.31898	-73.59096	P	PPL	US		NY	119	53517		0	117	124	America/New_York	2017-05-23
5119062	Grant Hollow	Grant Hollow	Grant Hollow,Grant's Hollow	42.8323	-73.62567	P	PPL	US		NY	083	65486		0	96	101	America/New_York	2017-05-23
5119065	Grant Mills	Grant Mills	Grant Mills,Grant's Mills	42.08426	-74.68043	P	PPL	US		NY	025	47031		0	500	519	America/New_York	2017-05-23
5119075	Grantville	Grantville		44.8595	-74.92103	P	PPL	US		NY	089	51330		0	77	76	America/New_York	2017-05-23
5119076	Granville	Granville	Bishops Corners,Granvil,Granville,ghranfyl,Гранвил,غرانفيل	43.40785	-73.25955	P	PPL	US		NY	115	30037		2467	125	129	America/New_York	2017-05-23
5119082	Grapeville	Grapeville		42.4123	-73.93318	P	PPL	US		NY	039	49935		0	195	197	America/New_York	2017-05-23
5119086	Grasmere	Grasmere	Grasmere,Grassmere	40.60427	-74.08709	P	PPL	US		NY	085			0	25	36	America/New_York	2006-01-15
5119090	Graphite	Graphite		43.75117	-73.5629	P	PPL	US		NY	113	31335		0	469	462	America/New_York	2017-05-23
5119167	Gravesend	Gravesend		40.5976	-73.96514	P	PPL	US		NY	047			112229	4	5	America/New_York	2017-04-16
5119174	Gray	Gray	Gray,Graysville,Grayville	43.26479	-74.9471	P	PPL	US		NY	043	54507		0	391	396	America/New_York	2017-05-23
5119181	Gray Shores	Gray Shores		42.81673	-77.71222	P	PPL	US		NY	051	42961		0	250	257	America/New_York	2017-05-23
5119182	Graymoor	Graymoor		41.35454	-73.9193	P	PPL	US		NY	079	57584		0	156	169	America/New_York	2017-05-23
5119183	Grays Corner	Grays Corner		43.53035	-73.38539	P	PPL	US		NY	115	81633		0	49	50	America/New_York	2017-05-23
5119185	Grays Corners	Grays Corners		42.8198	-73.75873	P	PPL	US		NY	091	31489		0	84	86	America/New_York	2017-05-23
5119190	Graywood	Graywood		42.81229	-77.71472	P	PPL	US		NY	051	42961		0	253	262	America/New_York	2017-05-23
5119194	Great Bend	Great Bend	Great Bend,Greatbend	44.03423	-75.71881	P	PPL	US		NY	045	13717		843	202	199	America/New_York	2017-05-23
5119196	Gravesville	Gravesville		43.25312	-75.11405	P	PPL	US		NY	043	64254		0	239	240	America/New_York	2017-05-23
5119211	Great Kills	Great Kills	Clarendon,Gifford's,Giffords,Great Kills,Greatkills,Newtown	40.55427	-74.15153	P	PPL	US		NY	085			22000	17	21	America/New_York	2017-04-16
5119218	Great Neck	Great Neck	Great Neck,Greatneck,Grejt Nek,geuleiteuneg,gryt nk  nywywrk,Грејт Нек,گریت نک، نیویورک,그레이트넥	40.80066	-73.72846	P	PPL	US		NY	059	53000		10143	33	39	America/New_York	2017-05-23
5119223	Great Neck Gardens	Great Neck Gardens		40.79722	-73.72389	P	PPL	US		NY	059	53000		1186	56	36	America/New_York	2017-05-23
5119226	Great Neck Plaza	Great Neck Plaza	Brookdale,Great Neck,Great Neck Plaza	40.78677	-73.72652	P	PPL	US		NY	059	53000		6925	28	31	America/New_York	2017-05-23
5119232	Great River	Great River	Grejt River,Грејт Ривер	40.72121	-73.15761	P	PPL	US		NY	103	38000		1489	4	9	America/New_York	2017-05-23
5119235	Great Neck Estates	Great Neck Estates		40.78705	-73.7368	P	PPL	US		NY	059	53000		2827	25	31	America/New_York	2017-05-23
5119240	Great Valley	Great Valley		42.21451	-78.63642	P	PPL	US		NY	009	30257		0	445	445	America/New_York	2017-05-23
5119251	Greece	Greece	Graecia,Grecia,Gris,ghrys,Грис,غريس	43.20978	-77.69306	P	PPL	US		NY	055	30290		14519	131	134	America/New_York	2017-05-23
5119259	Green Acres	Green Acres		40.65871	-73.71735	P	PPL	US		NY	059	34000		0	3	3	America/New_York	2017-05-23
5119262	Green Acres Valley	Green Acres Valley		43.00728	-78.83142	P	PPL	US		NY	029	75000		0	174	179	America/New_York	2017-05-23
5119271	Green Corners	Green Corners	Green Corners,Green's Corners	43.07063	-74.06957	P	PPL	US		NY	091	59949		0	343	343	America/New_York	2017-05-23
5119272	Green Corners	Green Corners		42.93924	-74.08096	P	PPL	US		NY	093	29366		0	235	234	America/New_York	2017-05-23
5119280	Green Haven	Green Haven		41.58732	-73.71791	P	PPL	US		NY	027	05452		0	116	119	America/New_York	2017-05-23
5119289	Green Hills	Green Hills		42.39228	-79.49338	P	PPL	US		NY	013	59421		0	185	188	America/New_York	2017-05-23
5119290	Green Island	Green Island	Grin Ajland,ghryn ayland,Грин Ајланд,غرين أيلاند	42.74424	-73.69151	P	PPL	US		NY	001	30532		2612	7	9	America/New_York	2017-05-23
5119330	Green River	Green River	Green River,Green River Hollow,Lower Hollow	42.26203	-73.47234	P	PPL	US		NY	021	34748		0	289	288	America/New_York	2017-05-23
5119334	Green Settlement	Green Settlement		43.85562	-76.03742	P	PPL	US		NY	045	00210		0	168	169	America/New_York	2017-05-23
5119335	Green Street	Green Street		44.4231	-73.63458	P	PPL	US		NY	031	38396		0	265	271	America/New_York	2017-05-23
5119343	Greenboro	Greenboro	Greenboro,Greenborough	43.64396	-75.88881	P	PPL	US		NY	075	60873		0	401	405	America/New_York	2017-05-23
5119347	Greenburgh	Greenburgh	Grinburg,Гринбург,Ґрінбург	41.03287	-73.84291	P	PPL	US		NY	119			86764	52	63	America/New_York	2010-04-26
5119348	Greenbush	Greenbush		42.64646	-74.44375	P	PPL	US		NY	095	16639		0	568	567	America/New_York	2017-05-23
5119351	Greencrest	Greencrest	Green Crest,Greencrest	42.44006	-79.42255	P	PPL	US		NY	013	59421		0	180	181	America/New_York	2017-05-23
5119352	Greendale	Greendale	Catskill Station,Greendale,Oak Hill Station	42.20731	-73.84707	P	PPL	US		NY	021	30565		0	5	16	America/New_York	2017-05-23
5119353	Greene	Greene	Greene,Hornby	42.32924	-75.76991	P	PPL	US		NY	017	30422		1502	280	281	America/New_York	2017-05-23
5119362	Greenfield	Greenfield		43.10369	-73.86401	P	PPL	US		NY	091	30444		0	180	179	America/New_York	2017-05-23
5119364	Greenfield Center	Greenfield Center	Greenfield Center,Greenfield Centre	43.12841	-73.84651	P	PPL	US		NY	091	30444		0	209	207	America/New_York	2017-05-23
5119368	Greenfield Park	Greenfield Park	Greenfield,Greenfield Park	41.72593	-74.48571	P	PPL	US		NY	111	78828		0	266	271	America/New_York	2017-05-23
5119372	Greenhaven	Greenhaven		40.95093	-73.7068	P	PPL	US		NY	119	64309		0	16	22	America/New_York	2017-05-23
5119374	Greenhurst	Greenhurst		42.1195	-79.31033	P	PPL	US		NY	013	23976		0	402	408	America/New_York	2017-05-23
5119377	Greenlawn	Greenlawn		40.86899	-73.36512	P	PPL	US		NY	103	37000		13742	69	71	America/New_York	2017-05-23
5119383	Greenpoint	Greenpoint	Green Point,Greenpoint,Grinpojnt,Гринпойнт	40.72371	-73.95097	P	PPLX	US		NY	047			0	4	6	America/New_York	2006-08-15
5119385	Greenport	Greenport	Green Hill,Greenport,Grinport,Sterling,Stirling,Winter Harbor,Гринпорт	41.10343	-72.35925	P	PPL	US		NY	103	69463		2212	3	6	America/New_York	2017-05-23
5119386	Greenport Center	Greenport Center		42.24092	-73.76235	P	PPL	US		NY	021	30565		0	53	53	America/New_York	2017-05-23
5119389	Greenridge	Greenridge	Fresh Kills,Green Ridge,Greenridge,Marshland	40.56122	-74.16987	P	PPL	US		NY	085			261	3	3	America/New_York	2017-04-16
5119396	Greens Landing	Greens Landing		42.83062	-77.25859	P	PPL	US		NY	069	29531		0	210	211	America/New_York	2017-05-23
5119398	Greenvale	Greenvale		40.81066	-73.62846	P	PPL	US		NY	059	53000		1094	57	55	America/New_York	2017-05-23
5119401	Greenville	Greenville	Greenville,Grinvill,Hemlocks,Гринвилл	42.41536	-74.02208	P	PPL	US		NY	039	30620		688	216	217	America/New_York	2017-05-23
5119402	Greenville	Greenville	Greenville,Minisink	41.36065	-74.61655	P	PPL	US		NY	071	30631		0	316	319	America/New_York	2017-05-23
5119403	Greenville	Greenville		42.42757	-77.51249	P	PPL	US		NY	101	03342		0	432	433	America/New_York	2017-05-23
5119404	Greenville	Greenville		41.8787	-74.40154	P	PPL	US		NY	111	20247		0	615	617	America/New_York	2017-05-23
5119405	Greenville	Greenville		40.99315	-73.81986	P	PPL	US		NY	119			7116	76	76	America/New_York	2014-10-08
5119406	Greenville Center	Greenville Center		42.38731	-74.00013	P	PPL	US		NY	039	30620		0	219	221	America/New_York	2017-05-23
5119412	Greenway	Greenway		43.18062	-75.53296	P	PPL	US		NY	065	63418		0	143	144	America/New_York	2017-05-23
5119414	Greenway Corners	Greenway Corners		43.17035	-75.52573	P	PPL	US		NY	065	63418		0	146	155	America/New_York	2017-05-23
5119416	Greenwich	Greenwich	Greenwich,Grinvich,Union Village,Whipple City,Whipple's City,Гринвич	43.09063	-73.49873	P	PPL	US		NY	115	30686		1744	114	117	America/New_York	2017-05-23
5119417	Greenwich Junction	Greenwich Junction		43.1498	-73.35289	P	PPL	US		NY	115	64782		0	138	135	America/New_York	2017-05-23
5119418	Greenwich Village	Greenwich Village	Greenwich Village,Grinich Vilidz,Grinuich Vilidzh,Grinvich-Villidzh,Lang Greenwich,Làng Greenwich,dhkdh grynwych,ge lin ni zhi cun,geulinichibilliji,grynwch wylj,grynwwyts wwylyzs,grynyz wylg,Гринвич-Виллидж,Гринвіч-Віллидж,Гринич Вилиџ,Гринуич Вилидж,גרינוויטש וויליזש,גריניץ וילג,دهکده گرینویچ,گرینوچ ویلج,グリニッジ・ヴィレッジ,格林尼治村,그리니치빌리지	40.72844	-74.00292	P	PPL	US		NY	061			0	6	10	America/New_York	2009-05-04
5119420	Greenwood	Greenwood		42.13507	-77.64832	P	PPL	US		NY	101	30741		0	476	477	America/New_York	2017-05-23
5119430	Greens Crossing	Greens Crossing		42.95813	-75.27683	P	PPL	US		NY	065	56330		0	408	413	America/New_York	2017-05-23
5119432	Greenwood Lake	Greenwood Lake		41.22259	-74.29432	P	PPL	US		NY	071	78366		3113	192	194	America/New_York	2017-05-23
5119443	Gregory Landing	Gregory Landing		42.81035	-76.31243	P	PPL	US		NY	011	51198		0	270	291	America/New_York	2017-05-23
5119444	Gregorytown	Gregorytown		42.0312	-75.03628	P	PPL	US		NY	025	16793		0	338	341	America/New_York	2017-05-23
5119446	Greig	Greig		43.68146	-75.35462	P	PPL	US		NY	049	30796		0	246	245	America/New_York	2017-05-23
5119448	Greigsville	Greigsville		42.83062	-77.89695	P	PPL	US		NY	051	84022		209	229	229	America/New_York	2017-05-23
5119453	Grenell	Grenell	Grenell,Grennell,Grinnell,Stuart	44.28338	-76.04411	P	PPL	US		NY	045	16100		0	98	92	America/New_York	2017-05-23
5119455	Gretna	Gretna		41.78065	-73.84597	P	PPL	US		NY	027	58695		0	136	134	America/New_York	2017-05-23
5119456	Grey Oaks	Grey Oaks		40.96621	-73.86958	P	PPL	US		NY	119	84000		0	37	40	America/New_York	2017-05-23
5119457	Greycourt	Greycourt		41.36204	-74.25543	P	PPL	US		NY	071	15308		0	132	138	America/New_York	2017-05-23
5119459	Greystone	Greystone		40.97121	-73.88819	P	PPL	US		NY	119	84000		0	24	37	America/New_York	2017-05-23
5119465	Gridleyville	Gridleyville		42.24507	-76.37216	P	PPL	US		NY	107	12221		0	285	286	America/New_York	2017-05-23
5119467	Griffin	Griffin	Griffin,Moon's Mills	43.47229	-74.22291	P	PPL	US		NY	041	79059		0	396	402	America/New_York	2017-05-23
5119474	Griffins Corners	Griffins Corners		42.9334	-76.19687	P	PPL	US		NY	067	54958		0	186	190	America/New_York	2017-05-23
5119475	Griffins Mills	Griffins Mills	Griffin's Mills,Griffins Mills,Griffinshire,Smith's Mills	42.72395	-78.66725	P	PPL	US		NY	029	03199		0	284	288	America/New_York	2017-05-23
5119479	Griffiths	Griffiths		42.12172	-79.31921	P	PPL	US		NY	013	23976		0	399	404	America/New_York	2017-05-23
5119485	Grindstone	Grindstone	Grindstone,Thurso	44.28338	-76.14272	P	PPL	US		NY	045	16100		0	77	85	America/New_York	2017-05-23
5119495	Griswold	Griswold		42.36728	-79.22977	P	PPL	US		NY	013	02605		0	437	444	America/New_York	2017-05-23
5119496	Griswold	Griswold		42.89062	-78.34502	P	PPL	US		NY	037	19719		0	317	314	America/New_York	2017-05-23
5119506	Groom Corners	Groom Corners	Groom Corners,Groom's Corners,Grooms Corners	42.83508	-73.84373	P	PPL	US		NY	091	16353		0	104	107	America/New_York	2017-05-23
5119507	Grooville	Grooville		41.94259	-74.76738	P	PPL	US		NY	105	63176		0	586	593	America/New_York	2017-05-23
5119513	Groton	Groton		42.58785	-76.36688	P	PPL	US		NY	109	30972		2396	304	307	America/New_York	2017-05-23
5119514	Groton City	Groton City		42.61507	-76.28521	P	PPL	US		NY	109	30972		0	391	392	America/New_York	2017-05-23
5119516	Grotto	Grotto		42.55952	-76.40966	P	PPL	US		NY	109	30972		0	408	414	America/New_York	2017-05-23
5119522	Grove	Grove		42.43646	-77.86805	P	PPL	US		NY	003	30994		0	496	499	America/New_York	2017-05-23
5119524	Grout Mill	Grout Mill		42.7234	-76.25854	P	PPL	US		NY	023	65915		0	368	375	America/New_York	2017-05-23
5119536	Grove Springs	Grove Springs		42.47118	-77.15608	P	PPL	US		NY	101	78883		0	222	235	America/New_York	2017-05-23
5119539	Groveland	Groveland	Groveland,Groveland Station	42.66479	-77.76972	P	PPL	US		NY	051	31016		0	187	191	America/New_York	2017-05-23
5119540	Groveland Corners	Groveland Corners	Groveland,Groveland Corners	42.70173	-77.75167	P	PPL	US		NY	051	31016		0	414	418	America/New_York	2017-05-23
5119542	Grovenor Corners	Grovenor Corners	Grovenor Corners,Grovenor's Corners,Grovenors Corners	42.72841	-74.38375	P	PPL	US		NY	095	12452		0	344	345	America/New_York	2017-05-23
5119544	Grover Cleveland Terrace	Grover Cleveland Terrace	Cleveland Heights,Grover Cleveland Terrace	42.97172	-78.80642	P	PPL	US		NY	029	02000		0	185	187	America/New_York	2017-05-23
5119545	Grover Hills	Grover Hills		44.07755	-73.51152	P	PPL	US		NY	031	48428		0	323	325	America/New_York	2017-05-23
5119548	Groveville	Groveville		41.51537	-73.93958	P	PPL	US		NY	027	25978		0	75	85	America/New_York	2017-05-23
5119566	Grymes Hill	Grymes Hill		40.61872	-74.09348	P	PPL	US		NY	085			4985	91	96	America/New_York	2017-04-16
5119577	Guideboard	Guideboard		42.80924	-75.35156	P	PPL	US		NY	053	08587		0	454	456	America/New_York	2017-05-23
5119580	Guilderland	Guilderland	Glass House,Guilderland,Hamilton,Hamiltonville,Sloan's,ghwydrland,غويدرلاند	42.70452	-73.91151	P	PPL	US		NY	001	31104		0	63	64	America/New_York	2017-05-23
5119583	Guilderland Center	Guilderland Center	Bangall,Bangalls,Guilderland Center,Guilderland Centre	42.70202	-73.96624	P	PPL	US		NY	001	31104		0	97	96	America/New_York	2017-05-23
5119585	Guilford	Guilford		42.40424	-75.48963	P	PPL	US		NY	017	31148		362	453	453	America/New_York	2017-05-23
5119586	Guilford Center	Guilford Center	Guilford Center,Guilford Centre	42.40535	-75.46212	P	PPL	US		NY	017	31148		0	425	422	America/New_York	2017-05-23
5119594	Gulf Bridge	Gulf Bridge		43.29035	-76.06464	P	PPL	US		NY	075	80500		0	137	142	America/New_York	2017-05-23
5119609	Gulf Summit	Gulf Summit		42.01897	-75.53046	P	PPL	US		NY	007	65112		0	417	420	America/New_York	2017-05-23
5119624	Gulfport	Gulfport		40.62983	-74.1957	P	PPL	US		NY	085			0	4	6	America/New_York	2006-01-15
5119625	Gulick	Gulick		42.69173	-77.4561	P	PPL	US		NY	069	68660		0	536	540	America/New_York	2017-05-23
5119647	Gulph	Gulph		43.01035	-75.15933	P	PPL	US		NY	043	27199		0	340	341	America/New_York	2017-05-23
5119661	Gunther Park	Gunther Park		40.93454	-73.85263	P	PPL	US		NY	119	84000		0	46	56	America/New_York	2017-05-23
5119663	Gurn Spring	Gurn Spring		43.17091	-73.71762	P	PPL	US		NY	091	82403		0	97	96	America/New_York	2017-05-23
5119667	Guyanoga	Guyanoga		42.62396	-77.16553	P	PPL	US		NY	123	38583		0	238	246	America/New_York	2017-05-23
5119670	Guymard	Guymard		41.42898	-74.59877	P	PPL	US		NY	071	48857		0	219	223	America/New_York	2017-05-23
5119674	Gypsum	Gypsum	Gypsum,Plainsville	42.98229	-77.13275	P	PPL	US		NY	069	44864		0	159	161	America/New_York	2017-05-23
5119683	Haberman	Haberman		40.72594	-73.91986	P	PPL	US		NY	081			0	8	5	America/New_York	2006-01-15
5119689	Hadley	Hadley		43.31729	-73.84818	P	PPL	US		NY	091	31269		1009	192	193	America/New_York	2017-05-23
5119690	Hadley Bay	Hadley Bay		42.1495	-79.40255	P	PPL	US		NY	013	52155		0	401	402	America/New_York	2017-05-23
5119699	Guyler Hill	Guyler Hill		42.71312	-75.92047	P	PPL	US		NY	023	19499		0	531	535	America/New_York	2017-05-23
5119701	Hagedorns Mills	Hagedorns Mills	Hagedorn's Mills,Hagedorns Mills	43.07618	-74.09985	P	PPL	US		NY	091	59949		0	305	305	America/New_York	2017-05-23
5119705	Hagerman	Hagerman		40.77065	-72.964	P	PPL	US		NY	103	10000		0	11	14	America/New_York	2017-05-23
5119707	Hague	Hague		43.74534	-73.49845	P	PPL	US		NY	113	31335		0	101	102	America/New_York	2017-05-23
5119709	Hagaman	Hagaman	Hagaman,Hagaman's Mills,Hagamans Mills	42.97452	-74.15096	P	PPL	US		NY	057	02077		1299	219	221	America/New_York	2017-05-23
5119717	Hague Crossing	Hague Crossing		44.72784	-75.23521	P	PPL	US		NY	089	42631		0	103	102	America/New_York	2017-05-23
5119719	Hailesboro	Hailesboro	Hailesboro,Hailsborough	44.31006	-75.44632	P	PPL	US		NY	089	27100		624	150	149	America/New_York	2017-05-23
5119721	Haines Corners	Haines Corners		41.47371	-73.58207	P	PPL	US		NY	079	56748		0	167	174	America/New_York	2017-05-23
5119726	Haines Falls	Haines Falls		42.19592	-74.09708	P	PPL	US		NY	039	36178		0	580	580	America/New_York	2017-05-23
5119731	Halcott Center	Halcott Center	Halcott Center,Halcott Centre	42.18842	-74.49126	P	PPL	US		NY	039	31379		0	531	533	America/New_York	2017-05-23
5119734	Halcottsville	Halcottsville		42.20842	-74.60099	P	PPL	US		NY	025	47031		0	427	430	America/New_York	2017-05-23
5119738	Hale Eddy	Hale Eddy	Hale Eddy,Hales Eddy	42.0037	-75.38295	P	PPL	US		NY	025	20357		0	296	295	America/New_York	2017-05-23
5119740	Hale Mills	Hale Mills		43.01952	-74.33402	P	PPL	US		NY	035	38792		0	225	225	America/New_York	2017-05-23
5119742	Halesite	Halesite		40.88843	-73.4154	P	PPL	US		NY	103	37000		2498	8	18	America/New_York	2017-05-23
5119743	Half Acre	Half Acre	Aurelius,Half Acre	42.91673	-76.62467	P	PPL	US		NY	011	03166		0	196	195	America/New_York	2017-05-23
5119745	Half Hollow	Half Hollow		40.77649	-73.34317	P	PPL	US		NY	103	37000		0	24	29	America/New_York	2017-05-23
5119750	Halfmoon	Halfmoon	Ca-nis-ta-gua-ha,Half Moon,Halfmoon,Middletown	42.82758	-73.7179	P	PPL	US		NY	091	31489		0	84	85	America/New_York	2017-05-23
5119751	Halfmoon Beach	Halfmoon Beach		42.80313	-73.75401	P	PPL	US		NY	091	31489		0	59	61	America/New_York	2017-05-23
5119756	Halfway	Halfway	Half Way,Halfway	43.02534	-76.39188	P	PPL	US		NY	067	23800		0	166	167	America/New_York	2017-05-23
5119764	Halfway House Corners	Halfway House Corners	Half Way House Courners,Halfway House Corners	44.80811	-75.17243	P	PPL	US		NY	089	77739		0	97	97	America/New_York	2017-05-23
5119773	Halihan Hill	Halihan Hill		41.9912	-74.02792	P	PPL	US		NY	111	39738		0	134	138	America/New_York	2017-05-23
5119774	Hall	Hall	Hall,Hall's Corners	42.79396	-77.06636	P	PPL	US		NY	069	66289		216	285	288	America/New_York	2017-05-23
5119806	Halls Corner	Halls Corner		42.64007	-76.28215	P	PPL	US		NY	011	72037		0	416	418	America/New_York	2017-05-23
5119807	Halls Corner	Halls Corner		44.19978	-75.69883	P	PPL	US		NY	045	02297		0	131	131	America/New_York	2017-05-23
5119808	Halls Corner	Halls Corner	Halls Corner,Halls Corners	42.99924	-73.81123	P	PPL	US		NY	091	44743		0	107	109	America/New_York	2017-05-23
5119817	Hallsport	Hallsport	Halls Port,Hallsport	42.07535	-77.85222	P	PPL	US		NY	003	82095		0	539	542	America/New_York	2017-05-23
5119818	Hallsville	Hallsville		42.93507	-74.70348	P	PPL	US		NY	057	47614		0	158	159	America/New_York	2017-05-23
5119823	Halsey Valley	Halsey Valley	Girl's Flat,Halsey Valley	42.14146	-76.43911	P	PPL	US		NY	107	73968		0	325	327	America/New_York	2017-05-23
5119824	Halseys Corners	Halseys Corners		44.70782	-73.46902	P	PPL	US		NY	019	58585		0	54	53	America/New_York	2017-05-23
5119825	Halseyville	Halseyville		42.53146	-76.63384	P	PPL	US		NY	109	75990		0	260	263	America/New_York	2017-05-23
5119832	Hambletville	Hambletville		42.09675	-75.39295	P	PPL	US		NY	025	20357		0	325	324	America/New_York	2017-05-23
5119833	Hamburg	Hamburg	Hamburg,Hamburgh,Smith's Mills,Smithville,White's Corners	42.71589	-78.82948	P	PPL	US		NY	029	31654		9576	250	252	America/New_York	2017-05-23
5119834	Hamburg	Hamburg	Hamburg,Hamburgh	42.23425	-73.85013	P	PPL	US		NY	039	13013		0	22	25	America/New_York	2017-05-23
5119839	Hamden	Hamden		42.1912	-74.99461	P	PPL	US		NY	025	31698		0	392	393	America/New_York	2017-05-23
5119842	Hamilton	Hamilton	Da-ude-no-sa-gwa-nose,Gamil'ton,Hamilton,Paynesville,Гамильтон	42.82701	-75.54462	P	PPL	US		NY	053	31720		4176	342	344	America/New_York	2017-05-23
5119843	Hamilton Beach	Hamilton Beach		40.65233	-73.82736	P	PPL	US		NY	081			66	1	0	America/New_York	2017-04-16
5119844	Hamilton Center	Hamilton Center		42.78979	-75.49573	P	PPL	US		NY	053	31720		0	374	379	America/New_York	2017-05-23
5119867	Hamlet	Hamlet	Hamlet,Omar	42.36978	-79.13504	P	PPL	US		NY	013	77530		0	426	427	America/New_York	2017-05-23
5119868	Hamlin	Hamlin		43.30312	-77.92112	P	PPL	US		NY	055	31797		5521	95	98	America/New_York	2017-05-23
5119875	Hammel	Hammel	Hammel,Hammels	40.58788	-73.81013	P	PPL	US		NY	081			0	2	3	America/New_York	2006-01-15
5119880	Hammond	Hammond	Hammond,Hammond Corners,Hammond Four Corners,Khammond,Хаммонд	44.44895	-75.69412	P	PPL	US		NY	089	31841		275	109	108	America/New_York	2017-05-23
5119882	Hammertown	Hammertown		41.97565	-73.6404	P	PPL	US		NY	027	58156		0	135	146	America/New_York	2017-05-23
5119892	Hammonds Corner	Hammonds Corner		43.47257	-76.38438	P	PPL	US		NY	075	65992		0	141	142	America/New_York	2017-05-23
5119893	Hammondsport	Hammondsport	Khamondsport,hamwndsbwrt,Хамондспорт,هاموندسبورت	42.40785	-77.22359	P	PPL	US		NY	101	76496		644	230	232	America/New_York	2017-05-23
5119894	Hampshire	Hampshire		42.1634	-77.52415	P	PPL	US		NY	101	38319		0	631	632	America/New_York	2017-05-23
5119897	Hampton	Hampton	Hampton,Hampton Corners	43.52479	-73.25178	P	PPL	US		NY	115	31885		938	130	133	America/New_York	2017-05-23
5119899	Hampton Bays	Hampton Bays	Good Ground,Hampton Bays	40.86899	-72.51759	P	PPL	US		NY	103	68473		13603	10	15	America/New_York	2017-05-23
5119901	Hampton Beach	Hampton Beach		40.80899	-72.59065	P	PPL	US		NY	103	68473		0	4	3	America/New_York	2017-05-23
5119907	Hampton Manor	Hampton Manor		42.62091	-73.72845	P	PPL	US		NY	083	22117		2417	63	61	America/New_York	2017-05-23
5119908	Hampton Park	Hampton Park		42.61619	-73.72012	P	PPL	US		NY	083	22117		0	96	94	America/New_York	2017-05-23
5119909	Hampton Park	Hampton Park		40.90927	-72.39425	P	PPL	US		NY	103	68473		0	17	23	America/New_York	2017-05-23
5119914	Hamptonburgh	Hamptonburgh	Hamptonburg,Hamptonburgh	41.43509	-74.26015	P	PPL	US		NY	071	31907		0	136	144	America/New_York	2017-05-23
5119916	Hancock	Hancock	Chehocton,Hancock,Shohakin	41.95398	-75.28045	P	PPL	US		NY	025	31951		976	281	283	America/New_York	2017-05-23
5119921	Hands Creek Landing	Hands Creek Landing		41.01899	-72.20258	P	PPL	US		NY	103	22194		0	2	9	America/New_York	2017-05-23
5119925	Handsome Eddy	Handsome Eddy		41.44287	-74.89072	P	PPL	US		NY	105	43786		0	197	202	America/New_York	2017-05-23
5119931	Hanford Bay	Hanford Bay		42.55728	-79.14337	P	PPL	US		NY	013	32050		0	177	179	America/New_York	2017-05-23
5119937	Hankins	Hankins		41.81425	-75.08683	P	PPL	US		NY	105	27573		0	246	248	America/New_York	2017-05-23
5119940	Hanley Corner	Hanley Corner		42.13453	-74.54349	P	PPL	US		NY	025	47031		0	704	711	America/New_York	2017-05-23
5119944	Hannans Corner	Hannans Corner		43.06917	-77.4425	P	PPL	US		NY	055	57221		0	168	168	America/New_York	2017-05-23
5119946	Hannawa Falls	Hannawa Falls	Cox's Mills,Coxe's Mills,East Pierrepont,Ellsworth,Hannawa Falls,Hannaway Falls,Nihanawate	44.61228	-74.97103	P	PPL	US		NY	089	57771		1042	170	174	America/New_York	2017-05-23
5119947	Hannibal	Hannibal	Hannibal,Hannibalville	43.32118	-76.57883	P	PPL	US		NY	075	32028		534	100	103	America/New_York	2017-05-23
5119950	Hannacroix	Hannacroix	Hannacroix,New Baltimore Station	42.42897	-73.80929	P	PPL	US		NY	039	49935		0	58	57	America/New_York	2017-05-23
5119951	Hanover Center	Hanover Center		42.5195	-79.13865	P	PPL	US		NY	013	32050		0	240	241	America/New_York	2017-05-23
5119957	Hanover	Hanover		42.96701	-75.37767	P	PPL	US		NY	065	45755		0	403	404	America/New_York	2017-05-23
5119965	Happy Valley	Happy Valley		41.16926	-74.04736	P	PPL	US		NY	087	60510		0	133	133	America/New_York	2017-05-23
5119968	Harbor	Harbor		43.08201	-75.14766	P	PPL	US		NY	043	27199		0	128	130	America/New_York	2017-05-23
5119971	Happy Valley	Happy Valley		43.44063	-75.97464	P	PPL	US		NY	075	82073		0	198	203	America/New_York	2017-05-23
5119974	Harbor Hills	Harbor Hills		40.79093	-73.74652	P	PPL	US		NY	059	53000		575	22	25	America/New_York	2017-05-23
5119981	Harbor Isle	Harbor Isle		40.60344	-73.66457	P	PPL	US		NY	059	34000		1301	0	4	America/New_York	2017-05-23
5119987	Hard Point	Hard Point		43.08923	-76.66273	P	PPL	US		NY	011	17849		0	117	124	America/New_York	2017-05-23
5119988	Hardenburg	Hardenburg	Hardenburg,Hardenburgh	42.00092	-74.66516	P	PPL	US		NY	111	32116		0	614	623	America/New_York	2017-05-23
5119998	Harbor Green	Harbor Green		40.64982	-73.46262	P	PPL	US		NY	059	56000		0	1	4	America/New_York	2017-05-23
5119999	Harding Crossing	Harding Crossing		42.84758	-73.97846	P	PPL	US		NY	093	29366		0	77	76	America/New_York	2017-05-23
5120001	Hardscrabble	Hardscrabble		42.32203	-74.57849	P	PPL	US		NY	025	64001		0	549	549	America/New_York	2017-05-23
5120002	Hardscrabble	Hardscrabble		40.97121	-72.2223	P	PPL	US		NY	103	22194		0	14	22	America/New_York	2017-05-23
5120019	Hardy Corners	Hardy Corners		42.35923	-78.3089	P	PPL	US		NY	009	25340		0	476	476	America/New_York	2017-05-23
5120023	Hardys	Hardys	Hardy's,Hardys	42.61978	-78.17696	P	PPL	US		NY	121	27980		0	515	517	America/New_York	2017-05-23
5120027	Harford	Harford	Harford,Worthington	42.42618	-76.2266	P	PPL	US		NY	023	32160		0	365	369	America/New_York	2017-05-23
5120030	Harford Mills	Harford Mills		42.41146	-76.20132	P	PPL	US		NY	023	32160		0	352	353	America/New_York	2017-05-23
5120034	Harlem	Harlem	Garlem,Harlem,Harlema,Harlemas,Harlemo,Hārlema,Kharlem,New Harlem,Nieu Haarlem,Nieuw Haarlem,Northern Manhattan,ha lai mu qu,hallem,haremu,harlemi,harlm,Гарлем,Харлем,Հառլեմ,הארלם,هارلم,ہارلم,ჰარლემი,ハーレム,哈莱姆区,할렘	40.80788	-73.94542	P	PPL	US		NY	061			181259	8	15	America/New_York	2017-04-16
5120039	Harlemville	Harlemville		42.27037	-73.59428	P	PPL	US		NY	021	34748		0	213	215	America/New_York	2017-05-23
5120044	Harmon	Harmon		41.20121	-73.88347	P	PPL	US		NY	119	18410		0	8	27	America/New_York	2017-05-23
5120045	Harmon Park	Harmon Park		42.8923	-73.9204	P	PPL	US		NY	093	29366		0	110	112	America/New_York	2017-05-23
5120046	Harmony Corners	Harmony Corners		42.97758	-73.95485	P	PPL	US		NY	091	13926		0	164	167	America/New_York	2017-05-23
5120053	Harpersfield	Harpersfield		42.43841	-74.68737	P	PPL	US		NY	025	32281		0	508	509	America/New_York	2017-05-23
5120056	Harpursville	Harpursville	Harpersville,Harpursville,Harpurville	42.17841	-75.62463	P	PPL	US		NY	007	17046		0	312	314	America/New_York	2017-05-23
5120058	Harrietstown	Harrietstown		44.397	-74.15849	P	PPL	US		NY	033	32314		0	565	563	America/New_York	2017-05-23
5120060	Harrigan	Harrigan	Harrigan,Harrigan Corners	44.85254	-73.96654	P	PPL	US		NY	019	23921		0	555	551	America/New_York	2017-05-23
5120062	Harriman	Harriman	Centerville,Harriman,Khariman,Turner,haryman,Хариман,هاريمان	41.30843	-74.14459	P	PPL	US		NY	071	82755		2476	164	167	America/New_York	2017-05-23
5120066	Harris	Harris		41.71426	-74.72627	P	PPL	US		NY	105	73627		0	360	366	America/New_York	2017-05-23
5120071	Harris Corners	Harris Corners		42.76978	-78.44196	P	PPL	US		NY	121	66773		0	402	399	America/New_York	2017-05-23
5120074	Harris Hill	Harris Hill		42.96478	-78.67753	P	PPL	US		NY	029	15825		5508	222	222	America/New_York	2017-05-23
5120082	Harris Hill Manor	Harris Hill Manor		42.09563	-76.90329	P	PPL	US		NY	015	06475		0	279	282	America/New_York	2017-05-23
5120087	Harrisburg	Harrisburg		42.01118	-78.54502	P	PPL	US		NY	009	01297		0	685	691	America/New_York	2017-05-23
5120088	Harrisburg	Harrisburg	Harrisburg,Harrisburgh	43.84229	-75.60269	P	PPL	US		NY	049	32358		0	415	410	America/New_York	2017-05-23
5120089	Harrisburg	Harrisburg	Harrisburg,West Stony Creek	43.40674	-74.07457	P	PPL	US		NY	113	71641		0	471	474	America/New_York	2017-05-23
5120095	Harrison	Harrison	Kharison,Kharisun,Kharrison,harryswn,Харисон,Харисън,Харрисон,هارريسون	40.96899	-73.71263	P	PPL	US		NY	119	32413		28348	21	22	America/New_York	2017-05-23
5120101	Harrison Grove	Harrison Grove		43.28061	-78.96616	P	PPL	US		NY	063	59267		0	81	81	America/New_York	2017-05-23
5120113	Harrisville	Harrisville		42.68007	-75.46295	P	PPL	US		NY	017	66894		605	390	391	America/New_York	2017-05-23
5120114	Harrisville	Harrisville		44.15201	-75.32103	P	PPL	US		NY	049	20555		622	246	251	America/New_York	2017-05-23
5120115	Harrower	Harrower		42.96535	-74.17124	P	PPL	US		NY	057	02077		0	211	214	America/New_York	2017-05-23
5120129	Hartfield	Hartfield		42.26728	-79.47227	P	PPL	US		NY	013	14069		0	405	406	America/New_York	2017-05-23
5120131	Hartford	Hartford	Hartford,Khartford,North Hartford,Хартфорд	43.36368	-73.39372	P	PPL	US		NY	115	32457		2240	119	118	America/New_York	2017-05-23
5120133	Hartland	Hartland	Hartland,Hartland Corners,Morehouse's,hartland,هارتلاند	43.24006	-78.57614	P	PPL	US		NY	063	32490		0	123	123	America/New_York	2017-05-23
5120138	Hartman	Hartman		43.26368	-73.74984	P	PPL	US		NY	113	40662		0	203	201	America/New_York	2017-05-23
5120139	Hartmans Corners	Hartmans Corners		42.70786	-73.92235	P	PPL	US		NY	001	31104		0	80	85	America/New_York	2017-05-23
5120141	Hartsdale	Hartsdale	Barne's Corners,Hart's Corners,Hartsdale,Moringville	41.01899	-73.79819	P	PPL	US		NY	119			5293	56	59	America/New_York	2011-05-14
5120147	Hartsville	Hartsville		42.24701	-77.69388	P	PPL	US		NY	101	32567		0	451	457	America/New_York	2017-05-23
5120154	Hartwick	Hartwick		42.6598	-75.04877	P	PPL	US		NY	077	32589		629	405	408	America/New_York	2017-05-23
5120157	Hartwick Seminary	Hartwick Seminary		42.64313	-74.96543	P	PPL	US		NY	077	32589		0	384	390	America/New_York	2017-05-23
5120159	Hartwood	Hartwood		41.53537	-74.69766	P	PPL	US		NY	105	26528		0	419	415	America/New_York	2017-05-23
5120160	Hartwood Club	Hartwood Club		41.50426	-74.72433	P	PPL	US		NY	105	26528		0	397	409	America/New_York	2017-05-23
5120162	Harvard	Harvard		42.02398	-75.11267	P	PPL	US		NY	025	31951		0	316	327	America/New_York	2017-05-23
5120165	Hartson Point	Hartson Point		42.77256	-77.71278	P	PPL	US		NY	051	42961		0	251	256	America/New_York	2017-05-23
5120171	Hasbrouck	Hasbrouck		41.7912	-74.6146	P	PPL	US		NY	105	25241		0	377	376	America/New_York	2017-05-23
5120174	Hasbroucks	Hasbroucks		43.87145	-74.63434	P	PPL	US		NY	041	43412		0	541	542	America/New_York	2017-05-23
5120175	Haselton	Haselton		44.41171	-73.76875	P	PPL	US		NY	031	82315		0	250	251	America/New_York	2017-05-23
5120186	Haskinville	Haskinville	Haskinsville,Haskinville	42.42312	-77.56582	P	PPL	US		NY	101	27551		0	495	495	America/New_York	2017-05-23
5120190	Hastings	Hastings		43.37396	-76.15243	P	PPL	US		NY	075	32688		0	145	143	America/New_York	2017-05-23
5120192	Hastings Center	Hastings Center	Hastings Center,Hastings Centre	43.31701	-76.15437	P	PPL	US		NY	075	32688		0	132	135	America/New_York	2017-05-23
5120197	Hastings-on-Hudson	Hastings-on-Hudson	Hastings,Hastings On Hudson,Hastings On the Hudson,Hastings Upon Hudson,Hastings-on-Hudson,Hastings-upon-Hudson,Khejstings na Khadsonu,Хејстингс на Хадсону	40.99454	-73.87875	P	PPL	US		NY	119			8014	38	50	America/New_York	2017-03-09
5120200	Haskell Flats	Haskell Flats	Haskel Flat,Haskel Flats,Haskell Falls,Haskell Flats	42.1509	-78.32335	P	PPL	US		NY	009	34946		0	470	474	America/New_York	2017-05-23
5120218	Hatchs Corners	Hatchs Corners		43.17813	-75.5074	P	PPL	US		NY	065	63418		0	148	149	America/New_York	2017-05-23
5120221	Hathaway Corners	Hathaway Corners		42.96395	-77.34804	P	PPL	US		NY	069	25406		0	197	200	America/New_York	2017-05-23
5120228	Hauppauge	Hauppauge	Hauppauge,Hauppaugs,Hoppogue,Wheeler Settlement,Wheelers	40.82565	-73.20261	P	PPL	US		NY	103	68000		20882	19	23	America/New_York	2017-05-23
5120233	Haven	Haven	Brownville,Haven	41.54093	-74.52405	P	PPL	US		NY	105	44809		0	161	167	America/New_York	2017-05-23
5120234	Havens Corner	Havens Corner		42.71729	-77.08914	P	PPL	US		NY	123	06002		0	340	337	America/New_York	2017-05-23
5120236	Haverling Heights	Haverling Heights		42.34952	-77.31554	P	PPL	US		NY	101	04770		0	347	354	America/New_York	2017-05-23
5120238	Haverstraw	Haverstraw	Averstroo,Haverstraw,Haverstroo,Khejverstro,Warren,Waynesburgh,habesutoro,hafrstraw,Хејверстро,هافرستراو,ハベストロー	41.19759	-73.96458	P	PPL	US		NY	087	32765		12187	9	13	America/New_York	2017-05-23
5120241	Haviland	Haviland		41.76676	-73.90152	P	PPL	US		NY	027	37209		3634	71	73	America/New_York	2017-05-23
5120244	Haviland Hollow	Haviland Hollow	Haviland Hollow,Haviland's Corner	41.48454	-73.57068	P	PPL	US		NY	079	56748		0	133	137	America/New_York	2017-05-23
5120256	Hawkeye	Hawkeye		44.51949	-73.85903	P	PPL	US		NY	019	06761		0	427	428	America/New_York	2017-05-23
5120257	Hawkins Corner	Hawkins Corner		42.49256	-79.19254	P	PPL	US		NY	013	66916		0	251	257	America/New_York	2017-05-23
5120258	Hawkins Corner	Hawkins Corner		43.28451	-75.47101	P	PPL	US		NY	065	41762		0	177	178	America/New_York	2017-05-23
5120265	Hawkinsville	Hawkinsville		43.49368	-75.27711	P	PPL	US		NY	065	07366		0	327	333	America/New_York	2017-05-23
5120277	Hawley Corners	Hawley Corners		42.5398	-75.50851	P	PPL	US		NY	017	53990		0	313	315	America/New_York	2017-05-23
5120279	Hawleys	Hawleys		42.18203	-75.01266	P	PPL	US		NY	025	31698		0	394	394	America/New_York	2017-05-23
5120281	Hawleyton	Hawleyton		42.01869	-75.91603	P	PPL	US		NY	007	06618		0	388	388	America/New_York	2017-05-23
5120284	Hawthorne	Hawthorne	Hammond's Mill,Hammonds Mills,Hawthorne,Neperan,Unionville	41.10732	-73.79597	P	PPL	US		NY	119	49011		4586	86	89	America/New_York	2017-05-23
5120292	Hawversville	Hawversville		42.51452	-74.24264	P	PPL	US		NY	095	10154		0	427	429	America/New_York	2017-05-23
5120295	Hawthorne Hill	Hawthorne Hill		42.79785	-73.88012	P	PPL	US		NY	093	51264		0	134	136	America/New_York	2017-05-23
5120302	Haydenville	Haydenville		42.11145	-78.37502	P	PPL	US		NY	009	59509		0	526	528	America/New_York	2017-05-23
5120309	Hayground	Hayground		40.92649	-72.33286	P	PPL	US		NY	103	68473		0	4	10	America/New_York	2017-05-23
5120317	Haynersville	Haynersville	Cooksborough,Haynersville,Haynerville	42.79063	-73.57067	P	PPL	US		NY	083	10275		0	185	186	America/New_York	2017-05-23
5120318	Haynes	Haynes		42.46702	-75.54574	P	PPL	US		NY	017	53990		0	298	300	America/New_York	2017-05-23
5120333	Hayt Corner	Hayt Corner		42.46841	-76.54272	P	PPL	US		NY	109	38088		0	279	278	America/New_York	2017-05-23
5120334	Hayt Corners	Hayt Corners	Hayt Corners,Hayt's Corners,Hayts Corners	42.6959	-76.78884	P	PPL	US		NY	099	63440		0	238	243	America/New_York	2017-05-23
5120337	Hazel	Hazel		41.92453	-74.87016	P	PPL	US		NY	105	63176		0	413	418	America/New_York	2017-05-23
5120345	Head Corners	Head Corners		42.52479	-76.47272	P	PPL	US		NY	109	41234		0	320	323	America/New_York	2017-05-23
5120348	Head of the Harbor	Head of the Harbor		40.90343	-73.15789	P	PPL	US		NY	103	68000		1477	37	49	America/New_York	2017-05-23
5120364	Heath Grove	Heath Grove		42.88507	-76.29299	P	PPL	US		NY	067	55651		0	248	247	America/New_York	2017-05-23
5120367	Heath Ridge	Heath Ridge		40.9776	-73.77319	P	PPL	US		NY	119	65442		0	79	85	America/New_York	2017-05-23
5120368	Heathcote	Heathcote		40.98454	-73.77458	P	PPL	US		NY	119	65442		0	74	81	America/New_York	2017-05-23
5120394	Hecla	Hecla	Hecla,Hecla Works	43.09951	-75.45379	P	PPL	US		NY	065	80533		0	181	186	America/New_York	2017-05-23
5120395	Hector	Hector	Hector,Peach Orchard	42.50063	-76.87246	P	PPL	US		NY	097	33073		0	260	260	America/New_York	2017-05-23
5120421	Hedgesville	Hedgesville		42.13757	-77.41248	P	PPL	US		NY	101	82843		0	434	439	America/New_York	2017-05-23
5120428	Helderberg	Helderberg	Helderberg,Helderburg	42.60008	-74.06624	P	PPL	US		NY	001	06211		0	482	493	America/New_York	2017-05-23
5120433	Helena	Helena	Helena,Ohi'karonthne,Ohi'karónthne	44.92172	-74.7263	P	PPL	US		NY	089	07938		0	58	58	America/New_York	2017-05-23
5120442	Hell's Kitchen	Hell's Kitchen	La Cocina del Infierno,Midtown West	40.76496	-73.9909	P	PPLX	US		NY	061			0	9	13	America/New_York	2017-04-22
5120451	Hemlock	Hemlock	Hemlock,Slab City	42.79423	-77.60638	P	PPL	US		NY	051	42961		557	277	278	America/New_York	2017-05-23
5120459	Hemlock District	Hemlock District	Boylston,Boylston District,Hemlock District	43.65646	-75.99853	P	PPL	US		NY	075	07674		0	318	319	America/New_York	2017-05-23
5120478	Hempstead	Hempstead	Hempstead,Hemsted,Khempsted,Хемпстед	40.70621	-73.61874	P	PPL	US		NY	059	34000		55547	17	21	America/New_York	2017-05-23
5120479	New Hempstead	New Hempstead	Hempstead,Kakiat,Keckyate,Kukiat,New Hempstead	41.14982	-74.03375	P	PPL	US		NY	087	60510		5312	177	183	America/New_York	2017-05-23
5120481	Hempstead Gardens	Hempstead Gardens		40.69649	-73.64513	P	PPL	US		NY	059	34000		0	18	21	America/New_York	2017-05-23
5120488	Hemstreet Park	Hemstreet Park		42.90452	-73.67956	P	PPL	US		NY	083	65486		0	21	24	America/New_York	2017-05-23
5120496	Henderson	Henderson	Henderson,Khenderson,Salisbury Mills,Хендерсон	43.84701	-76.18187	P	PPL	US		NY	045	34055		224	106	103	America/New_York	2017-05-23
5120499	Henderson Harbor	Henderson Harbor	Henderson Harbor,Naples	43.86478	-76.20187	P	PPL	US		NY	045	34055		0	75	76	America/New_York	2017-05-23
5120521	Henrietta	Henrietta	East Henrietta,Henrietta,hnryta,هنريتا	43.05923	-77.61222	P	PPL	US		NY	055	34099		0	183	181	America/New_York	2017-05-23
5120534	Hensonville	Hensonville		42.28981	-74.21653	P	PPL	US		NY	039	82480		0	499	503	America/New_York	2017-05-23
5120545	Herkimer	Herkimer	Herkimer,Kherkimer,Stone Ridge,qryt hrykymr,Херкимер,قرية هريكيمر	43.02563	-74.98599	P	PPLA2	US		NY	043	34132		7519	117	122	America/New_York	2017-05-23
5120550	Heritage Hills	Heritage Hills		41.33954	-73.69735	P	PPL	US		NY	119	68308		3975	179	201	America/New_York	2017-05-23
5120556	Hermitage	Hermitage		42.37924	-77.27303	P	PPL	US		NY	101	76496		0	289	287	America/New_York	2017-05-23
5120557	Hermitage	Hermitage		42.6484	-78.19946	P	PPL	US		NY	121	81325		0	511	510	America/New_York	2017-05-23
5120559	Hermon	Hermon	DePau,Depau,Hermon	44.46728	-75.23049	P	PPL	US		NY	089	34176		406	152	152	America/New_York	2017-05-23
5120565	Herkimer Landing	Herkimer Landing		43.50951	-74.8146	P	PPL	US		NY	043	54507		0	668	677	America/New_York	2017-05-23
5120567	Herrick Grove	Herrick Grove		44.05811	-76.19021	P	PPL	US		NY	045	43863		0	75	73	America/New_York	2017-05-23
5120574	Herrings	Herrings	Herring,Herrings	44.02396	-75.65381	P	PPL	US		NY	045	82348		89	210	214	America/New_York	2017-05-23
5120578	Hervey Street	Hervey Street		42.34508	-74.12653	P	PPL	US		NY	039	21204		0	307	313	America/New_York	2017-05-23
5120579	Heslops Corner	Heslops Corner		42.47785	-75.30406	P	PPL	US		NY	077	11528		0	335	336	America/New_York	2017-05-23
5120586	Hessville	Hessville		42.87396	-74.68709	P	PPL	US		NY	057	47614		0	285	282	America/New_York	2017-05-23
5120588	Heuvelton	Heuvelton	East Branch,Fordsburgh,Heuvel,Heuvelton	44.61812	-75.40716	P	PPL	US		NY	089	55563		729	96	99	America/New_York	2017-05-23
5120595	Herricks	Herricks		40.75538	-73.6668	P	PPL	US		NY	059	53000		4295	35	36	America/New_York	2017-05-23
5120597	Hewittville	Hewittville		44.7045	-75.01075	P	PPL	US		NY	089	59575		0	115	116	America/New_York	2017-05-23
5120598	Hewlett	Hewlett	Cedar Grove,Fenhurst,Hewlett,Hewletts	40.64316	-73.69569	P	PPL	US		NY	059	34000		6819	6	9	America/New_York	2017-05-23
5120600	Hewlett Bay Park	Hewlett Bay Park		40.63316	-73.69541	P	PPL	US		NY	059	34000		432	2	6	America/New_York	2017-05-23
5120601	Hewlett Harbor	Hewlett Harbor		40.63621	-73.68152	P	PPL	US		NY	059	34000		1274	3	5	America/New_York	2017-05-23
5120602	Hewlett Neck	Hewlett Neck		40.62344	-73.69819	P	PPL	US		NY	059	34000		474	2	5	America/New_York	2017-05-23
5120617	Hibbards Corner	Hibbards Corner	Hibbard Corner,Hibbards Corner	42.43118	-76.42799	P	PPL	US		NY	109	20962		0	333	341	America/New_York	2017-05-23
5120618	Hibernia	Hibernia		41.81259	-73.76263	P	PPL	US		NY	027	16408		0	87	90	America/New_York	2017-05-23
5120629	Hickory Grove	Hickory Grove		43.51396	-76.32049	P	PPL	US		NY	075	50342		0	80	76	America/New_York	2017-05-23
5120639	Hickorybush	Hickorybush		41.87565	-74.04764	P	PPL	US		NY	111	63737		0	56	63	America/New_York	2017-05-23
5120640	Hicks	Hicks		42.12369	-76.61689	P	PPL	US		NY	015	04132		0	350	345	America/New_York	2017-05-23
5120656	Hicksville	Hicksville	Khiksvil,Khiksvilla,hyksfyly,Хиксвил,Хиксвилла,هيكسفيلي	40.76843	-73.52513	P	PPL	US		NY	059	56000		41547	45	49	America/New_York	2017-05-23
5120658	Hickory Corners	Hickory Corners		43.18561	-78.75392	P	PPL	US		NY	063	43093		0	151	153	America/New_York	2017-05-23
5120667	Higgins	Higgins		42.23007	-78.08779	P	PPL	US		NY	003	27705		0	434	432	America/New_York	2017-05-23
5120668	Higgins	Higgins		42.46923	-78.20473	P	PPL	US		NY	003	13475		0	464	464	America/New_York	2017-05-23
5120670	Higgins Bay	Higgins Bay	Higgins Bay,Lower Rudeston	43.40785	-74.53376	P	PPL	US		NY	041	02572		0	513	514	America/New_York	2017-05-23
5120671	Higginsville	Higginsville		43.17701	-75.64685	P	PPL	US		NY	065	77178		0	130	132	America/New_York	2017-05-23
5120673	High Bank	High Bank		44.62671	-73.91487	P	PPL	US		NY	019	65211		0	448	451	America/New_York	2017-05-23
5120675	High Bridge	High Bridge		40.83677	-73.9268	P	PPL	US		NY	005			0	25	30	America/New_York	2006-01-15
5120679	High Bridge	High Bridge		43.01396	-76.01214	P	PPL	US		NY	067	45029		0	158	161	America/New_York	2017-05-23
5120685	High Falls	High Falls		42.16231	-73.96763	P	PPL	US		NY	039	13013		0	68	72	America/New_York	2017-05-23
5120687	High Falls	High Falls		43.92312	-75.37213	P	PPL	US		NY	049	19081		0	285	288	America/New_York	2017-05-23
5120691	High Falls	High Falls	High Falls,Highfalls	41.82676	-74.12625	P	PPL	US		NY	111	45458		627	49	50	America/New_York	2017-05-23
5120698	High Flats	High Flats	High Flats,Highflats	44.59339	-74.88881	P	PPL	US		NY	089	56374		0	265	261	America/New_York	2017-05-23
5120706	High Mills	High Mills		42.89952	-73.90762	P	PPL	US		NY	093	29366		0	108	109	America/New_York	2017-05-23
5120736	High View	High View	High View,Highview,Highview Station	41.55759	-74.45766	P	PPL	US		NY	105	44809		0	231	232	America/New_York	2017-05-23
5120738	High Woods	High Woods		42.04565	-74.02847	P	PPL	US		NY	111	65299		0	118	117	America/New_York	2017-05-23
5120741	Highland	Highland	Elting's Landing,Highland,New Paltz Landing,Philip's Folly	41.72093	-73.96014	P	PPL	US		NY	111	42994		5647	53	53	America/New_York	2017-05-23
5120742	Highland Beach	Highland Beach		42.87757	-76.51522	P	PPL	US		NY	011	55871		0	222	227	America/New_York	2017-05-23
5120752	Highland Falls	Highland Falls	Buttermilk Falls,Highland Falls,Khajland Fols,hayland fals,Хајланд Фолс,هايلاند فالس	41.36926	-73.96625	P	PPL	US		NY	071	34550		3841	44	53	America/New_York	2017-05-23
5120756	Highland Lake	Highland Lake		41.52342	-74.85128	P	PPL	US		NY	105	34473		0	406	414	America/New_York	2017-05-23
5120758	Highland Landing	Highland Landing		41.71787	-73.94819	P	PPL	US		NY	111	42994		0	2	5	America/New_York	2017-05-23
5120759	Highland Mills	Highland Mills	Highland Mills,Orange	41.34704	-74.12626	P	PPL	US		NY	071	82755		3957	155	159	America/New_York	2017-05-23
5120761	Highland Park	Highland Park		43.19617	-78.6742	P	PPL	US		NY	063	43093		0	156	155	America/New_York	2017-05-23
5120767	Highland-on-the-Lake	Highland-on-the-Lake		42.70811	-78.97809	P	PPL	US		NY	029	24801		0	209	213	America/New_York	2017-05-23
5120772	Highmount	Highmount	Grand Hotel,Highmount	42.14426	-74.48987	P	PPL	US		NY	111	66597		0	566	577	America/New_York	2017-05-23
5120782	Hill Corners	Hill Corners		43.02396	-74.17319	P	PPL	US		NY	035	08433		0	269	272	America/New_York	2017-05-23
5120794	Hillburn	Hillburn	Hilburn,Hillburn,Woodburn	41.12398	-74.16931	P	PPL	US		NY	087	60510		982	93	95	America/New_York	2017-05-23
5120796	Hillcrest	Hillcrest		42.37923	-78.20529	P	PPL	US		NY	003	64166		0	473	477	America/New_York	2017-05-23
5120797	Hillcrest	Hillcrest		41.12787	-74.04097	P	PPL	US		NY	087	60510		7558	156	159	America/New_York	2017-05-23
5120817	Hillsboro	Hillsboro		43.32729	-75.82936	P	PPL	US		NY	065	11858		0	189	199	America/New_York	2017-05-23
5120818	Hillsdale	Hillsdale		42.17898	-73.52595	P	PPL	US		NY	021	34748		0	216	219	America/New_York	2017-05-23
5120819	Hillsdale	Hillsdale		43.37674	-73.31678	P	PPL	US		NY	115	30037		0	195	198	America/New_York	2017-05-23
5120823	Hillside	Hillside		43.35701	-75.3874	P	PPL	US		NY	065	79862		0	207	233	America/New_York	2017-05-23
5120824	Hillside	Hillside	East Jamaica,Hillside,Rockaway Junction	40.70788	-73.7868	P	PPL	US		NY	081			24808	17	18	America/New_York	2017-04-16
5120825	Hillside	Hillside		41.91815	-74.03514	P	PPL	US		NY	111	75935		877	97	103	America/New_York	2017-05-23
5120851	Hillside Lake	Hillside Lake		41.61482	-73.79819	P	PPL	US		NY	027	21996		1084	114	114	America/New_York	2017-05-23
5120853	Hillside Manor	Hillside Manor		40.75038	-73.67291	P	PPL	US		NY	059	53000		0	30	31	America/New_York	2017-05-23
5120868	Hiltonville	Hiltonville		42.3684	-77.84305	P	PPL	US		NY	003	06717		0	510	515	America/New_York	2017-05-23
5120869	Himrod	Himrod	Himrod,Himrod's,Himrod's Corners,Himrods,Himrods Corners,Milo	42.58979	-76.95496	P	PPL	US		NY	123	47504		0	243	246	America/New_York	2017-05-23
5120871	Hilton	Hilton	Hilton,North Parma,Unionville	43.28812	-77.79334	P	PPL	US		NY	055	56561		5921	85	87	America/New_York	2017-05-23
5120872	Hinckley	Hinckley	Gang Mills,Hinckley	43.31229	-75.12183	P	PPL	US		NY	065	75280		0	365	372	America/New_York	2017-05-23
5120878	Hinkleyville	Hinkleyville	Hinckleyville,Hinkleyville	43.21034	-77.84973	P	PPL	US		NY	055	56561		0	144	147	America/New_York	2017-05-23
5120885	Hinmansville	Hinmansville	Hinmansville,Six Mile Creek	43.24785	-76.35243	P	PPL	US		NY	075	29729		0	115	115	America/New_York	2017-05-23
5120886	Hinsburg	Hinsburg	Hindsburg,Hindsburgh,Hinsburg	43.25395	-78.10585	P	PPL	US		NY	073	49286		0	156	155	America/New_York	2017-05-23
5120887	Hinsdale	Hinsdale		42.16784	-78.38724	P	PPL	US		NY	009	34946		0	451	456	America/New_York	2017-05-23
5120888	Hinsdale	Hinsdale		43.10451	-76.1377	P	PPL	US		NY	067	64815		0	128	128	America/New_York	2017-05-23
5120897	Hinmans Corners	Hinmans Corners	Hinman Corner,Hinman Corners,Hinmans Corner,Hinmans Corners	42.16063	-75.89714	P	PPL	US		NY	007	15110		0	269	271	America/New_York	2017-05-23
5120902	Hitching Corner	Hitching Corner		42.88868	-75.16488	P	PPL	US		NY	043	82568		0	369	367	America/New_York	2017-05-23
5120908	Hoag Corners	Hoag Corners	Hoag Corners,Hoag's Corner,Hoag's Corners,Hoags Corner	42.55647	-73.51122	P	PPL	US		NY	083	49517		0	212	216	America/New_York	2017-05-23
5120911	Hobart	Hobart	Hobart,Khobart,Tinkertown,Waterville,Хобарт	42.37147	-74.67043	P	PPL	US		NY	025	70629		414	503	509	America/New_York	2017-05-23
5120915	Hobin Corners	Hobin Corners		42.89951	-75.30628	P	PPL	US		NY	065	08180		0	449	451	America/New_York	2017-05-23
5120916	Hoboken	Hoboken		42.62702	-75.32239	P	PPL	US		NY	077	58343		0	340	341	America/New_York	2017-05-23
5120923	Hoben	Hoben		42.00368	-78.09473	P	PPL	US		NY	003	07201		0	466	469	America/New_York	2017-05-23
5120924	Hoeseville	Hoeseville		43.01952	-74.10374	P	PPL	US		NY	035	08433		0	257	260	America/New_York	2017-05-23
5120925	Hoffman	Hoffman	Hoffman,Hoffman Station,Hoffmans	43.0695	-78.82281	P	PPL	US		NY	063	81380		0	177	177	America/New_York	2017-05-23
5120935	Hoffmans	Hoffmans		42.89508	-74.07652	P	PPL	US		NY	093	29366		0	81	79	America/New_York	2017-05-23
5120936	Hoffmeister	Hoffmeister		43.3909	-74.71682	P	PPL	US		NY	041	48340		0	566	569	America/New_York	2017-05-23
5120956	Hogansburg	Hogansburg	Ahkwesahsne,Ahkwesáhsne,Akwesasne,Gray's Mills,Hogansburg,Hogansburgh,Te-ka-swen-ka-ro-rens	44.97394	-74.66324	P	PPL	US		NY	033	07278		0	52	53	America/New_York	2017-05-23
5120981	Hogtown	Hogtown		43.52035	-73.5565	P	PPL	US		NY	115	26715		0	366	377	America/New_York	2017-05-23
5120987	Holbrook	Holbrook	Kholbruk,Холбрук	40.81232	-73.07844	P	PPL	US		NY	103	10000		27195	36	39	America/New_York	2017-05-23
5120988	Holbrook Corners	Holbrook Corners		42.97396	-73.97651	P	PPL	US		NY	091	13926		0	179	181	America/New_York	2017-05-23
5120990	Holcomb	Holcomb	Bloomfield,Holcomb	42.90229	-77.41971	P	PPL	US		NY	069	21699		1361	267	269	America/New_York	2017-05-23
5120994	Holcombville	Holcombville		43.6884	-73.98319	P	PPL	US		NY	113	38715		0	346	347	America/New_York	2017-05-23
5121004	Holland	Holland	Gollandija,Голландия	42.64117	-78.54169	P	PPL	US		NY	029	35122		1206	337	339	America/New_York	2017-05-23
5121005	Holland	Holland		40.58649	-73.81791	P	PPL	US		NY	081			0	1	4	America/New_York	2006-01-15
5121009	Holland Cove	Holland Cove		43.28701	-77.14359	P	PPL	US		NY	117	82040		0	79	78	America/New_York	2017-05-23
5121010	Holland Patent	Holland Patent	Holland Patent,Public Square	43.24174	-75.25683	P	PPL	US		NY	065	75280		455	195	199	America/New_York	2017-05-23
5121016	Holley	Holley		43.22645	-78.02668	P	PPL	US		NY	073	49286		1735	165	167	America/New_York	2017-05-23
5121026	Hollis	Hollis		40.71344	-73.76708	P	PPL	US		NY	081			0	18	17	America/New_York	2006-01-15
5121029	Hollowville	Hollowville	Hollowville,Smoky Hollow	42.20537	-73.69123	P	PPL	US		NY	021	16045		0	99	104	America/New_York	2017-05-23
5121034	Holmes	Holmes	Holmes,Reynoldsville,Reynoldsville Station	41.52343	-73.64679	P	PPL	US		NY	027	56825		0	211	212	America/New_York	2017-05-23
5121046	Holmesville	Holmesville		42.51285	-75.40129	P	PPL	US		NY	017	49957		0	321	322	America/New_York	2017-05-23
5121055	Holton Beach	Holton Beach		42.61868	-76.68467	P	PPL	US		NY	099	18663		0	136	147	America/New_York	2017-05-23
5121163	Holtsville	Holtsville		40.81538	-73.04511	P	PPL	US		NY	103	10000		19714	32	35	America/New_York	2017-05-23
5121169	Homer	Homer	Homer,Te-wis-ta-no-ont-sa-ne-a-ha	42.63701	-76.17882	P	PPL	US		NY	023	35287		3183	343	345	America/New_York	2017-05-23
5121172	Homer Hill	Homer Hill		42.09562	-78.44863	P	PPL	US		NY	009	54716		0	440	444	America/New_York	2017-05-23
5121175	Homestead Park	Homestead Park		40.91649	-73.77291	P	PPL	US		NY	119	50617		0	6	9	America/New_York	2017-05-23
5121182	Honeoye Falls	Honeoye Falls	Honeoye Falls,Norton's Mills,Nortons Mills,hwnwy fals,هونوي فالس	42.95229	-77.59028	P	PPL	US		NY	055	46558		2711	200	203	America/New_York	2017-05-23
5121185	Honeoye Park	Honeoye Park		42.77979	-77.50166	P	PPL	US		NY	069	61544		0	249	254	America/New_York	2017-05-23
5121189	Honest Hill	Honest Hill		43.14534	-78.06585	P	PPL	US		NY	073	15880		0	201	205	America/New_York	2017-05-23
5121199	Honeywell Corners	Honeywell Corners		43.04146	-74.14235	P	PPL	US		NY	035	08433		0	298	298	America/New_York	2017-05-23
5121200	Honk Hill	Honk Hill	Fort Honk,Honk Hill	41.75704	-74.37988	P	PPL	US		NY	111	78828		0	174	180	America/New_York	2017-05-23
5121202	Honnedaga	Honnedaga		43.38118	-75.20072	P	PPL	US		NY	065	61126		0	376	376	America/New_York	2017-05-23
5121204	Honeyville	Honeyville		43.85923	-75.9802	P	PPL	US		NY	045	00210		0	219	219	America/New_York	2017-05-23
5121213	Hooker	Hooker		43.69257	-75.7438	P	PPL	US		NY	049	48032		0	538	540	America/New_York	2017-05-23
5121221	Hoopers Valley	Hoopers Valley	Hooper's Valley,Hoopers Valley	42.02646	-76.39299	P	PPL	US		NY	107	51121		0	241	243	America/New_York	2017-05-23
5121228	Hoosick	Hoosick	Hoosick,Hoosick Corner,Hoosick Corners,hwskyt,هوسكيت	42.86258	-73.32817	P	PPL	US		NY	083	35463		0	147	148	America/New_York	2017-05-23
5121230	Hoosick Falls	Hoosick Falls	Khusik Fols,hwsyk,Хусик Фолс,هوسيك	42.90119	-73.3515	P	PPL	US		NY	083	35463		3432	136	139	America/New_York	2017-05-23
5121232	Hoosick Junction	Hoosick Junction		42.92286	-73.35956	P	PPL	US		NY	083	35463		0	123	131	America/New_York	2017-05-23
5121237	Hope	Hope		43.30368	-74.24319	P	PPL	US		NY	041	35496		0	247	244	America/New_York	2017-05-23
5121251	Hopewell Center	Hopewell Center	Hopewell Center,Hopewell Centre	42.90118	-77.18414	P	PPL	US		NY	069	35551		0	255	256	America/New_York	2017-05-23
5121253	Hopewell Junction	Hopewell Junction		41.58398	-73.80874	P	PPL	US		NY	027	21996		376	75	75	America/New_York	2017-05-23
5121257	Hopkins Beach	Hopkins Beach		43.30144	-78.8881	P	PPL	US		NY	063	82370		0	82	82	America/New_York	2017-05-23
5121265	Hopkinton	Hopkinton	Hamtown,Hopkinton	44.69033	-74.70324	P	PPL	US		NY	089	35595		0	242	246	America/New_York	2017-05-23
5121281	Hornby	Hornby	Hornby,Hornby Forks	42.24424	-77.04413	P	PPL	US		NY	101	35661		0	464	466	America/New_York	2017-05-23
5121283	Hornell	Hornell	Hornell,Hornellsville,Khornel,Njurnel,hwrnl  nywywrk,hwrnyl,Њурнел,Хорнел,هورنل، نیویورک,هورنيل	42.32785	-77.6611	P	PPL	US		NY	101	35672		8336	354	356	America/New_York	2017-05-23
5121309	Horseheads	Horseheads	Fairport,Horseheads	42.16702	-76.82051	P	PPL	US		NY	015	35705		6616	273	274	America/New_York	2017-05-23
5121311	Horseshoe	Horseshoe	Horse Shoe,Horseshoe	44.13478	-74.63184	P	PPL	US		NY	089	57716		0	532	537	America/New_York	2017-05-23
5121319	Horseshoe Hill	Horseshoe Hill		41.19621	-73.57207	P	PPL	US		NY	119	59685		0	180	190	America/New_York	2017-05-23
5121336	Horton	Horton		41.97203	-75.01822	P	PPL	US		NY	025	16793		0	340	345	America/New_York	2017-05-23
5121343	Horton Crossing	Horton Crossing		42.08563	-76.31938	P	PPL	US		NY	107	73968		0	247	249	America/New_York	2017-05-23
5121352	Hortontown	Hortontown		43.18868	-76.38438	P	PPL	US		NY	067	44039		0	142	139	America/New_York	2017-05-23
5121353	Hortontown	Hortontown		41.4987	-73.79513	P	PPL	US		NY	079	39331		0	196	211	America/New_York	2017-05-23
5121354	Hortonville	Hortonville		41.76425	-75.03017	P	PPL	US		NY	105	20104		218	245	249	America/New_York	2017-05-23
5121355	Hoseaville	Hoseaville		42.47397	-74.81488	P	PPL	US		NY	025	19763		0	407	403	America/New_York	2017-05-23
5121356	Hoseville	Hoseville		43.68146	-75.44463	P	PPL	US		NY	049	75693		0	400	398	America/New_York	2017-05-23
5121368	Horton Estates	Horton Estates		41.32398	-73.74513	P	PPL	US		NY	119	68308		0	133	144	America/New_York	2017-05-23
5121375	Houcks Corners	Houcks Corners		42.59564	-73.83457	P	PPL	US		NY	001	06354		0	64	64	America/New_York	2017-05-23
5121382	Houghton	Houghton	Houghton,Jockey Street	42.4234	-78.15723	P	PPL	US		NY	003	12243		1693	368	371	America/New_York	2017-05-23
5121406	Howard	Howard		42.36424	-77.50888	P	PPL	US		NY	101	35837		0	503	503	America/New_York	2017-05-23
5121407	Howard Beach	Howard Beach	Howard Beach,Rambersville	40.65788	-73.83625	P	PPL	US		NY	081			26148	1	1	America/New_York	2017-04-16
5121423	Howardville	Howardville		43.46285	-76.0527	P	PPL	US		NY	075	01055		0	160	163	America/New_York	2017-05-23
5121427	Howell	Howell		41.38176	-74.34321	P	PPL	US		NY	071	29553		0	170	173	America/New_York	2017-05-23
5121432	Howells	Howells	Howell's Depot,Howells,Howells Depot	41.47954	-74.46516	P	PPL	US		NY	071	77992		0	207	211	America/New_York	2017-05-23
5121436	Howes	Howes		42.13591	-75.52407	P	PPL	US		NY	007	65112		0	456	454	America/New_York	2017-05-23
5121437	Howes	Howes		42.59867	-78.23529	P	PPL	US		NY	121	21369		0	552	553	America/New_York	2017-05-23
5121438	Howes Cave	Howes Cave	Howe Cave,Howe's Cave,Howecave,Howes Cave,Hows Cave	42.69008	-74.38291	P	PPL	US		NY	095	16639		0	238	238	America/New_York	2017-05-23
5121439	Howes Landing	Howes Landing		43.81534	-73.43595	P	PPL	US		NY	031	73891		0	98	99	America/New_York	2017-05-23
5121441	Howland	Howland		43.07923	-76.68245	P	PPL	US		NY	011	17849		0	135	133	America/New_York	2017-05-23
5121442	Howland	Howland		41.60537	-73.93958	P	PPL	US		NY	027	59652		0	70	73	America/New_York	2017-05-23
5121444	Howland Corners	Howland Corners		42.53979	-76.45383	P	PPL	US		NY	109	41234		0	366	368	America/New_York	2017-05-23
5121450	Howlett Hill	Howlett Hill	Howlet Hill,Howlett Hill,Howlit Hill	43.0159	-76.28576	P	PPL	US		NY	067	54958		0	298	300	America/New_York	2017-05-23
5121455	Hoxie Corner	Hoxie Corner		41.7137	-73.7018	P	PPL	US		NY	027	76166		0	194	198	America/New_York	2017-05-23
5121475	Hubbard Crossing	Hubbard Crossing		44.05645	-75.65742	P	PPL	US		NY	045	82348		0	210	209	America/New_York	2017-05-23
5121476	Hubbardsville	Hubbardsville	East Hamilton,Hubbard's Corners,Hubbardsville	42.81785	-75.46323	P	PPL	US		NY	053	31720		0	370	369	America/New_York	2017-05-23
5121477	Hubbardtown	Hubbardtown		42.20146	-76.31827	P	PPL	US		NY	107	12221		0	270	271	America/New_York	2017-05-23
5121481	Hubbell Corners	Hubbell Corners		42.30064	-74.5546	P	PPL	US		NY	025	64001		0	460	462	America/New_York	2017-05-23
5121503	Huddle	Huddle		43.12256	-77.27193	P	PPL	US		NY	117	44160		0	143	145	America/New_York	2017-05-23
5121509	Hudson	Hudson	Claverack Landing,Gudzon,HCC,Hudson,Khadson,hadswn  nywywrk,hdswn,Гудзон,Хадсон,Ҳадсун,هادسون، نیویورک,هدسون,ہڈسن، نیو یارک	42.25286	-73.79096	P	PPLA2	US		NY	021	35969		6436	25	27	America/New_York	2017-05-23
5121513	Hudson Falls	Hudson Falls	Hudson Falls,Khadson Fols,Kingsbury,Sandy Hill,hadswn fals,Хадсон Фолс,هادسون فالس	43.30063	-73.58595	P	PPL	US		NY	115	39650		7191	90	93	America/New_York	2017-05-23
5121546	Hughsonville	Hughsonville		41.58093	-73.92708	P	PPL	US		NY	027	78157		0	51	56	America/New_York	2017-05-23
5121548	Huguenot	Huguenot		41.41787	-74.63099	P	PPL	US		NY	071	19961		0	143	148	America/New_York	2017-05-23
5121549	Huguenot	Huguenot	Bloomingview,Huguenot	40.53733	-74.19459	P	PPL	US		NY	085			9995	35	38	America/New_York	2017-04-16
5121555	Hulberton	Hulberton	Hulberton,Hulburton	43.25312	-78.06585	P	PPL	US		NY	073	49286		0	158	161	America/New_York	2017-05-23
5121558	Huletts Landing	Huletts Landing	Hulett's Landing,Huletts Landing	43.63923	-73.50706	P	PPL	US		NY	115	20885		0	113	126	America/New_York	2017-05-23
5121563	Hullsville	Hullsville		42.15646	-76.16882	P	PPL	US		NY	107	55893		0	409	413	America/New_York	2017-05-23
5121564	Hulse Landing	Hulse Landing		40.96732	-72.81121	P	PPL	US		NY	103	61984		0	2	4	America/New_York	2017-05-23
5121566	Humaston	Humaston		43.26118	-75.59574	P	PPL	US		NY	065	63418		0	140	146	America/New_York	2017-05-23
5121569	Hume	Hume	Cold Creek,Hume	42.47284	-78.1364	P	PPL	US		NY	003	36112		0	388	393	America/New_York	2017-05-23
5121571	Humphrey	Humphrey		42.20562	-78.53919	P	PPL	US		NY	009	36123		0	493	494	America/New_York	2017-05-23
5121574	Humphrey Center	Humphrey Center	Humphrey Center,Tickletown	42.2334	-78.52613	P	PPL	US		NY	009	36123		0	512	513	America/New_York	2017-05-23
5121582	Hungerford Corners	Hungerford Corners		43.85062	-76.23354	P	PPL	US		NY	045	34055		0	101	100	America/New_York	2017-05-23
5121585	Hungry Hill	Hungry Hill	Hungary Hill,Hungry Hill	42.78924	-73.95235	P	PPL	US		NY	093	65508		0	104	106	America/New_York	2017-05-23
5121595	Hunt	Hunt	Hunt,Hunt's,Hunt's Station,Hunts,Hunts Station,Washington Hunt	42.54701	-77.99417	P	PPL	US		NY	051	59179		78	409	413	America/New_York	2017-05-23
5121603	Hunt Hollow	Hunt Hollow	Hunt Hollow,Hunt's Hollow,Hunts Hollow	42.55201	-77.97862	P	PPL	US		NY	051	59179		0	373	377	America/New_York	2017-05-23
5121610	Hunter	Hunter	Edwardsville,Hunter	42.2137	-74.21875	P	PPL	US		NY	039	36178		484	484	483	America/New_York	2017-05-23
5121613	Hunt Hollow	Hunt Hollow		42.65118	-77.47693	P	PPL	US		NY	069	49440		0	300	302	America/New_York	2017-05-23
5121634	Huntersland	Huntersland	Hunter's Land,Hunters Land,Huntersland	42.57091	-74.25958	P	PPL	US		NY	095	46855		0	363	364	America/New_York	2017-05-23
5121635	Huntersville (historical)	Huntersville (historical)		41.23759	-73.8368	P	PPLQ	US		NY	119	84077		0	97	103	America/New_York	2017-05-23
5121636	Huntington	Huntington	Gantington,Hontingeton,Hontingtowne,Huntington,Ke-te-wo-moke,Khantington,Khuntingtun,hanthing tan,hantyngtwn  nywywrk,heontingteon,hntnghtwn,Гантінґтон,Хантингтон,Хънтингтън,هانتینگتون، نیویورک,هنتنغتون,ฮันทิงตัน,헌팅턴	40.86815	-73.42568	P	PPL	US		NY	103	37000		18046	23	25	America/New_York	2017-05-23
5121638	Huntington Bay	Huntington Bay	Khantington Bej,hantynghtwn bay,Хантингтон Беј,هانتينغتون باي	40.89982	-73.41484	P	PPL	US		NY	103	37000		1430	5	16	America/New_York	2017-05-23
5121639	Huntington Beach	Huntington Beach		40.89788	-73.38345	P	PPL	US		NY	103	37000		0	31	39	America/New_York	2017-05-23
5121650	Huntington Station	Huntington Station		40.85343	-73.41151	P	PPL	US		NY	103	37000		33029	66	66	America/New_York	2017-05-23
5121655	Huntingtonville	Huntingtonville		43.97617	-75.86187	P	PPL	US		NY	045	78619		0	158	157	America/New_York	2017-05-23
5121658	Huntly Corners	Huntly Corners		42.82952	-75.14016	P	PPL	US		NY	077	58420		0	409	409	America/New_York	2017-05-23
5121659	Hunts Corner	Hunts Corner		41.60259	-75.03739	P	PPL	US		NY	105	75759		0	274	279	America/New_York	2017-05-23
5121660	Hunts Corners	Hunts Corners	Hunt's Corners,Hunts Corners	42.42424	-76.10937	P	PPL	US		NY	023	41300		0	421	422	America/New_York	2017-05-23
5121661	Hunts Corners	Hunts Corners		43.03117	-78.58697	P	PPL	US		NY	029	15825		0	189	191	America/New_York	2017-05-23
5121666	Hunts Point	Hunts Point		40.8126	-73.88402	P	PPL	US		NY	005			0	6	8	America/New_York	2006-01-15
5121673	Hurd Settlement	Hurd Settlement		41.72759	-74.88239	P	PPL	US		NY	105	06310		0	375	383	America/New_York	2017-05-23
5121676	Hurd Corners	Hurd Corners		41.58954	-73.58346	P	PPL	US		NY	027	56825		0	146	150	America/New_York	2017-05-23
5121679	Hurley	Hurley	Hurley,New Village,Nieuw Dorp	41.92454	-74.06125	P	PPL	US		NY	111	37143		3458	60	62	America/New_York	2017-05-23
5121681	Hurleyville	Hurleyville		41.73565	-74.67433	P	PPL	US		NY	105	25241		0	402	404	America/New_York	2017-05-23
5121682	Huron	Huron	Huron,South Huron	43.2334	-76.87996	P	PPL	US		NY	117	37165		0	119	121	America/New_York	2017-05-23
5121684	Hurlbutville	Hurlbutville		43.40257	-75.34712	P	PPL	US		NY	065	07366		0	332	327	America/New_York	2017-05-23
5121688	Hurricane	Hurricane		43.24701	-74.97821	P	PPL	US		NY	043	53968		0	439	440	America/New_York	2017-05-23
5121709	Hutchinson Crossing	Hutchinson Crossing		42.85313	-73.99735	P	PPL	US		NY	093	29366		0	79	79	America/New_York	2017-05-23
5121722	Hyde Park	Hyde Park		42.66091	-74.95793	P	PPL	US		NY	077	32589		0	370	368	America/New_York	2017-05-23
5121727	Hyde Park	Hyde Park	Hyde Park,Khajd Park,Stoutenburgh,hai de pa ke,haideupakeu,hayd bark,Хајд Парк,هايد بارك,海德帕克,하이드파크	41.78482	-73.93319	P	PPL	US		NY	027	37209		1908	57	57	America/New_York	2017-05-23
5121728	Hydeville	Hydeville		42.28285	-75.95131	P	PPL	US		NY	007	04429		0	399	399	America/New_York	2017-05-23
5121729	Hydeville	Hydeville		42.59785	-75.8752	P	PPL	US		NY	017	58288		0	368	370	America/New_York	2017-05-23
5121731	Hyndsville	Hyndsville		42.68563	-74.56153	P	PPL	US		NY	095	66542		0	349	349	America/New_York	2017-05-23
5121734	Hydesville	Hydesville		43.07034	-77.10747	P	PPL	US		NY	117	02440		0	129	128	America/New_York	2017-05-23
5121756	Idaho	Idaho		42.86173	-77.55555	P	PPL	US		NY	051	42334		0	242	247	America/New_York	2017-05-23
5121761	Igerna	Igerna		43.72423	-73.92096	P	PPL	US		NY	113	15319		0	361	364	America/New_York	2017-05-23
5121765	Ilion	Ilion	Ilion,Remington,The Corners,aylywn,Илион,إيليون	43.01507	-75.03543	P	PPL	US		NY	043	28750		7926	124	123	America/New_York	2017-05-23
5121801	Inavale	Inavale		42.14062	-78.0889	P	PPL	US		NY	003	82623		0	575	577	America/New_York	2017-05-23
5121804	Independence	Independence	Green's Corners,Greens Corners,Independence	42.08812	-77.78138	P	PPL	US		NY	003	37297		0	627	628	America/New_York	2017-05-23
5121814	Index	Index		42.66535	-74.95905	P	PPL	US		NY	077	32589		0	361	364	America/New_York	2017-05-23
5121828	Indian Castle	Indian Castle	Danube,Indian Castle	43.00813	-74.78932	P	PPL	US		NY	043	19686		0	114	121	America/New_York	2017-05-23
5121834	Indian Cove	Indian Cove		42.77174	-76.46771	P	PPL	US		NY	011	48307		0	218	230	America/New_York	2017-05-23
5121857	Indian Hill	Indian Hill		41.26009	-74.17376	P	PPL	US		NY	071	75781		0	264	265	America/New_York	2017-05-23
5121865	Indian Falls	Indian Falls		43.02506	-78.3978	P	PPL	US		NY	037	57078		0	253	255	America/New_York	2017-05-23
5121867	Indian Kettles	Indian Kettles		43.77339	-73.48845	P	PPL	US		NY	113	31335		0	107	111	America/New_York	2017-05-23
5121876	Indian Lake	Indian Lake		43.78256	-74.27182	P	PPL	US		NY	041	37374		0	531	535	America/New_York	2017-05-23
5121883	Indian Landing	Indian Landing		40.77871	-72.89177	P	PPL	US		NY	103	10000		0	1	8	America/New_York	2017-05-23
5121890	Indian Park	Indian Park		41.20843	-74.3121	P	PPL	US		NY	071	78366		0	250	265	America/New_York	2017-05-23
5121910	Indian River	Indian River		43.97646	-75.3688	P	PPL	US		NY	049	19081		0	293	294	America/New_York	2017-05-23
5121917	Indian Village	Indian Village		42.94396	-76.16243	P	PPL	US		NY	067			0	145	144	America/New_York	2006-01-15
5121928	Ingalls Crossing	Ingalls Crossing		43.30479	-76.34854	P	PPL	US		NY	075	77662		0	120	125	America/New_York	2017-05-23
5121934	Ingham Mills	Ingham Mills	Ingham Mills,Inghams Mills	43.05757	-74.76376	P	PPL	US		NY	043	44974		0	158	174	America/New_York	2017-05-23
5121935	Ingham Mills Station	Ingham Mills Station	Ingham Mills Station,Ingham's Mills	43.04646	-74.78404	P	PPL	US		NY	043	44974		0	177	177	America/New_York	2017-05-23
5121936	Ingleside	Ingleside	Ingleside,Riker's Hollow	42.5609	-77.3936	P	PPL	US		NY	101	59718		0	459	463	America/New_York	2017-05-23
5121938	Ingraham	Ingraham	Ingraham,Monty's Bay	44.81087	-73.43458	P	PPL	US		NY	019	14113		0	50	47	America/New_York	2017-05-23
5121948	Inlet	Inlet		43.75495	-74.79381	P	PPL	US		NY	041	37495		324	533	518	America/New_York	2017-05-23
5122269	Interlaken	Interlaken		42.61702	-76.72495	P	PPL	US		NY	099	18663		623	276	282	America/New_York	2017-05-23
5122270	Interlaken Beach	Interlaken Beach		42.62646	-76.68717	P	PPL	US		NY	099	18663		0	118	133	America/New_York	2017-05-23
5122277	Inverness	Inverness		42.89284	-77.86945	P	PPL	US		NY	051	84022		0	217	218	America/New_York	2017-05-23
5122279	Inwood	Inwood	Inwood,Northwest Point,Westville	40.62205	-73.7468	P	PPL	US		NY	059	34000		9792	3	3	America/New_York	2017-05-23
5122280	Inwood	Inwood		40.86566	-73.9268	P	PPL	US		NY	061			10082	9	12	America/New_York	2006-01-17
5122290	Ionia	Ionia		43.09673	-76.38132	P	PPL	US		NY	067	76760		0	125	129	America/New_York	2017-05-23
5122291	Ionia	Ionia	Ionia,Miller's Corners,Millers Corners	42.93145	-77.49194	P	PPL	US		NY	069	79356		0	271	274	America/New_York	2017-05-23
5122292	Ira	Ira	Ira,Ira Center	43.22146	-76.55633	P	PPL	US		NY	011	37660		0	149	150	America/New_York	2017-05-23
5122295	Ireland Corners	Ireland Corners		41.67482	-74.13264	P	PPL	US		NY	111	28255		0	128	132	America/New_York	2017-05-23
5122297	Irelandville	Irelandville	Irelandville,Reading	42.40257	-76.90885	P	PPL	US		NY	097	60763		0	312	313	America/New_York	2017-05-23
5122315	Irish Settlement	Irish Settlement		43.15229	-75.06349	P	PPL	US		NY	043	50584		0	396	395	America/New_York	2017-05-23
5122316	Irish Settlement	Irish Settlement		44.48256	-74.87214	P	PPL	US		NY	089	17409		0	371	369	America/New_York	2017-05-23
5122319	Irishtown	Irishtown		43.79895	-73.94041	P	PPL	US		NY	031	47669		0	357	362	America/New_York	2017-05-23
5122320	Iron Furnace	Iron Furnace		43.49535	-73.54539	P	PPL	US		NY	115	26715		0	228	242	America/New_York	2017-05-23
5122328	Irondale	Irondale		41.96731	-73.52485	P	PPL	US		NY	027	51891		0	222	226	America/New_York	2017-05-23
5122329	Irondale	Irondale		43.16257	-74.77848	P	PPL	US		NY	043	64837		0	343	349	America/New_York	2017-05-23
5122331	Irondequoit	Irondequoit	Irondikvojt,arwndykwwyt,Ирондиквојт,إرونديكوويت	43.2134	-77.57972	P	PPL	US		NY	055	37726		51692	116	117	America/New_York	2017-05-23
5122340	Ironsides	Ironsides		42.9209	-76.21326	P	PPL	US		NY	067	54958		0	189	194	America/New_York	2017-05-23
5122343	Ironton	Ironton		44.89838	-74.68546	P	PPL	US		NY	089	07938		0	75	77	America/New_York	2017-05-23
5122344	Ironville	Ironville	Irondale,Ironville,Penfield	43.92256	-73.53568	P	PPL	US		NY	031	19246		0	288	289	America/New_York	2017-05-23
5122346	Iroquois	Iroquois		42.53284	-78.98587	P	PPL	US		NY	029			0	204	208	America/New_York	2006-01-15
5122358	Irvine Mills	Irvine Mills		42.06479	-78.63697	P	PPL	US		NY	009	12661		0	430	435	America/New_York	2017-05-23
5122360	Irving	Irving	Acasto,Dyohgeyjaiey,Irving	42.56756	-79.11282	P	PPL	US		NY	013	32050		0	178	182	America/New_York	2017-05-23
5122365	Irvington	Irvington	Dearman,Dearman's Landing,Dearmans,Irvington,Irvington-on-Hudson,ayrfynghtwn,Ирвингтон,إيرفينغتون	41.03922	-73.86823	P	PPL	US		NY	119			6607	38	40	America/New_York	2017-03-09
5122376	Ischua	Ischua	Ischua,Rice	42.24757	-78.39974	P	PPL	US		NY	009	37825		0	470	473	America/New_York	2017-05-23
5122387	Island Cottage Beach	Island Cottage Beach		43.27728	-77.64695	P	PPL	US		NY	055	30290		0	76	73	America/New_York	2017-05-23
5122397	Island Park	Island Park	Ajland Park,ayland bark,Ајланд Парк,آئلینڈ پارک، نیو یارک,أيلاند بارك	40.60427	-73.65541	P	PPL	US		NY	059	34000		4766	0	3	America/New_York	2017-05-23
5122409	Islandia	Islandia		40.80426	-73.169	P	PPL	US		NY	103	38000		3382	20	21	America/New_York	2017-05-23
5122411	Isle of San Souci	Isle of San Souci		40.90093	-73.76791	P	PPL	US		NY	119	50617		0	10	15	America/New_York	2017-05-23
5122413	Islip	Islip	Ajslip,ISP,aslyb,Ајслип,إسليب	40.72982	-73.21039	P	PPL	US		NY	103	38000		18689	4	7	America/New_York	2017-05-23
5122417	Islip Terrace	Islip Terrace		40.74315	-73.19262	P	PPL	US		NY	103	38000		5389	7	8	America/New_York	2017-05-23
5122424	Italy	Italy	Italy,Italy Valley	42.61174	-77.29192	P	PPL	US		NY	123	38044		0	338	344	America/New_York	2017-05-23
5122425	Italy Hill	Italy Hill		42.59618	-77.24887	P	PPL	US		NY	123	38044		0	491	493	America/New_York	2017-05-23
5122430	Itaska	Itaska		42.29896	-75.90798	P	PPL	US		NY	007	04429		0	284	285	America/New_York	2017-05-23
5122432	Ithaca	Ithaca	Cayuga City,ITH,Itak,Itaka,Itako,Ithaca,Markle's Flats,Sodom,The Flats,athaka,aytaka  nywywrk,isaka,ithaka,yi sa ka,Ітака,Итак,Итака,Итако,איתקה,إثاكا,اتھاکا، نیو یارک,ایتاکا، نیویورک,ইথাকা,イサカ,伊萨卡,이사카	42.44063	-76.49661	P	PPLA2	US		NY	109	38077		30788	125	127	America/New_York	2017-05-23
5122443	Ivanhoe	Ivanhoe		42.2323	-75.32573	P	PPL	US		NY	025	45964		0	454	461	America/New_York	2017-05-23
5122446	Ives Corner	Ives Corner		42.68563	-73.52567	P	PPL	US		NY	083	58805		0	283	288	America/New_York	2017-05-23
5122448	Ives Hollow	Ives Hollow		43.14229	-74.82543	P	PPL	US		NY	043	64837		0	339	347	America/New_York	2017-05-23
5122451	Ives Settlement	Ives Settlement		42.38452	-75.46351	P	PPL	US		NY	017	31148		0	461	460	America/New_York	2017-05-23
5122453	Ivory	Ivory		42.07061	-79.09699	P	PPL	US		NY	013	12639		0	392	392	America/New_York	2017-05-23
5122466	Jacks Reef	Jacks Reef	Jack's Reef,Jacks Reef,Peru	43.09923	-76.4241	P	PPL	US		NY	067	44039		0	120	121	America/New_York	2017-05-23
5122473	Jackson Corners	Jackson Corners	Jackson Corners,Jackson's Corners,Jacksons Corners	42.01676	-73.74485	P	PPL	US		NY	027	47207		0	110	112	America/New_York	2017-05-23
5122477	Jackson Heights	Jackson Heights	jaegseunhaicheu,جیکسن ہائیٹس، کوئینز,잭슨하이츠	40.75566	-73.88541	P	PPL	US		NY	081			67067	24	23	America/New_York	2017-04-16
5122498	Jacksonburg	Jacksonburg	Jacksonburg,Jacksonburgh	43.01424	-74.91515	P	PPL	US		NY	043	42752		0	129	128	America/New_York	2017-05-23
5122501	Jacksonville	Jacksonville		43.21507	-76.42132	P	PPL	US		NY	067	44039		0	130	134	America/New_York	2017-05-23
5122502	Jacksonville	Jacksonville	Dzheksonvill,Harlow's Corners,Jacksonville,Van Cortlandt,Джексонвилл	42.50841	-76.61495	P	PPL	US		NY	109	75990		0	312	317	America/New_York	2017-05-23
5122508	Jackson Summit	Jackson Summit		43.13424	-74.28402	P	PPL	US		NY	035	46217		0	377	384	America/New_York	2017-05-23
5122520	Jamaica	Jamaica	Jaimaica,Jamaica,Jamaicah,Jamaick,Jamaico,Jamaika,Jamanica,Jameco,Jemaica,Jemaicae,Jemaico,Jemecah,Rustdorp,gmyyqh,jamaika de qu,jameika,גמייקה,ジャマイカ地区,자메이카	40.69149	-73.80569	P	PPL	US		NY	081			216866	13	12	America/New_York	2012-05-22
5122533	Jamesport	Jamesport	Jamesport,Lower Aquebogue,Mi-o-mog,Mianrogue,Old Aquebogue	40.94954	-72.58148	P	PPL	US		NY	103	61984		1710	5	9	America/New_York	2017-05-23
5122534	Jamestown	Jamestown	Dzejmstaun,JHW,James Town,Jamestown,Limz Taun,jeimseutaun,jemuzutaun,jymz tawn,jymztawn  nywywrk,Џејмстаун,Лимз Таун,جيمز تاون,جیمز ٹاون، نیو یارک,جیمزتاون، نیویورک,ジェームズタウン,제임스타운	42.097	-79.23533	P	PPL	US		NY	013	38264		30075	420	420	America/New_York	2017-05-23
5122540	Jamesville	Jamesville	Ga-sun-to,Jamesville,Sinai	42.9915	-76.07148	P	PPL	US		NY	067	20478		0	185	185	America/New_York	2017-05-23
5122549	Jamison Road	Jamison Road		42.80506	-78.62114	P	PPL	US		NY	029	24130		0	268	269	America/New_York	2017-05-23
5122554	Janesville	Janesville		42.70619	-74.5782	P	PPL	US		NY	095	66542		0	359	357	America/New_York	2017-05-23
5122556	Jaquins	Jaquins		42.01672	-79.60894	P	PPL	US		NY	013	16595		0	449	454	America/New_York	2017-05-23
5122558	Janacks Landing Shelter	Janacks Landing Shelter		44.11173	-74.89158	P	PPL	US		NY	089	16287		0	453	460	America/New_York	2017-05-23
5122562	Java Center	Java Center		42.65006	-78.38585	P	PPL	US		NY	121	38341		0	464	464	America/New_York	2017-05-23
5122564	Java Village	Java Village	Gurney's Mills,Java Village	42.67256	-78.43613	P	PPL	US		NY	121	38341		0	332	337	America/New_York	2017-05-23
5122566	Jay	Jay	Jay,Mallory's Bush	44.37505	-73.7282	P	PPL	US		NY	031	38396		0	216	213	America/New_York	2017-05-23
5122568	Jasper	Jasper	Jasper,Jasper Four Corners	42.12257	-77.50304	P	PPL	US		NY	101	38319		0	479	485	America/New_York	2017-05-23
5122575	Jayville	Jayville		44.15673	-75.18825	P	PPL	US		NY	089	58266		0	344	343	America/New_York	2017-05-23
5122576	Jeddo	Jeddo	Batesville,Jeddo	43.25534	-78.45725	P	PPL	US		NY	073	61742		0	126	126	America/New_York	2017-05-23
5122579	Jefferson	Jefferson		42.48119	-74.61043	P	PPL	US		NY	095	38440		0	569	572	America/New_York	2017-05-23
5122584	Jefferson Heights	Jefferson Heights	Jefferson Flats,Jefferson Heights,The Flats	42.23398	-73.88235	P	PPL	US		NY	039	13013		1094	54	56	America/New_York	2017-05-23
5122589	Jefferson Park	Jefferson Park		43.7784	-76.21882	P	PPL	US		NY	045	24086		0	79	84	America/New_York	2017-05-23
5122599	Jefferson Valley	Jefferson Valley		41.33815	-73.79069	P	PPL	US		NY	119	84077		0	140	147	America/New_York	2017-05-23
5122601	Jefferson Village	Jefferson Village		41.32648	-73.79875	P	PPL	US		NY	119	84077		0	134	141	America/New_York	2017-05-23
5122604	Jeffersonville	Jeffersonville	Jeffersonville,Village of Winkelried	41.78092	-74.93378	P	PPL	US		NY	105	11759		338	320	325	America/New_York	2017-05-23
5122616	Jenkinstown	Jenkinstown		41.69704	-74.10153	P	PPL	US		NY	111	28255		0	104	108	America/New_York	2017-05-23
5122618	Jenksville	Jenksville		42.2698	-76.24327	P	PPL	US		NY	107	49913		0	315	316	America/New_York	2017-05-23
5122636	Jerden Falls	Jerden Falls		44.01285	-75.32214	P	PPL	US		NY	049	19081		0	281	287	America/New_York	2017-05-23
5122637	Jericho	Jericho		44.79421	-73.66264	P	PPL	US		NY	019	01583		0	422	424	America/New_York	2017-05-23
5122638	Jericho	Jericho	Dzeriko,Jericho,Lusam,Lusum,aryha,Џерико,أريحا	40.79204	-73.53985	P	PPL	US		NY	059	56000		13567	60	62	America/New_York	2017-05-23
5122639	Jericho	Jericho		40.95427	-72.20369	P	PPL	US		NY	103	22194		0	10	15	America/New_York	2017-05-23
5122643	Jericon Corners	Jericon Corners		43.08923	-77.97668	P	PPL	US		NY	037	06057		0	186	185	America/New_York	2017-05-23
5122652	Jersalem	Jersalem		44.80754	-73.74542	P	PPL	US		NY	019	01583		0	384	385	America/New_York	2017-05-23
5122656	Jersalem Hill	Jersalem Hill		42.97757	-75.14599	P	PPL	US		NY	043	42664		0	459	461	America/New_York	2017-05-23
5122666	Jerusalem Corners	Jerusalem Corners		42.68311	-79.01504	P	PPL	US		NY	029	24801		0	202	212	America/New_York	2017-05-23
5122673	Jewell Corner	Jewell Corner		43.18591	-73.61928	P	PPL	US		NY	091	53737		0	70	67	America/New_York	2017-05-23
5122674	Jewett	Jewett	Jewett,Lexington Heights	42.27036	-74.30292	P	PPL	US		NY	039	38638		0	549	549	America/New_York	2017-05-23
5122675	Jewett Center	Jewett Center	Jewett Center,Jewett Centre	42.23648	-74.31737	P	PPL	US		NY	039	38638		0	428	428	America/New_York	2017-05-23
5122677	Jewell	Jewell	Jewell,West Vienna	43.22451	-75.80658	P	PPL	US		NY	065	77486		0	123	126	America/New_York	2017-05-23
5122679	Jewettville	Jewettville		42.72367	-78.68142	P	PPL	US		NY	029	03199		0	307	308	America/New_York	2017-05-23
5122680	Jewettville	Jewettville		43.95395	-76.0902	P	PPL	US		NY	045	35782		0	93	94	America/New_York	2017-05-23
5122696	Jobs Corner	Jobs Corner		42.39896	-77.55693	P	PPL	US		NY	101	27551		0	601	596	America/New_York	2017-05-23
5122701	Jockey Hill	Jockey Hill		41.98815	-74.04986	P	PPL	US		NY	111	39738		0	139	145	America/New_York	2017-05-23
5122720	John Adams Houses	John Adams Houses		40.81649	-73.90625	P	PPLX	US		NY	005			0	14	22	America/New_York	2007-02-14
5122785	Johnsburg	Johnsburg	Johnsburg,Johnsburgh	43.6184	-73.96124	P	PPL	US		NY	113	38715		0	391	391	America/New_York	2017-05-23
5122787	Johnson	Johnson	Johnson,Johnson's,Smith's Village	41.36621	-74.50655	P	PPL	US		NY	071	47713		0	155	155	America/New_York	2017-05-23
5122794	Johnson City	Johnson City	Dzhonson Siti,Dzonson Siti,Johnson City,Lestershire,janswn syty,yue han xun cheng,Џонсон Сити,Джонсон Сити,جانسن سٹی، نیو یارک,جانسون سيتي,約翰遜城	42.11563	-75.95881	P	PPL	US		NY	007	76056		14773	266	267	America/New_York	2017-05-23
5122796	Johnson Corners	Johnson Corners		43.07174	-75.05905	P	PPL	US		NY	043	65695		0	208	207	America/New_York	2017-05-23
5122803	Johnson Creek	Johnson Creek	Johnson Creek,Johnson's Creek,Johnsons Creek	43.24561	-78.5153	P	PPL	US		NY	063	32490		0	125	124	America/New_York	2017-05-23
5122831	Johnsonville	Johnsonville	Akins Junction,Hoose's Mills,Johnsonville,The Lick	42.91452	-73.51373	P	PPL	US		NY	083	58398		0	115	119	America/New_York	2017-05-23
5122833	Johnstown	Johnstown	Dzhonstaun,Dzonstaun,Johnstown,Ko-la-ne-ka,Ljonz Taun,janztawn  nywywrk,jwnstawn,Љонз Таун,Џонстаун,Джонстаун,جانزتاون، نیویورک,جونستاون	43.00674	-74.36764	P	PPLA2	US		NY	035	38781		8345	205	208	America/New_York	2017-05-23
5122843	Jones Beach	Jones Beach		42.90479	-76.3941	P	PPL	US		NY	067	67521		0	272	276	America/New_York	2017-05-23
5122844	Jones Beach	Jones Beach		43.3745	-78.14808	P	PPL	US		NY	073	12496		0	77	83	America/New_York	2017-05-23
5122848	Johnsonburg	Johnsonburg	Johnsonburg,Johnsonsburgh	42.73756	-78.30946	P	PPL	US		NY	121	66773		0	366	369	America/New_York	2017-05-23
5122856	Jones Corners	Jones Corners		43.45868	-76.38327	P	PPL	US		NY	075	65992		0	150	154	America/New_York	2017-05-23
5122864	Jones Crossing	Jones Crossing		42.62813	-75.05377	P	PPL	US		NY	077	32589		0	381	379	America/New_York	2017-05-23
5122882	Jones Point	Jones Point		43.1084	-76.46271	P	PPL	US		NY	067	23800		0	115	117	America/New_York	2017-05-23
5122884	Jones Point	Jones Point	Caldwell's Landing,Caldwells Landing,Caldwells Point,Jones Point,Jonespoint	41.28621	-73.95597	P	PPL	US		NY	087	71674		0	7	4	America/New_York	2017-05-23
5122892	Jonesville	Jonesville		42.91008	-73.82373	P	PPL	US		NY	091	16353		0	98	102	America/New_York	2017-05-23
5122893	Jordan	Jordan		43.06534	-76.47299	P	PPL	US		NY	067	23800		1333	126	130	America/New_York	2017-05-23
5122900	Joscelyn	Joscelyn		41.9537	-74.86044	P	PPL	US		NY	105	63176		0	593	599	America/New_York	2017-05-23
5122905	Joshua	Joshua		42.9159	-76.24298	P	PPL	US		NY	067	54958		0	340	342	America/New_York	2017-05-23
5122912	Joy	Joy		43.19229	-77.09303	P	PPL	US		NY	117	68220		0	131	134	America/New_York	2017-05-23
5122923	Juddville	Juddville		42.88118	-75.83269	P	PPL	US		NY	053	13156		0	421	425	America/New_York	2017-05-23
5122926	Jordanville	Jordanville		42.91479	-74.95154	P	PPL	US		NY	043	78278		0	457	459	America/New_York	2017-05-23
5122940	Junction	Junction		42.92867	-78.02612	P	PPL	US		NY	037	56792		0	284	288	America/New_York	2017-05-23
5123084	Kabob	Kabob		42.28339	-79.31532	P	PPL	US		NY	013	71476		0	392	394	America/New_York	2017-05-23
5123088	Kallops Corners	Kallops Corners		41.86037	-74.07014	P	PPL	US		NY	111	63737		0	77	79	America/New_York	2017-05-23
5123094	Kaisertown	Kaisertown		41.50732	-74.28404	P	PPL	US		NY	071	48153		0	131	142	America/New_York	2017-05-23
5123099	Kanona	Kanona	Kanona,Kennedyville	42.37229	-77.36582	P	PPL	US		NY	101	04770		0	349	351	America/New_York	2017-05-23
5123102	Karlsfeld	Karlsfeld		42.64897	-73.84179	P	PPL	US		NY	001	01000		0	57	58	America/New_York	2017-05-23
5123103	Karner	Karner		42.72341	-73.85734	P	PPL	US		NY	001	17343		0	99	98	America/New_York	2017-05-23
5123107	Karter	Karter		44.02285	-75.5088	P	PPL	US		NY	045	82348		0	274	275	America/New_York	2017-05-23
5123109	Kaser	Kaser		41.12121	-74.06709	P	PPL	US		NY	087	60510		5131	165	174	America/New_York	2017-05-23
5123111	Karrdale	Karrdale		42.32118	-77.82083	P	PPL	US		NY	003	01451		0	501	506	America/New_York	2017-05-23
5123112	Kasoag	Kasoag		43.46146	-75.92353	P	PPL	US		NY	075	82073		0	193	198	America/New_York	2017-05-23
5123114	Kast Bridge	Kast Bridge		43.07007	-74.99016	P	PPL	US		NY	043	34132		0	140	140	America/New_York	2017-05-23
5123118	Katonah	Katonah	Katona,Катона	41.25898	-73.68541	P	PPL	US		NY	119	05320		1679	72	79	America/New_York	2017-05-23
5123121	Katonah Ridge	Katonah Ridge		41.27148	-73.67291	P	PPL	US		NY	119	05320		0	81	92	America/New_York	2017-05-23
5123126	Katsbaan	Katsbaan	Caatsban,Katsbaan	42.11092	-73.96819	P	PPL	US		NY	111	65299		0	54	56	America/New_York	2017-05-23
5123135	Kauneonga Lake	Kauneonga Lake	Kauneonga,Kauneonga Lake,North White Lake	41.6912	-74.83572	P	PPL	US		NY	105	06310		0	411	412	America/New_York	2017-05-23
5123138	Kattellville	Kattellville	Kattellville,Kattelville,Kettellville	42.20008	-75.85908	P	PPL	US		NY	007	15110		0	283	285	America/New_York	2017-05-23
5123145	Keaches Corners	Keaches Corners		42.49173	-79.16254	P	PPL	US		NY	013	32050		0	238	238	America/New_York	2017-05-23
5123149	Kecks Center	Kecks Center	Keck's Centre,Kecks Center	43.00785	-74.45653	P	PPL	US		NY	035	38792		0	244	247	America/New_York	2017-05-23
5123154	Keefers Corners	Keefers Corners	Keefer's Corners,Keefers Corners	42.52675	-73.9493	P	PPL	US		NY	001	16694		0	208	210	America/New_York	2017-05-23
5123159	Keene	Keene	kyn,كين	44.25616	-73.79209	P	PPL	US		NY	031	39067		0	256	256	America/New_York	2017-05-23
5123161	Keene Valley	Keene Valley	Keene Flat,Keene Flats,Keene Valley,Keyne Flatt	44.18977	-73.78597	P	PPL	US		NY	031	39067		0	312	316	America/New_York	2017-05-23
5123165	Keenes	Keenes		44.26284	-75.5416	P	PPL	US		NY	089	63858		0	140	136	America/New_York	2017-05-23
5123166	Keeney	Keeney	Keeney,Keeney Settlement,Keeney's Settlement	42.78507	-75.96492	P	PPL	US		NY	023	19499		0	373	375	America/New_York	2017-05-23
5123168	Keepawa	Keepawa		43.95756	-74.83935	P	PPL	US		NY	043	78927		0	523	530	America/New_York	2017-05-23
5123173	Keeseville	Keeseville	Andersons Falls,Keeseville,Kisvil,Long Chute,kysyfyl,Кисвил,كيسيفيل	44.50505	-73.48013	P	PPL	US		NY	031	15330		1750	127	127	America/New_York	2017-05-23
5123174	Keesler Corners	Keesler Corners		42.91757	-74.67959	P	PPL	US		NY	057	47614		0	186	182	America/New_York	2017-05-23
5123181	Keese Mill	Keese Mill		44.43256	-74.29683	P	PPL	US		NY	033	08213		0	499	504	America/New_York	2017-05-23
5123192	Kelleys	Kelleys		42.77952	-74.0679	P	PPL	US		NY	093	59861		0	153	150	America/New_York	2017-05-23
5123194	Kellogg	Kellogg		44.73311	-74.73019	P	PPL	US		NY	089	71410		0	159	158	America/New_York	2017-05-23
5123200	Kelloggsville	Kelloggsville		42.78701	-76.36549	P	PPL	US		NY	011	51198		0	429	433	America/New_York	2017-05-23
5123213	Kelly Corners	Kelly Corners	Kelly Corners,Kelly's Corners	42.18203	-74.5996	P	PPL	US		NY	025	47031		0	423	423	America/New_York	2017-05-23
5123221	Kellys Corners	Kellys Corners		43.01507	-76.25243	P	PPL	US		NY	067	54958		0	269	272	America/New_York	2017-05-23
5123222	Kelsey	Kelsey		42.04536	-75.29823	P	PPL	US		NY	025	74111		0	439	435	America/New_York	2017-05-23
5123233	Kendaia	Kendaia		42.74229	-76.8869	P	PPL	US		NY	099	63440		0	185	190	America/New_York	2017-05-23
5123234	Kendall	Kendall	Kendall,Kendall Corners,North Murray	43.32728	-78.03585	P	PPL	US		NY	073	39188		0	103	106	America/New_York	2017-05-23
5123237	Kendall Mills	Kendall Mills	Kendall Mills,Kendalls Mills	43.29839	-77.99557	P	PPL	US		NY	073	39188		0	108	110	America/New_York	2017-05-23
5123244	Kenilworth	Kenilworth		42.96145	-78.83809	P	PPL	US		NY	029	75000		0	189	190	America/New_York	2017-05-23
5123246	Kenka Mills	Kenka Mills		42.66063	-77.03691	P	PPL	US		NY	123	47504		0	213	216	America/New_York	2017-05-23
5123247	Kenmore	Kenmore		42.96589	-78.87004	P	PPL	US		NY	029	75000		15160	187	187	America/New_York	2017-05-23
5123252	Kennedy	Kennedy	Falconer,Kennedy,Kennedy's Mills,Kennedyville	42.15728	-79.10199	P	PPL	US		NY	013	58926		465	386	388	America/New_York	2017-05-23
5123255	Kennedy Corner	Kennedy Corner		42.44757	-76.57133	P	PPL	US		NY	109	24548		0	386	391	America/New_York	2017-05-23
5123273	Kenoza Lake	Kenoza Lake		41.73342	-74.94961	P	PPL	US		NY	105	20104		0	323	332	America/New_York	2017-05-23
5123280	Kensington	Kensington		40.64621	-73.97069	P	PPL	US		NY	047			39120	14	14	America/New_York	2017-04-16
5123281	Kensington	Kensington		40.79343	-73.72208	P	PPL	US		NY	059	53000		1185	39	41	America/New_York	2017-05-23
5123284	Kent	Kent	Brice,East Carlton,Kent	43.32784	-78.1353	P	PPL	US		NY	073	12496		0	104	106	America/New_York	2017-05-23
5123286	Kent Cliffs	Kent Cliffs	Boyd's Corners,Kent Cliffs	41.45509	-73.75402	P	PPL	US		NY	079	39331		0	200	207	America/New_York	2017-05-23
5123287	Kent Corners	Kent Corners		41.46843	-73.66013	P	PPL	US		NY	079	39331		0	204	205	America/New_York	2017-05-23
5123290	Kent Hills	Kent Hills		41.49454	-73.68319	P	PPL	US		NY	079	39331		0	259	264	America/New_York	2017-05-23
5123295	Kents Corners	Kents Corners	Kent's Corners,Kents Corners,West Hermon	44.43284	-75.29716	P	PPL	US		NY	089	34176		0	194	197	America/New_York	2017-05-23
5123298	Kenwells (historical)	Kenwells (historical)		43.65507	-74.65905	P	PPLQ	US		NY	041	48340		0	628	637	America/New_York	2017-05-23
5123299	Kenwood	Kenwood	Kenwood,Lower Hollow	42.62369	-73.77318	P	PPL	US		NY	001	01000		0	9	6	America/New_York	2017-05-23
5123300	Kenwood	Kenwood		43.05812	-75.61212	P	PPL	US		NY	053	54837		0	154	156	America/New_York	2017-05-23
5123309	Kerhonkson	Kerhonkson	Kerhonkson,Kerhonkton,Middleport	41.77482	-74.29821	P	PPL	US		NY	111	78828		1684	80	82	America/New_York	2017-05-23
5123311	Kerleys Corners	Kerleys Corners	Kerley's Corners,Kerleys Corners	42.04287	-73.84791	P	PPL	US		NY	027	60905		0	57	60	America/New_York	2017-05-23
5123316	Kenyonville	Kenyonville		43.31117	-78.28058	P	PPL	US		NY	073	12496		0	107	112	America/New_York	2017-05-23
5123318	Kerry Siding	Kerry Siding		42.02481	-75.25323	P	PPL	US		NY	025	74111		0	374	380	America/New_York	2017-05-23
5123321	Kerryville	Kerryville		42.02786	-75.2385	P	PPL	US		NY	025	31951		0	437	438	America/New_York	2017-05-23
5123323	Ketchums Corners	Ketchums Corners	Ketcham's Corner,Ketcham's Corners,Ketchum's Corners,Ketchums Corners	43.01008	-73.69456	P	PPL	US		NY	091	71333		0	121	118	America/New_York	2017-05-23
5123324	Ketchumville	Ketchumville		42.27119	-76.09854	P	PPL	US		NY	107	49913		0	381	379	America/New_York	2017-05-23
5123336	Keuka	Keuka		42.49202	-77.12192	P	PPL	US		NY	101	78883		0	221	227	America/New_York	2017-05-23
5123344	Kew Gardens	Kew Gardens		40.71427	-73.83097	P	PPL	US		NY	081			18983	28	34	America/New_York	2017-04-16
5123347	Keuka Park	Keuka Park		42.61535	-77.09219	P	PPL	US		NY	123	38583		1137	236	239	America/New_York	2017-05-23
5123355	Kiamesha Lake	Kiamesha Lake	Kiamesha,Kiamesha Lake	41.68315	-74.66072	P	PPL	US		NY	105	73627		0	432	435	America/New_York	2017-05-23
5123356	Kiantone	Kiantone		42.022	-79.1981	P	PPL	US		NY	013	39507		1332	458	465	America/New_York	2017-05-23
5123371	Kidders	Kidders	Kidder's Ferry,Kidders,Kidders Ferry	42.64035	-76.69273	P	PPL	US		NY	099	55827		0	119	121	America/New_York	2017-05-23
5123375	Kildare	Kildare		44.32617	-74.53017	P	PPL	US		NY	033	75676		0	467	465	America/New_York	2017-05-23
5123380	Kill Buck	Kill Buck	Great Valley Station,Kill Buck,Killbuck	42.1584	-78.68086	P	PPL	US		NY	009			0	429	435	America/New_York	2006-01-15
5123381	Killawog	Killawog	Killawog,Union Village	42.40063	-76.02076	P	PPL	US		NY	007	42653		0	307	309	America/New_York	2017-05-23
5123391	Kimball Corners	Kimball Corners		43.05563	-74.04846	P	PPL	US		NY	091	28112		0	325	326	America/New_York	2017-05-23
5123395	Kimball Mill	Kimball Mill		44.08562	-75.34797	P	PPL	US		NY	049	20555		0	270	271	America/New_York	2017-05-23
5123396	Kimball Stand	Kimball Stand		42.17478	-79.25505	P	PPL	US		NY	013	28838		0	394	394	America/New_York	2017-05-23
5123400	Kinderhook	Kinderhook		42.39536	-73.6979	P	PPL	US		NY	021	39573		1182	77	81	America/New_York	2017-05-23
5123414	King Ferry	King Ferry	King Ferry,King's Ferry,Northville	42.66535	-76.61661	P	PPL	US		NY	011	28673		0	291	292	America/New_York	2017-05-23
5123415	King Ferry Station	King Ferry Station	King Ferry,King Ferry Station	42.65813	-76.66272	P	PPL	US		NY	011	28673		0	120	132	America/New_York	2017-05-23
5123428	Kingdom	Kingdom		42.92896	-74.97571	P	PPL	US		NY	043	78278		0	486	484	America/New_York	2017-05-23
5123442	Kings	Kings		43.15091	-73.85429	P	PPL	US		NY	091	30444		0	185	191	America/New_York	2017-05-23
5123443	Kings Bridge	Kings Bridge		40.87871	-73.90514	P	PPL	US		NY	005			75132	8	9	America/New_York	2017-04-16
5123444	Kings Bridge Heights	Kings Bridge Heights		40.87232	-73.90069	P	PPL	US		NY	005			0	49	54	America/New_York	2006-01-15
5123456	Kings Park	Kings Park		40.88621	-73.25734	P	PPL	US		NY	103	68000		17282	53	56	America/New_York	2017-05-23
5123459	Kings Point	Kings Point		40.81982	-73.73513	P	PPL	US		NY	059	53000		5131	8	10	America/New_York	2017-05-23
5123465	Kings Station	Kings Station	King's Station,Kings Station	43.14924	-73.7629	P	PPL	US		NY	091	82403		0	107	110	America/New_York	2017-05-23
5123466	Kingsboro	Kingsboro	Kingsboro,Kingsborough	43.06729	-74.34125	P	PPL	US		NY	035	29443		0	274	277	America/New_York	2017-05-23
5123469	Kingsbury	Kingsbury		43.36368	-73.5315	P	PPL	US		NY	115	39650		0	93	94	America/New_York	2017-05-23
5123477	Kingston	Kingston	Esopus,Kingston,Kingston L'isle,Kingstun,Swanenburgh,Wildwijk,Wildwyck,Wiltwyck,kingseuteon,kingusuton,kynghstwn,kyngstwn  nywywrk,Кингстон,Кингстън,Кінґстон,كينغستون,کنگسٹن، نیویارک,کینگستون، نیویورک,キングストン,킹스턴	41.92704	-73.99736	P	PPLA2	US		NY	111	39727		23436	60	63	America/New_York	2017-05-23
5123489	Kingstown	Kingstown		41.00954	-72.16286	P	PPL	US		NY	103	22194		0	6	9	America/New_York	2017-05-23
5123507	Kipps	Kipps		41.42565	-74.2946	P	PPL	US		NY	071	31907		0	118	125	America/New_York	2017-05-23
5123508	Kips Bay	Kips Bay		40.73955	-73.97708	P	PPLX	US		NY	061			0	7	14	America/New_York	2007-02-14
5123514	Kirk	Kirk		42.60479	-75.6413	P	PPL	US		NY	017	58772		0	411	413	America/New_York	2017-05-23
5123519	Kirkland	Kirkland	Kirkland,Manchester	43.07785	-75.38323	P	PPL	US		NY	065	39804		0	161	163	America/New_York	2017-05-23
5123524	Kirkville	Kirkville		43.07507	-75.95186	P	PPL	US		NY	067	45029		0	131	133	America/New_York	2017-05-23
5123525	Kirkwood	Kirkwood		42.0398	-75.79713	P	PPL	US		NY	007	39837		0	272	267	America/New_York	2017-05-23
5123526	Kirkwood	Kirkwood		42.5334	-77.46526	P	PPL	US		NY	101	16738		0	407	408	America/New_York	2017-05-23
5123528	Kirkwood Center	Kirkwood Center	Kirkwood Center,Kirkwood Centre	42.08174	-75.8063	P	PPL	US		NY	007	39837		0	288	287	America/New_York	2017-05-23
5123532	Kirschnerville	Kirschnerville		43.88312	-75.33685	P	PPL	US		NY	049	50001		0	283	284	America/New_York	2017-05-23
5123533	Kiryas Joel	Kiryas Joel	Kir'jas-Dzhoehl',kryas jwyyl  nyw yark,kyryas jwl  nywywrk,kyryas jwyl,Кирьяс-Джоэль,קריית יואל,קרית יואל,كيرياس جويل,کریاس جوئیل، نیو یارک,کیریاس جول، نیویورک	41.34204	-74.16792	P	PPL	US		NY	071	47999		22851	209	210	America/New_York	2017-05-23
5123537	Kiskatom	Kiskatom		42.19953	-73.96097	P	PPL	US		NY	039	13013		0	96	98	America/New_York	2017-05-23
5123539	Kismet	Kismet		40.63427	-73.20345	P	PPL	US		NY	103	38000		0	1	4	America/New_York	2017-05-23
5123544	Kitchawan	Kitchawan	Cornell,Kitchawan	41.21898	-73.78597	P	PPL	US		NY	119	84077		0	80	95	America/New_York	2017-05-23
5123579	Knapp Creek	Knapp Creek	Knapp Creek,Knapp's Creek	42.00701	-78.50586	P	PPL	US		NY	009	01297		0	716	717	America/New_York	2017-05-23
5123584	Knapps Corner	Knapps Corner		41.62815	-73.91625	P	PPL	US		NY	027	59652		0	53	54	America/New_York	2017-05-23
5123587	Knappville	Knappville		43.23007	-74.66126	P	PPL	US		NY	035	71784		0	420	426	America/New_York	2017-05-23
5123594	Knickerbocker Village	Knickerbocker Village		40.71056	-73.99583	P	PPLX	US		NY	061			0	3	19	America/New_York	2007-02-14
5123597	Knight Creek	Knight Creek	Knight Creek,Knights Creek	42.12923	-78.0175	P	PPL	US		NY	003	65772		0	492	494	America/New_York	2017-05-23
5123600	Knight Settlement	Knight Settlement		42.33785	-77.37832	P	PPL	US		NY	101	04770		0	428	437	America/New_York	2017-05-23
5123601	Knights Eddy	Knights Eddy		41.42509	-74.78544	P	PPL	US		NY	105	43786		0	203	205	America/New_York	2017-05-23
5123616	Knowelhurst	Knowelhurst		43.44396	-74.02013	P	PPL	US		NY	113	71641		0	482	484	America/New_York	2017-05-23
5123620	Knox	Knox	Knox,Knoxville,The Street,Union Street	42.67119	-74.11568	P	PPL	US		NY	001	40002		0	376	378	America/New_York	2017-05-23
5123629	Knoxboro	Knoxboro	Cook's Corners,Knox Corners,Knoxboro	42.98646	-75.51712	P	PPL	US		NY	065	03155		0	334	335	America/New_York	2017-05-23
5123635	Kohlertown	Kohlertown		41.77148	-74.94183	P	PPL	US		NY	105	20104		0	314	316	America/New_York	2017-05-23
5123638	Komar Park	Komar Park		42.91146	-73.94512	P	PPL	US		NY	091	13926		0	124	128	America/New_York	2017-05-23
5123643	Kortright Center	Kortright Center	Kortright,Kortright Center	42.41758	-74.77543	P	PPL	US		NY	025	40068		0	543	540	America/New_York	2017-05-23
5123645	Knowlesville	Knowlesville	Knowlesville,Portville	43.242	-78.31058	P	PPL	US		NY	073	61742		0	156	159	America/New_York	2017-05-23
5123648	Kossuth	Kossuth		42.06423	-78.14223	P	PPL	US		NY	003	07201		0	521	524	America/New_York	2017-05-23
5123649	Kosterville	Kosterville		43.6159	-75.33462	P	PPL	US		NY	049	43995		0	286	290	America/New_York	2017-05-23
5123653	Kraus Landing	Kraus Landing		43.18951	-76.02353	P	PPL	US		NY	067	15704		0	116	117	America/New_York	2017-05-23
5123658	Kortright Station	Kortright Station		42.40619	-74.79571	P	PPL	US		NY	025	40068		0	573	572	America/New_York	2017-05-23
5123660	Kringsbush	Kringsbush		43.01452	-74.63598	P	PPL	US		NY	035	55101		0	305	305	America/New_York	2017-05-23
5123661	Kripplebush	Kripplebush		41.84037	-74.19403	P	PPL	US		NY	111	45458		0	115	114	America/New_York	2017-05-23
5123668	Krum Corner	Krum Corner		42.48618	-76.57383	P	PPL	US		NY	109	75990		0	328	330	America/New_York	2017-05-23
5123671	Kuckville	Kuckville		43.36061	-78.26558	P	PPL	US		NY	073	12496		0	77	84	America/New_York	2017-05-23
5123673	Kuneytown	Kuneytown		42.8359	-76.78106	P	PPL	US		NY	099	25505		0	177	175	America/New_York	2017-05-23
5123677	Krumville	Krumville	Kromville,Krumville	41.88482	-74.24237	P	PPL	US		NY	111	54749		0	236	238	America/New_York	2017-05-23
5123687	Kyserike	Kyserike		41.79759	-74.17292	P	PPL	US		NY	111	63011		0	67	73	America/New_York	2017-05-23
5123688	Kysorville	Kysorville		42.64868	-77.79278	P	PPL	US		NY	051	81006		110	190	199	America/New_York	2017-05-23
5123700	La Salle	La Salle	La Salle,Lasalle	43.08256	-78.9681	P	PPL	US		NY	063	51055		0	175	176	America/New_York	2017-05-23
5123704	LaFayette	LaFayette	La Fayette,LaFayette,LaFayette Square,Lafayette,Te-ka-wis-to-ta	42.89229	-76.1052	P	PPL	US		NY	067	40266		0	345	346	America/New_York	2017-05-23
5123715	La Fargeville	La Fargeville	La Fargeville,LaFargeville,Lafargeville,Log Mills,Rixford's Corners	44.19477	-75.96605	P	PPL	US		NY	045	55398		608	115	116	America/New_York	2017-05-23
5123717	Lackawack	Lackawack		41.78315	-74.41738	P	PPL	US		NY	111	78828		0	192	202	America/New_York	2017-05-23
5123718	Lackawanna	Lackawanna	Lackawanna,Lakavona,Limestone Hill,Lokovono,lakawana,lakawana  nyw yark,lakawana  nywywrk,Лакавона,Локовоно,لاكاوانا,لاکاوانا، نیو یارک,لاکاوانا، نیویورک	42.82561	-78.82337	P	PPL	US		NY	029	40189		17965	190	191	America/New_York	2017-05-23
5123723	Lacona	Lacona	Lakona,lakwna,lakwna  nyw yark,Лакона,لاكونا,لاکونا، نیو یارک	43.6434	-76.06853	P	PPL	US		NY	075	65079		562	170	172	America/New_York	2017-05-23
5123724	Lacy Corners	Lacy Corners		42.50479	-76.29854	P	PPL	US		NY	109	20962		0	347	350	America/New_York	2017-05-23
5123728	Ladentown	Ladentown		41.18593	-74.06736	P	PPL	US		NY	087	60510		0	128	134	America/New_York	2017-05-23
5123731	Ladleton	Ladleton		41.94093	-74.51821	P	PPL	US		NY	111	20247		0	576	578	America/New_York	2017-05-23
5123738	Lafarges Landing	Lafarges Landing		41.03288	-72.20758	P	PPL	US		NY	103	22194		0	5	13	America/New_York	2017-05-23
5123739	Lafayette Corners	Lafayette Corners		42.5934	-76.28715	P	PPL	US		NY	109	30972		0	379	378	America/New_York	2017-05-23
5123743	Lafayetteville	Lafayetteville	La Fayetteville,Lafayette,Lafayetteville	41.95815	-73.74624	P	PPL	US		NY	027	47207		0	204	209	America/New_York	2017-05-23
5123748	Lagrange	Lagrange		41.4487	-74.28543	P	PPL	US		NY	071	31907		0	113	110	America/New_York	2017-05-23
5123749	Lagrange	Lagrange	La Grange,Lagrange	42.80173	-78.01362	P	PPL	US		NY	121	57254		0	403	402	America/New_York	2017-05-23
5123750	Lagrangeville	Lagrangeville	La Grangeville,Lagrangeville,Morey's Corners	41.65093	-73.76291	P	PPL	US		NY	027	40299		0	109	110	America/New_York	2017-05-23
5123751	Laidlaw	Laidlaw		42.39756	-78.40835	P	PPL	US		NY	009	25340		0	549	549	America/New_York	2017-05-23
5123755	Lairdsville	Lairdsville		43.07979	-75.43156	P	PPL	US		NY	065	80533		0	220	219	America/New_York	2017-05-23
5123763	Lake Bluff	Lake Bluff	Lake Bluff,Lakebluff	43.27257	-76.94136	P	PPL	US		NY	117	37165		0	86	84	America/New_York	2017-05-23
5123764	Lake Bonaparte	Lake Bonaparte		44.13812	-75.37937	P	PPL	US		NY	049	20555		0	234	237	America/New_York	2017-05-23
5123774	Lake Clear	Lake Clear	Big Clear Pond,Clear Pond,Lake Clear	44.36755	-74.23266	P	PPL	US		NY	033	32314		0	500	501	America/New_York	2017-05-23
5123777	Lake Carmel	Lake Carmel		41.46148	-73.67096	P	PPL	US		NY	079	39331		8282	244	243	America/New_York	2017-05-23
5123778	Lake Colby	Lake Colby		44.35283	-74.14349	P	PPL	US		NY	033	32314		0	485	489	America/New_York	2017-05-23
5123782	Lake Delaware	Lake Delaware		42.24759	-74.83016	P	PPL	US		NY	025	07597		0	473	482	America/New_York	2017-05-23
5123783	Lake Delta	Lake Delta		43.29313	-75.47212	P	PPL	US		NY	065	41762		0	181	181	America/New_York	2017-05-23
5123784	Lake Desolation	Lake Desolation		43.13174	-73.96929	P	PPL	US		NY	091	30444		0	478	481	America/New_York	2017-05-23
5123788	Lake Erie Beach	Lake Erie Beach		42.62423	-79.06698	P	PPL	US		NY	029	24801		3872	191	199	America/New_York	2017-05-23
5123791	Lake George	Lake George	Caldwell,Kaniatarokte,Kaniatarókte,Lake George	43.42618	-73.71234	P	PPL	US		NY	113	40519		890	105	105	America/New_York	2017-05-23
5123796	Lake Grove	Lake Grove	Lake Grove,Lakegrove,Lakeland,Lakeville	40.85288	-73.11511	P	PPL	US		NY	103	10000		11235	36	39	America/New_York	2017-05-23
5123798	Lake Hill	Lake Hill	Lake Hill,Lakehill	42.06731	-74.18709	P	PPL	US		NY	111	83052		0	338	344	America/New_York	2017-05-23
5123800	Lake Huntington	Lake Huntington		41.68426	-74.99267	P	PPL	US		NY	105	16661		0	371	374	America/New_York	2017-05-23
5123808	Lake Katonah	Lake Katonah		41.28426	-73.65152	P	PPL	US		NY	119	42136		0	129	142	America/New_York	2017-05-23
5123809	Lake Katrine	Lake Katrine		41.98565	-73.98819	P	PPL	US		NY	111	75935		2397	56	59	America/New_York	2017-05-23
5123812	Lake Lincolndale	Lake Lincolndale		41.34176	-73.7218	P	PPL	US		NY	119	68308		0	149	164	America/New_York	2017-05-23
5123814	Lake Lucille	Lake Lucille		41.18621	-73.99458	P	PPL	US		NY	087	15968		0	58	52	America/New_York	2017-05-23
5123815	Lake Luzerne	Lake Luzerne	Lake Luzerne,Luzerne	43.31285	-73.83484	P	PPL	US		NY	113	40662		1227	172	171	America/New_York	2017-05-23
5123820	Lake Minnewaska	Lake Minnewaska	Lake Minnewaska,Minnewaska	41.73537	-74.21626	P	PPL	US		NY	111	28255		0	327	334	America/New_York	2017-05-23
5123823	Lake Mohegan	Lake Mohegan		41.31787	-73.84625	P	PPL	US		NY	119	84077		6010	159	161	America/New_York	2017-05-23
5123827	Lake Osiris Colony	Lake Osiris Colony		41.57954	-74.1682	P	PPL	US		NY	071	48153		0	115	124	America/New_York	2017-05-23
5123831	Lake Placid	Lake Placid	LKP,Lake Placid,Leik Plesidas,Leikplesida,Lejk Plesid,Lejk-Plehsid,Lejk-Plesid,Leyk-Plesid,Vjoska Lejk-Plehsid,leikeupeullaesideu,leka plesida,lyk blasyd,lyk plasyd  nywywrk,pu lai xi de hu,rekupurashiddo,Вёска Лейк-Плэсід,Лейк Плесид,Лейк-Плесід,Лейк-Плэсид,Лејк Плесид,ليك بلاسيد,لیک پلاسید، نیویورک,لیک پلاسیڈ، نیو یارک,लेक प्लॅसिड,レークプラシッド,普萊西德湖,레이크플래시드	44.27962	-73.98198	P	PPL	US		NY	031	51935		2465	549	550	America/New_York	2017-05-23
5123834	Lake Pleasant	Lake Pleasant	lyk blystant,ليك بليستانت,لیک پلیزینٹ، نیو یارک	43.4709	-74.41265	P	PPLA2	US		NY	041	40794		762	544	546	America/New_York	2017-05-23
5123836	Lake Purdy	Lake Purdy		41.32509	-73.67207	P	PPL	US		NY	119	68308		0	101	112	America/New_York	2017-05-23
5123837	Lake Ridge	Lake Ridge		42.60979	-76.61356	P	PPL	US		NY	109	41234		0	256	259	America/New_York	2017-05-23
5123840	Lake Ronkonkoma	Lake Ronkonkoma		40.8351	-73.13122	P	PPL	US		NY	103	68000		20155	22	26	America/New_York	2017-05-23
5123853	Lake Success	Lake Success	Lejk Sukses,lyk sakss,lyk sksyz  nyw yark,lyyq sqss,Лејк Суксес,לייק סקסס,ليك ساكسس,لیک سکسیز، نیو یارک	40.77066	-73.71763	P	PPL	US		NY	059	53000		3050	62	68	America/New_York	2017-05-23
5123854	Lake Sunnyside	Lake Sunnyside		43.37285	-73.63734	P	PPL	US		NY	113	60356		0	111	117	America/New_York	2017-05-23
5123860	Lake Peekskill	Lake Peekskill		41.33482	-73.88097	P	PPL	US		NY	079	60147		0	96	105	America/New_York	2017-05-23
5123861	Lake View	Lake View	Lake View,Lakeview	42.71117	-78.93615	P	PPL	US		NY	029	31654		0	219	222	America/New_York	2017-05-23
5123862	Lake View	Lake View		43.28618	-74.01068	P	PPL	US		NY	091	19807		0	257	273	America/New_York	2017-05-23
5123867	Lake View Terrace	Lake View Terrace		42.09923	-78.34779	P	PPL	US		NY	009	59509		0	448	455	America/New_York	2017-05-23
5123872	Lakeland	Lakeland		43.09034	-76.24048	P	PPL	US		NY	067	28519		2786	146	148	America/New_York	2017-05-23
5123873	Lakeland	Lakeland		40.80788	-73.12011	P	PPL	US		NY	103	38000		0	30	32	America/New_York	2017-05-23
5123878	Lakemont	Lakemont		42.51618	-76.92802	P	PPL	US		NY	123	70816		0	263	267	America/New_York	2017-05-23
5123882	Lakeport	Lakeport		43.14535	-75.87186	P	PPL	US		NY	053	71993		0	120	117	America/New_York	2017-05-23
5123887	Lake Vanare	Lake Vanare		43.37007	-73.78679	P	PPL	US		NY	113	40662		0	222	229	America/New_York	2017-05-23
5123889	Lakeside	Lakeside		43.10507	-76.25271	P	PPL	US		NY	067	28519		0	123	127	America/New_York	2017-05-23
5123890	Lakeside	Lakeside		43.37172	-78.26252	P	PPL	US		NY	073	12496		0	80	83	America/New_York	2017-05-23
5123891	Lakeside	Lakeside		43.25562	-77.33832	P	PPL	US		NY	117	55013		0	110	110	America/New_York	2017-05-23
5123899	Lakeside Park	Lakeside Park		42.23978	-79.49532	P	PPL	US		NY	013	14069		0	403	404	America/New_York	2017-05-23
5123900	Lakeside Park	Lakeside Park		43.37089	-78.26891	P	PPL	US		NY	073	12496		0	84	88	America/New_York	2017-05-23
5123902	Lakeside Park	Lakeside Park		42.50868	-77.15664	P	PPL	US		NY	101	59982		0	225	235	America/New_York	2017-05-23
5123907	Lakeview	Lakeview		42.43202	-75.86547	P	PPL	US		NY	017	68055		5625	385	391	America/New_York	2017-05-23
5123908	Lakeview	Lakeview	Lake View,Lakeview,Woodfield	40.68538	-73.65263	P	PPL	US		NY	059	34000		5615	12	15	America/New_York	2017-05-23
5123909	Lakeview	Lakeview		43.51285	-76.42494	P	PPL	US		NY	075	65992		0	78	80	America/New_York	2017-05-23
5123925	Lakeville	Lakeville		42.42063	-75.85909	P	PPL	US		NY	017	68055		0	388	385	America/New_York	2017-05-23
5123926	Lakeville	Lakeville		42.83645	-77.705	P	PPL	US		NY	051	42961		756	251	253	America/New_York	2017-05-23
5123927	Lakeville	Lakeville		41.19732	-74.26043	P	PPL	US		NY	071	78366		0	221	231	America/New_York	2017-05-23
5123929	Lakewood	Lakewood	Cowings,Lakewood,Lejkvud,Лейквуд	42.10422	-79.3331	P	PPL	US		NY	013	11451		2914	404	409	America/New_York	2017-05-23
5123938	Lamberton	Lamberton		42.41256	-79.39477	P	PPL	US		NY	013	58981		0	223	223	America/New_York	2017-05-23
5123940	Lambs Corner	Lambs Corner	Lamb's Corners,Lambs Corner,Lambs Corners	42.44175	-74.0743	P	PPL	US		NY	001	79851		0	344	341	America/New_York	2017-05-23
5123941	Lambs Corner	Lambs Corner		42.81839	-78.07695	P	PPL	US		NY	121	46877		0	298	304	America/New_York	2017-05-23
5123947	Lamont	Lamont		42.59145	-78.10612	P	PPL	US		NY	121	57826		0	467	468	America/New_York	2017-05-23
5123950	Lamoreaux Landing	Lamoreaux Landing		42.57535	-76.87607	P	PPL	US		NY	099	43225		0	138	153	America/New_York	2017-05-23
5123953	Lamson	Lamson	Lamson,Lamson's	43.21757	-76.36993	P	PPL	US		NY	067	44039		0	122	124	America/New_York	2017-05-23
5123954	Lancaster	Lancaster	De-as-gwah-da-ga-neh,Ga-squen-da-geh,Lancaster,Lankaster,Ланкастер	42.90061	-78.67031	P	PPL	US		NY	029	41146		10258	204	206	America/New_York	2017-05-23
5123978	Lanesville	Lanesville		42.12787	-74.26292	P	PPL	US		NY	039	36178		0	390	393	America/New_York	2017-05-23
5123982	Langdon	Langdon		42.06758	-75.79463	P	PPL	US		NY	007	39837		0	292	291	America/New_York	2017-05-23
5123987	Langford	Langford	Langford,Sippel's Corners	42.58756	-78.84198	P	PPL	US		NY	029	51803		0	392	400	America/New_York	2017-05-23
5123992	Langton Corners	Langton Corners	Langton Corners,Langtons Corners	43.0995	-78.18474	P	PPL	US		NY	037	23756		0	210	214	America/New_York	2017-05-23
5123993	Lansing	Lansing	Lansing,Лансинг	42.48424	-76.47994	P	PPL	US		NY	109	41234		3649	283	285	America/New_York	2017-05-23
5123996	Lansing	Lansing		43.44312	-76.44994	P	PPL	US		NY	075	65992		0	126	129	America/New_York	2017-05-23
5124000	Lansing Station	Lansing Station		42.57702	-76.60939	P	PPL	US		NY	109	41234		0	123	125	America/New_York	2017-05-23
5124003	Lansingburgh	Lansingburgh	Lansingburg,Lansingburgh,New City,Pot-quas-sick	42.78452	-73.66956	P	PPL	US		NY	083	75484		0	13	15	America/New_York	2017-05-23
5124006	Lansingville	Lansingville		42.59785	-76.55411	P	PPL	US		NY	109	41234		0	312	317	America/New_York	2017-05-23
5124007	Laona	Laona		42.42172	-79.3056	P	PPL	US		NY	013	58981		0	259	260	America/New_York	2017-05-23
5124008	Lapeer	Lapeer		42.44202	-76.09882	P	PPL	US		NY	023	41300		0	405	411	America/New_York	2017-05-23
5124012	Laphams Mills	Laphams Mills	Bartonville,Lapham,Lapham's Mills,Laphams Mills,Travis Forge	44.59616	-73.50236	P	PPL	US		NY	019	57375		0	88	87	America/New_York	2017-05-23
5124013	Lapla	Lapla	Lapala,Lapla	41.91898	-74.1357	P	PPL	US		NY	111	45458		0	145	159	America/New_York	2017-05-23
5124017	Larchmont	Larchmont	Larchmond,Larchmont,Munro's Neck,lartshmwnt,Ларчмонт,لارتشمونت	40.92788	-73.7518	P	PPL	US		NY	119	44842		6132	16	21	America/New_York	2017-05-23
5124037	Lassellsville	Lassellsville		43.04924	-74.60014	P	PPL	US		NY	035	24603		0	351	351	America/New_York	2017-05-23
5124043	Lathams Corners	Lathams Corners	Latham Corners,Lathams Corners	42.46008	-75.39879	P	PPL	US		NY	017	31148		0	320	322	America/New_York	2017-05-23
5124045	Latham	Latham	Latham,Latham's Corners,Town House Corner,Town House Corners,Van Vraken's Corners,Van Vranken's Corners	42.74702	-73.75901	P	PPL	US		NY	001	17343		0	108	110	America/New_York	2017-05-23
5124049	Lattingtown	Lattingtown		40.89538	-73.60096	P	PPL	US		NY	059	56000		1787	19	27	America/New_York	2017-05-23
5124050	Lattintown	Lattintown	Lating Town,Latintown,Latting Town,Lattingtown,Lattintown	41.64426	-74.00347	P	PPL	US		NY	111	45722		0	130	133	America/New_York	2017-05-23
5124054	Laughing Waters	Laughing Waters		41.03649	-72.42925	P	PPL	US		NY	103	69463		0	4	13	America/New_York	2017-05-23
5124059	Laurel	Laurel	Franklinville,Laurel	40.96954	-72.56203	P	PPL	US		NY	103	69463		1394	6	10	America/New_York	2017-05-23
5124069	Laurel Hollow	Laurel Hollow	Laurel Hollow,Laurelton	40.85677	-73.46957	P	PPL	US		NY	059	56000		2036	28	39	America/New_York	2017-05-23
5124078	Laurelton	Laurelton		40.67019	-73.74659	P	PPL	US		NY	081			21053	5	4	America/New_York	2017-04-21
5124079	Laurens	Laurens		42.53063	-75.08961	P	PPL	US		NY	077	41531		258	339	341	America/New_York	2017-05-23
5124081	Lava	Lava		41.61676	-75.01906	P	PPL	US		NY	105	75759		0	378	374	America/New_York	2017-05-23
5124085	Laverys Corner	Laverys Corner		44.76922	-74.6713	P	PPL	US		NY	089	41564		0	141	141	America/New_York	2017-05-23
5124087	Lawrence	Lawrence	Lourens,Лоуренс	40.61566	-73.72958	P	PPL	US		NY	059	34000		6559	6	7	America/New_York	2017-05-23
5124102	Lawrence Park	Lawrence Park		40.94038	-73.84847	P	PPL	US		NY	119	84000		0	34	42	America/New_York	2017-05-23
5124108	Lawrenceville	Lawrenceville		42.22814	-73.98319	P	PPL	US		NY	039	13013		0	118	121	America/New_York	2017-05-23
5124109	Lawrenceville	Lawrenceville	Deer River,Lawrenceville	44.77505	-74.64963	P	PPL	US		NY	089	41564		0	136	138	America/New_York	2017-05-23
5124110	Lawrenceville	Lawrenceville		41.84065	-74.10292	P	PPL	US		NY	111	63737		0	33	38	America/New_York	2017-05-23
5124117	Lawtons	Lawtons	Lawton Station,Lawtons	42.53812	-78.93087	P	PPL	US		NY	029	51803		0	259	261	America/New_York	2017-05-23
5124120	Lawyersville	Lawyersville	Lawyersville,New Boston	42.70258	-74.50653	P	PPL	US		NY	095	16639		0	364	368	America/New_York	2017-05-23
5124128	Le Roy	Le Roy	Le Roy,Leroy,Te-car-no-wun-na-da-ne-o	42.97839	-77.98418	P	PPL	US		NY	037	42037		4288	273	279	America/New_York	2017-05-23
5124154	Lebanon	Lebanon	Lebanon,Toad Hollow	42.78146	-75.64768	P	PPL	US		NY	053	41674		0	410	410	America/New_York	2017-05-23
5124155	Lebanon	Lebanon		41.36009	-74.1582	P	PPL	US		NY	071	82755		0	255	259	America/New_York	2017-05-23
5124162	Lebanon Center	Lebanon Center		42.78507	-75.61963	P	PPL	US		NY	053	41674		0	411	412	America/New_York	2017-05-23
5124163	Lebanon Springs	Lebanon Springs	Lebanon Springs,Montepoale,New Lebanon Springs	42.47536	-73.37927	P	PPL	US		NY	021	50452		0	228	230	America/New_York	2017-05-23
5124177	Ledgewood Park	Ledgewood Park		42.20231	-74.01375	P	PPL	US		NY	039	13013		0	224	226	America/New_York	2017-05-23
5124178	Ledyard	Ledyard	Capins Corners,Ledyard,Talcotts Corners,Tallcots Corners,lydyard,ليديارد	42.69535	-76.62161	P	PPL	US		NY	011	77024		0	300	303	America/New_York	2017-05-23
5124180	Lee	Lee		43.2784	-75.57157	P	PPL	US		NY	065	41762		0	154	154	America/New_York	2017-05-23
5124181	Lee	Lee		42.95619	-73.48345	P	PPL	US		NY	115	11836		0	144	142	America/New_York	2017-05-23
5124183	Lee Center	Lee Center	Lee Center,Lee Centre	43.3034	-75.51796	P	PPL	US		NY	065	41762		0	188	195	America/New_York	2017-05-23
5124187	Leeds	Leeds	Leeds,Madison,Mill Village,Pasqoecq	42.25537	-73.90235	P	PPL	US		NY	039	13013		377	48	49	America/New_York	2017-05-23
5124190	Leedsville	Leedsville		41.85537	-73.51374	P	PPL	US		NY	027	01693		0	160	162	America/New_York	2017-05-23
5124195	Leesville	Leesville		42.79702	-74.64681	P	PPL	US		NY	095	66641		0	408	410	America/New_York	2017-05-23
5124201	Lefever Falls	Lefever Falls		41.85731	-74.05792	P	PPL	US		NY	111	63737		0	30	31	America/New_York	2017-05-23
5124203	Lefferts Mill	Lefferts Mill		40.9001	-73.44484	P	PPL	US		NY	103	37000		0	0	6	America/New_York	2017-05-23
5124204	Lefrak City	Lefrak City		40.73621	-73.86264	P	PPL	US		NY	081			0	8	16	America/New_York	2006-01-15
5124207	Lehigh	Lehigh		42.94756	-78.33863	P	PPL	US		NY	037	19719		0	274	275	America/New_York	2017-05-23
5124208	Lehigh Valley Junction	Lehigh Valley Junction		42.93368	-76.79551	P	PPL	US		NY	099	66333		0	152	152	America/New_York	2017-05-23
5124210	Leicester	Leicester	Leicester,Moscow	42.77201	-77.89667	P	PPL	US		NY	051	41883		455	198	201	America/New_York	2017-05-23
5124215	Leisher Mill	Leisher Mill		43.48535	-75.63824	P	PPL	US		NY	049	42125		0	417	423	America/New_York	2017-05-23
5124226	Lena	Lena		42.62424	-75.08405	P	PPL	US		NY	077	50485		0	403	404	America/New_York	2017-05-23
5124233	Lenox Basin	Lenox Basin		43.09035	-75.7113	P	PPL	US		NY	053	41905		0	130	131	America/New_York	2017-05-23
5124235	Lenox Park	Lenox Park		42.85784	-77.01441	P	PPL	US		NY	069	28651		0	217	218	America/New_York	2017-05-23
5124243	Lent Hill	Lent Hill		42.52312	-77.41887	P	PPL	US		NY	101	16738		0	636	634	America/New_York	2017-05-23
5124246	Lentsville	Lentsville		42.75035	-74.85932	P	PPL	US		NY	077	46910		0	465	461	America/New_York	2017-05-23
5124248	Leon	Leon		42.29312	-79.01643	P	PPL	US		NY	009	41982		0	419	427	America/New_York	2017-05-23
5124257	Leonta	Leonta		42.3598	-75.12739	P	PPL	US		NY	025	27232		0	384	390	America/New_York	2017-05-23
5124258	Leptondale	Leptondale		41.57454	-74.09514	P	PPL	US		NY	071	50045		0	155	162	America/New_York	2017-05-23
5124262	Lester	Lester		42.06036	-75.72574	P	PPL	US		NY	007	82535		0	463	464	America/New_York	2017-05-23
5124272	Leonardsville	Leonardsville		42.80868	-75.25266	P	PPL	US		NY	053	08587		0	356	355	America/New_York	2017-05-23
5124273	Levant	Levant		42.13339	-79.18171	P	PPL	US		NY	013	23998		0	381	382	America/New_York	2017-05-23
5124276	Levittown	Levittown	Island Trees,Levittaun,Levittown,lyfytawn,Левиттаун,ليفيتاون	40.72593	-73.51429	P	PPL	US		NY	059	34000		51881	25	29	America/New_York	2017-05-23
5124278	Lewbeach	Lewbeach	Lewbeach,Shin Creek	42.00481	-74.78488	P	PPL	US		NY	105	63176		0	491	495	America/New_York	2017-05-23
5124281	Lewis	Lewis		44.27505	-73.56569	P	PPL	US		NY	031	42114		0	203	201	America/New_York	2017-05-23
5124283	Levanna	Levanna		42.78451	-76.71356	P	PPL	US		NY	011	41740		0	129	131	America/New_York	2017-05-23
5124289	Lewis Corners	Lewis Corners		43.36451	-76.47105	P	PPL	US		NY	075	29729		0	131	132	America/New_York	2017-05-23
5124297	Lewis S Davidson Senior Houses	Lewis S Davidson Senior Houses		40.82732	-73.89903	P	PPLX	US		NY	005			0	18	24	America/New_York	2007-02-14
5124302	Lewisboro	Lewisboro	Lewisboro,Lewisborough,lywsbwrw,ليوسبورو	41.23815	-73.52262	P	PPL	US		NY	119	42136		0	222	228	America/New_York	2017-05-23
5124307	Lewiston	Lewiston	L'juiston,lywstwn,Льюистон,ليوستون	43.17256	-79.03588	P	PPL	US		NY	063	42158		2596	116	114	America/New_York	2017-05-23
5124308	Lewiston Heights	Lewiston Heights		43.16589	-79.0281	P	PPL	US		NY	063	42158		0	186	188	America/New_York	2017-05-23
5124314	Lexington	Lexington		42.24036	-74.36543	P	PPL	US		NY	039	42202		0	403	404	America/New_York	2017-05-23
5124323	Liberty	Liberty		41.8012	-74.74655	P	PPL	US		NY	105	42235		4134	459	460	America/New_York	2017-05-23
5124328	Liberty Gardens	Liberty Gardens		43.22229	-75.47462	P	PPL	US		NY	065	63418		0	142	142	America/New_York	2017-05-23
5124342	Libertypole	Libertypole		42.64895	-77.63388	P	PPL	US		NY	051	70475		0	482	483	America/New_York	2017-05-23
5124343	Libertyville	Libertyville	Libertyville,Nescotack	41.72232	-74.13514	P	PPL	US		NY	111	28255		0	65	68	America/New_York	2017-05-23
5124348	Lidell Corners	Lidell Corners		42.76257	-75.02849	P	PPL	US		NY	077	24845		0	402	405	America/New_York	2017-05-23
5124350	Lick Springs	Lick Springs		43.18285	-73.51567	P	PPL	US		NY	115	02561		0	92	93	America/New_York	2017-05-23
5124352	Lido Beach	Lido Beach		40.58899	-73.62541	P	PPL	US		NY	059	34000		2897	0	3	America/New_York	2017-05-23
5124353	Liebhardt	Liebhardt		41.85176	-74.27209	P	PPL	US		NY	111	63011		0	188	207	America/New_York	2017-05-23
5124358	Lighthouse Beach	Lighthouse Beach		43.34089	-77.76445	P	PPL	US		NY	055	56561		0	77	81	America/New_York	2017-05-23
5124367	Lila	Lila		42.02118	-77.57193	P	PPL	US		NY	101	75440		0	498	502	America/New_York	2017-05-23
5124382	Lily Dale	Lily Dale	Lilly Dale,Lillydale,Lillydale Assembly,Lily Dale,Lilydale	42.35172	-79.32421	P	PPL	US		NY	013	58981		0	406	410	America/New_York	2017-05-23
5124411	Lima	Lima	Brick School House Corner,Lema,Lima,Ska-hase-ga-o,Лима	42.90479	-77.61139	P	PPL	US		NY	051	42334		2095	252	253	America/New_York	2017-05-23
5124418	Lime Lake	Lime Lake		42.43451	-78.47974	P	PPL	US		NY	009	44237		867	506	511	America/New_York	2017-05-23
5124428	Limerick	Limerick		44.02922	-76.04298	P	PPL	US		NY	045	10242		0	97	96	America/New_York	2017-05-23
5124429	Limerock	Limerock	Lime Rock,Limerock	42.97867	-77.9189	P	PPL	US		NY	037	42037		0	238	238	America/New_York	2017-05-23
5124430	Limestone	Limestone		42.02729	-78.62947	P	PPL	US		NY	009	12661		389	430	431	America/New_York	2017-05-23
5124437	Limestreet	Limestreet		42.30842	-73.87568	P	PPL	US		NY	039	02913		0	77	81	America/New_York	2017-05-23
5124439	Lincklaen	Lincklaen		42.67562	-75.87686	P	PPL	US		NY	017	42411		0	363	363	America/New_York	2017-05-23
5124440	Lincklaen Center	Lincklaen Center	Lincklaen Center,Lincklaen Centre	42.70701	-75.84853	P	PPL	US		NY	017	42411		0	401	401	America/New_York	2017-05-23
5124442	Lincoln	Lincoln	Lincklaen,Lincoln	43.1834	-77.34443	P	PPL	US		NY	117	78102		0	154	154	America/New_York	2017-05-23
5124443	Lincoln	Lincoln		40.90871	-73.87736	P	PPL	US		NY	119	84000		0	61	67	America/New_York	2017-05-23
5124461	Lincoln Park	Lincoln Park		43.14895	-77.64695	P	PPL	US		NY	055	63000		0	162	165	America/New_York	2017-05-23
5124463	Lincoln Park	Lincoln Park		41.95065	-73.99403	P	PPL	US		NY	111	75935		2366	57	56	America/New_York	2017-05-23
5124482	Lincolndale	Lincolndale	Lincolndale,Somers Center,Teed's Corner,Teed's Corners	41.32287	-73.71819	P	PPL	US		NY	119	68308		1521	103	116	America/New_York	2017-05-23
5124485	Lincolnville	Lincolnville		42.83258	-73.574	P	PPL	US		NY	083	58398		0	205	205	America/New_York	2017-05-23
5124487	Lindbergh Lawns	Lindbergh Lawns		43.11479	-76.25632	P	PPL	US		NY	067	28519		0	117	120	America/New_York	2017-05-23
5124490	Linden	Linden	Gad-Pouch,Linden	42.877	-78.16335	P	PPL	US		NY	037	06266		0	326	343	America/New_York	2017-05-23
5124491	Linden Acres	Linden Acres		42.01231	-73.87902	P	PPL	US		NY	027	60905		0	65	67	America/New_York	2017-05-23
5124493	Linden Hill	Linden Hill		40.71566	-73.92347	P	PPL	US		NY	081			0	0	1	America/New_York	2006-01-15
5124496	Linden-Park	Linden-Park		40.59233	-74.09125	P	PPL	US		NY	085			0	9	10	America/New_York	2006-01-15
5124497	Lindenhurst	Lindenhurst	Breslau,Lindenhurst	40.68677	-73.37345	P	PPL	US		NY	103	04000		27277	9	8	America/New_York	2017-05-23
5124506	Lindley	Lindley		42.02841	-77.13969	P	PPL	US		NY	101	42576		1954	308	309	America/New_York	2017-05-23
5124508	Lindsley Corners	Lindsley Corners		43.17285	-74.36875	P	PPL	US		NY	035	06882		0	449	449	America/New_York	2017-05-23
5124517	Linlithgo	Linlithgo	Linlithgo,Stadtche	42.17148	-73.84707	P	PPL	US		NY	021	42917		0	49	51	America/New_York	2017-05-23
5124518	Linlithgo Mills	Linlithgo Mills		42.17426	-73.74679	P	PPL	US		NY	021	42917		0	61	65	America/New_York	2017-05-23
5124523	Linwood	Linwood		42.89478	-77.94917	P	PPL	US		NY	051	84022		74	286	289	America/New_York	2017-05-23
5124527	Lisbon	Lisbon	Lisbon,Red Mills	44.72728	-75.32105	P	PPL	US		NY	089	42631		0	103	106	America/New_York	2017-05-23
5124535	Lisha Kill	Lisha Kill	Lisha Kill,Lisha's Kill	42.7523	-73.86901	P	PPL	US		NY	001	17343		0	92	96	America/New_York	2017-05-23
5124542	Litchfield	Litchfield		42.00924	-76.45939	P	PPL	US		NY	107	51121		0	240	243	America/New_York	2017-05-23
5124547	Lithgow	Lithgow		41.82509	-73.62013	P	PPL	US		NY	027	78388		0	261	268	America/New_York	2017-05-23
5124551	Lisle	Lisle	Lilu,Лилу	42.35118	-76.00326	P	PPL	US		NY	007	42653		309	297	297	America/New_York	2017-05-23
5124552	Little America	Little America		43.56174	-75.90019	P	PPL	US		NY	075	55453		0	339	344	America/New_York	2017-05-23
5124581	Little Britain	Little Britain		41.47787	-74.12959	P	PPL	US		NY	071	50848		0	139	147	America/New_York	2017-05-23
5124585	Little Bow	Little Bow		44.35367	-75.51022	P	PPL	US		NY	089	29608		0	119	120	America/New_York	2017-05-23
5124593	Little Canada	Little Canada	Canada,Little Canada	42.94589	-78.1114	P	PPL	US		NY	037	06266		0	302	305	America/New_York	2017-05-23
5124642	Little Falls	Little Falls	Litl Fols,Litl Folz,Little Falls,Littlefalls,Rock City,Rockton,Ta-la-que-ga,li te fu si shi,lytl falz  nywywrk,lytl fwlz,Литл Фолз,Литл Фолс,ليتل فولز,لیتل فالز، نیویورک,利特佛斯市	43.0434	-74.8596	P	PPL	US		NY	043	42741		4787	128	134	America/New_York	2017-05-23
5124660	Little France	Little France		43.34785	-76.09659	P	PPL	US		NY	075	32688		0	150	150	America/New_York	2017-05-23
5124664	Little Genesee	Little Genesee		42.02701	-78.20612	P	PPL	US		NY	003	28563		0	473	480	America/New_York	2017-05-23
5124685	Little Hollow	Little Hollow		42.66646	-76.56855	P	PPL	US		NY	011	28673		0	285	293	America/New_York	2017-05-23
5124703	Little Italy	Little Italy	Little Italy,Malen'kaja Italija,Mica Italie,Pequena Italia,Pequeña Italia,liteul-iteolli,lytl aytaly,xiao yi da li,Маленькая Италия,איטליה הקטנה,ليتل إيتالي,リトル・イタリー,小意大利,리틀이털리	40.72094	-73.99597	P	PPL	US		NY	061			0	11	18	America/New_York	2011-06-22
5124753	Little Neck	Little Neck	Little Neck,Littleneck	40.76289	-73.73225	P	PPL	US		NY	081			10049	30	50	America/New_York	2017-04-22
5124781	Little Plains	Little Plains		40.85065	-73.36567	P	PPL	US		NY	103	37000		0	60	62	America/New_York	2017-05-23
5124801	Little Rapids	Little Rapids		43.92867	-74.87324	P	PPL	US		NY	043	78927		0	516	528	America/New_York	2017-05-23
5124817	Little Rock City	Little Rock City		42.20867	-78.70864	P	PPL	US		NY	009	42840		0	674	684	America/New_York	2017-05-23
5124888	Little Utica	Little Utica		43.21618	-76.4016	P	PPL	US		NY	067	44039		0	125	126	America/New_York	2017-05-23
5124889	Little Valley	Little Valley		42.25256	-78.80559	P	PPLA2	US		NY	009	42840		1105	487	489	America/New_York	2017-05-23
5124909	Little York	Little York		42.6959	-76.16437	P	PPL	US		NY	023	35287		0	354	356	America/New_York	2017-05-23
5124910	Little York	Little York		41.28621	-74.4471	P	PPL	US		NY	071	78366		0	125	128	America/New_York	2017-05-23
5124911	Little York	Little York		42.75702	-74.4968	P	PPL	US		NY	095	12452		0	393	390	America/New_York	2017-05-23
5124915	Littlerest	Littlerest		41.77093	-73.64402	P	PPL	US		NY	027	78388		0	244	243	America/New_York	2017-05-23
5124917	Littleville	Littleville		42.89506	-77.76	P	PPL	US		NY	051	03364		0	191	191	America/New_York	2017-05-23
5124918	Littleville	Littleville		42.94312	-77.22192	P	PPL	US		NY	069	35551		0	196	198	America/New_York	2017-05-23
5124923	Livingston	Livingston	Johnstown,Livingston	42.14203	-73.77791	P	PPL	US		NY	021	42917		0	61	68	America/New_York	2017-05-23
5124925	Liverpool	Liverpool	Little Ireland,Liverpool,Liverpul,T'kah-skwi-ut-ke,lyfrbwl,Ливерпул,ليفربول	43.10646	-76.2177	P	PPL	US		NY	067	64815		2294	128	131	America/New_York	2017-05-23
5124931	Livingston Manor	Livingston Manor		41.90037	-74.82822	P	PPL	US		NY	105	63176		1221	427	436	America/New_York	2017-05-23
5124935	Livingstonville	Livingstonville		42.48758	-74.26847	P	PPL	US		NY	095	10154		0	326	328	America/New_York	2017-05-23
5124936	Livonia	Livonia	Livonia,Livonia Station,Livonija,Ливония	42.82145	-77.66861	P	PPL	US		NY	051	42961		1351	315	315	America/New_York	2017-05-23
5124937	Livonia Center	Livonia Center	Livonia Center,Livonia Centre	42.82145	-77.63861	P	PPL	US		NY	051	42961		421	331	331	America/New_York	2017-05-23
5124946	Lloyd Harbor	Lloyd Harbor	Lojd Kharbor,lywd harbwr,Лојд Харбор,ليود هاربور	40.90343	-73.45984	P	PPL	US		NY	103	37000		3690	42	46	America/New_York	2017-05-23
5124956	Lloydsville	Lloydsville		42.82646	-75.23433	P	PPL	US		NY	077	58420		0	370	372	America/New_York	2017-05-23
5124959	Loch Muller	Loch Muller	Loch Muller,Muller Pond	43.86617	-73.88958	P	PPL	US		NY	031	65629		0	510	513	America/New_York	2017-05-23
5124960	Loch Sheldrake	Loch Sheldrake		41.77009	-74.6571	P	PPL	US		NY	105	25241		0	444	453	America/New_York	2017-05-23
5124966	Lock Berlin	Lock Berlin		43.07895	-76.94608	P	PPL	US		NY	117	28013		0	123	124	America/New_York	2017-05-23
5125003	Locke	Locke	Locke,Milan	42.66063	-76.43077	P	PPL	US		NY	011	43071		0	241	243	America/New_York	2017-05-23
5125005	Lloyd	Lloyd	Centerville,Lloyd,Loyd	41.7362	-74.00542	P	PPL	US		NY	111	42994		0	116	113	America/New_York	2017-05-23
5125009	Lockpit	Lockpit		43.0359	-76.8094	P	PPL	US		NY	117	28013		0	121	122	America/New_York	2017-05-23
5125011	Lockport	Lockport	De-o-do-sote,Lockport,Lokport,Lukport,Ta-ga-ote,lak‌pwrt  nywywrk,logpoteu,luo ke bo te shi,lwkbwrt,rokkupoto,Локпорт,Лукпорт,لاک‌پورت، نیویورک,لوكبورت,ロックポート,洛克波特市,록포트	43.17061	-78.69031	P	PPLA2	US		NY	063	43082		20624	187	187	America/New_York	2017-05-23
5125013	Lockport Junction	Lockport Junction		43.15756	-78.75476	P	PPL	US		NY	063	11803		0	190	187	America/New_York	2017-05-23
5125019	Locksley Park	Locksley Park		42.76228	-78.8792	P	PPL	US		NY	029	31654		0	187	187	America/New_York	2017-05-23
5125021	Lockwood	Lockwood	Bingham's Mills,Lockwood	42.09119	-76.54994	P	PPL	US		NY	107	04671		0	275	274	America/New_York	2017-05-23
5125031	Locust Grove	Locust Grove		43.5634	-75.37434	P	PPL	US		NY	049	42213		0	413	408	America/New_York	2017-05-23
5125032	Locust Grove	Locust Grove		40.8101	-73.50207	P	PPL	US		NY	059	56000		0	60	61	America/New_York	2017-05-23
5125037	Locust Manor	Locust Manor		40.68427	-73.7793	P	PPL	US		NY	081			0	6	7	America/New_York	2006-01-15
5125039	Locust Point	Locust Point		40.81593	-73.80208	P	PPL	US		NY	005			0	3	4	America/New_York	2006-01-15
5125041	Locust Valley	Locust Valley	Buckram,Locust Valley,Lokast Vali,Old Kaintuck Mill,lwkast wly  nywywrk,Локаст Вали,لوکاست ولی، نیویورک	40.87593	-73.59707	P	PPL	US		NY	059	56000		3406	39	40	America/New_York	2017-05-23
5125044	Lodi	Lodi	Lodi,Лоди	42.61396	-76.82246	P	PPL	US		NY	099	43225		294	337	341	America/New_York	2017-05-23
5125045	Lodi Center	Lodi Center	Lodi Center,Lodi Centre	42.57118	-76.82051	P	PPL	US		NY	099	43225		0	393	394	America/New_York	2017-05-23
5125058	Logan	Logan		42.48785	-76.82857	P	PPL	US		NY	097	33073		0	418	422	America/New_York	2017-05-23
5125060	Logtown	Logtown		41.34343	-74.59849	P	PPL	US		NY	071	30631		0	258	260	America/New_York	2017-05-23
5125061	Loisaida	Loisaida	Alphabetville,Loisaida	40.7251	-73.97958	P	PPLX	US		NY	061			0	4	8	America/New_York	2007-02-14
5125062	Lomala	Lomala		41.55982	-73.84125	P	PPL	US		NY	027	21996		0	68	76	America/New_York	2017-05-23
5125063	Lombard	Lombard		42.25034	-79.63671	P	PPL	US		NY	013	79950		0	476	479	America/New_York	2017-05-23
5125065	Lomond Shore	Lomond Shore		43.37256	-78.0803	P	PPL	US		NY	073	39188		0	78	81	America/New_York	2017-05-23
5125066	Lomontville	Lomontville		41.88981	-74.12653	P	PPL	US		NY	111	45458		0	64	71	America/New_York	2017-05-23
5125077	Lonelyville	Lonelyville		40.64093	-73.17484	P	PPL	US		NY	103	38000		0	2	5	America/New_York	2017-05-23
5125086	Long Beach	Long Beach	Long Beach,Long Bich,Long Bijch,Long-Bich,Longbeach,lang bych  nyw yark,lang bych  nywywrk,longbichi,lwngh bytsh,rongubichi,Лонг Бийч,Лонг Бич,Лонг-Бич,لانگ بیچ، نیو یارک,لانگ بیچ، نیویورک,لونغ بيتش,ロングビーチ,롱비치	40.58844	-73.65791	P	PPL	US		NY	059	43335		33550	0	2	America/New_York	2017-05-23
5125098	Long Branch	Long Branch		43.11812	-76.24326	P	PPL	US		NY	067	64815		0	111	118	America/New_York	2017-05-23
5125101	Long Bridge	Long Bridge		42.98034	-76.44605	P	PPL	US		NY	067	67521		0	238	242	America/New_York	2017-05-23
5125111	Long Crossing	Long Crossing		43.22424	-75.7763	P	PPL	US		NY	065	77486		0	132	134	America/New_York	2017-05-23
5125113	Long Eddy	Long Eddy		41.85092	-75.1335	P	PPL	US		NY	105	27573		0	258	261	America/New_York	2017-05-23
5125116	Long Flat	Long Flat		42.01203	-75.07683	P	PPL	US		NY	025	31951		0	320	324	America/New_York	2017-05-23
5125125	Long Island City	Long Island City	Blissville,Dutch Kills,Hunter's Point,Long Island,Long Island City,Long-Ajlend-Siti,Middletown,long-aillaendeusiti,zhang dao shi,Лонг-Айленд-Сити,לאנג איילענד סיטי,لانگ آئلینڈ سٹی,長島市,롱아일랜드시티	40.74482	-73.94875	P	PPLX	US		NY	081			25595	4	7	America/New_York	2016-04-11
5125139	Long Lake	Long Lake	Gougeville,Long Lake,Long Lejk,Longlake,lwngh lyk,Лонг Лејк,لونغ ليك	43.97284	-74.421	P	PPL	US		NY	041	43412		547	510	514	America/New_York	2017-05-23
5125170	Long Point Cove	Long Point Cove		42.77479	-77.72444	P	PPL	US		NY	051	28629		0	249	253	America/New_York	2017-05-23
5125227	Long View	Long View		42.1245	-79.39227	P	PPL	US		NY	013	52155		0	421	430	America/New_York	2017-05-23
5125237	Longview	Longview		42.10561	-79.28866	P	PPL	US		NY	013	23998		0	400	404	America/New_York	2017-05-23
5125238	Longwood	Longwood		42.95312	-78.36946	P	PPL	US		NY	037	19719		0	270	271	America/New_York	2017-05-23
5125255	Loomis	Loomis		42.2087	-75.21545	P	PPL	US		NY	025	78047		0	478	480	America/New_York	2017-05-23
5125256	Loomis	Loomis		41.79731	-74.78572	P	PPL	US		NY	105	42235		0	573	581	America/New_York	2017-05-23
5125259	Loomis Corner	Loomis Corner		43.35118	-76.28187	P	PPL	US		NY	075	56154		0	145	144	America/New_York	2017-05-23
5125264	Loomis Hill	Loomis Hill		43.0109	-76.23326	P	PPL	US		NY	067	54958		0	257	262	America/New_York	2017-05-23
5125269	Loomises	Loomises		42.10895	-79.36505	P	PPL	US		NY	013	11451		0	399	401	America/New_York	2017-05-23
5125276	Loon Lake	Loon Lake	Loon Lake,Loonlake	44.55172	-74.05682	P	PPL	US		NY	033	27243		0	536	540	America/New_York	2017-05-23
5125290	Lords Corners	Lords Corners		42.91034	-76.22132	P	PPL	US		NY	067	54958		0	338	340	America/New_York	2017-05-23
5125293	Lordville	Lordville		41.86925	-75.21517	P	PPL	US		NY	025	31951		0	267	274	America/New_York	2017-05-23
5125295	Lorenz Park	Lorenz Park		42.2637	-73.76846	P	PPL	US		NY	021	30565		2053	55	56	America/New_York	2017-05-23
5125300	Loring Crossing	Loring Crossing		42.6259	-76.14548	P	PPL	US		NY	023	18421		0	338	336	America/New_York	2017-05-23
5125301	Lorraine	Lorraine	Lorraine,Lorraine Huddle,The Huddle	43.76646	-75.95936	P	PPL	US		NY	045	43544		174	305	303	America/New_York	2017-05-23
5125346	Lost Valley	Lost Valley		42.84869	-74.27208	P	PPL	US		NY	057	26308		0	131	137	America/New_York	2017-05-23
5125347	Lost Village	Lost Village		44.61951	-75.49245	P	PPL	US		NY	089	55563		0	100	101	America/New_York	2017-05-23
5125354	Lotville	Lotville		43.11729	-74.69876	P	PPL	US		NY	035	55101		0	345	350	America/New_York	2017-05-23
5125359	Loudonville	Loudonville	Ireland's Corners,Loudonville	42.7048	-73.75484	P	PPL	US		NY	001	17343		0	106	109	America/New_York	2017-05-23
5125367	Louisville	Louisville	Louisville,Millersville,Millerville	44.89755	-75.01576	P	PPL	US		NY	089	43588		0	66	65	America/New_York	2017-05-23
5125368	Louisville Corner	Louisville Corner		44.90922	-75.02826	P	PPL	US		NY	089	43588		0	82	82	America/New_York	2017-05-23
5125372	Lounsberry	Lounsberry	Canfield Corners,Canfields Corners,Lounsberry	42.05813	-76.33577	P	PPL	US		NY	107	51121		0	246	248	America/New_York	2017-05-23
5125379	Love Canal	Love Canal	Lav-Kanal,ai he shi jian,Лав-Канал,愛河事件	43.08339	-78.94893	P	PPLX	US		NY	063	51055		0	175	178	America/New_York	2017-05-23
5125382	Loveland	Loveland		42.73339	-78.69892	P	PPL	US		NY	029	55277		0	312	320	America/New_York	2017-05-23
5125385	Low Hampton	Low Hampton		43.5859	-73.29844	P	PPL	US		NY	115	31885		0	108	104	America/New_York	2017-05-23
5125390	Lowell	Lowell		43.13868	-75.50073	P	PPL	US		NY	065	80533		0	175	175	America/New_York	2017-05-23
5125397	Lower Beechwood	Lower Beechwood		41.75814	-74.98322	P	PPL	US		NY	105	20104		0	398	405	America/New_York	2017-05-23
5125404	Lower Cincinnatus	Lower Cincinnatus		42.53257	-75.89825	P	PPL	US		NY	023	15748		0	319	320	America/New_York	2017-05-23
5125405	Lower Corners	Lower Corners		42.92869	-74.01318	P	PPL	US		NY	093	29366		0	182	184	America/New_York	2017-05-23
5125409	Lower East Side	Lower East Side	Nizhnij Ist-Sajd,lo-eoiseuteusaideu,xia dong cheng,Нижний Ист-Сайд,לאוער איסט סייד,לואר איסט סייד,ロウアー・イースト・サイド,下东城,로어이스트사이드	40.71594	-73.98681	P	PPLX	US		NY	061			0	10	21	America/New_York	2014-10-08
5125415	Lower Genegantslet Corner	Lower Genegantslet Corner		42.30341	-75.8013	P	PPL	US		NY	017	30422		0	280	280	America/New_York	2017-05-23
5125422	Lower Melville	Lower Melville		40.76649	-73.42346	P	PPL	US		NY	103	37000		0	30	32	America/New_York	2017-05-23
5125429	Lower Oswegatchie	Lower Oswegatchie		44.19478	-75.06853	P	PPL	US		NY	089	25791		0	357	358	America/New_York	2017-05-23
5125440	Lower Rotterdam Junction	Lower Rotterdam Junction		42.86063	-74.02874	P	PPL	US		NY	093	63935		0	76	74	America/New_York	2017-05-23
5125446	Lower South Bay	Lower South Bay	Lower South Bay,South Bay	43.20007	-76.06298	P	PPL	US		NY	067	15704		0	116	117	America/New_York	2017-05-23
5125451	Lower Town Landing	Lower Town Landing	Lower Town Dock,Lower Town Landing	44.27005	-76.09106	P	PPL	US		NY	045	16100		0	79	74	America/New_York	2017-05-23
5125456	Lowerre	Lowerre		40.91593	-73.8968	P	PPL	US		NY	119	84000		0	30	34	America/New_York	2017-05-23
5125458	Lowman	Lowman		42.0298	-76.72051	P	PPL	US		NY	015	02781		0	256	259	America/New_York	2017-05-23
5125461	Lowville	Lowville	qryt lwfyl,قرية لوفيل	43.78674	-75.49185	P	PPLA2	US		NY	049	43731		3416	269	270	America/New_York	2017-05-23
5125469	Luce Landing	Luce Landing		40.98566	-72.61815	P	PPL	US		NY	103	61984		0	6	12	America/New_York	2017-05-23
5125477	Ludingtonville	Ludingtonville		41.50898	-73.69124	P	PPL	US		NY	079	39331		0	276	288	America/New_York	2017-05-23
5125478	Ludlow	Ludlow		40.92815	-73.90097	P	PPL	US		NY	119	84000		0	17	19	America/New_York	2017-05-23
5125495	Luther	Luther		42.60397	-73.65095	P	PPL	US		NY	083	22117		0	141	143	America/New_York	2017-05-23
5125498	Ludlowville	Ludlowville	Ludlow's Mills,Ludlowtown,Ludlowville	42.55368	-76.53855	P	PPL	US		NY	109	41234		0	151	156	America/New_York	2017-05-23
5125503	Lutheranville	Lutheranville		42.5848	-74.64098	P	PPL	US		NY	095	72070		0	581	580	America/New_York	2017-05-23
5125505	Luzerne	Luzerne		41.95148	-75.14795	P	PPL	US		NY	025	31951		0	369	372	America/New_York	2017-05-23
5125514	Lycoming	Lycoming	Lycoming,Scriba Station	43.49868	-76.38577	P	PPL	US		NY	075	65992		0	102	103	America/New_York	2017-05-23
5125517	Lykers	Lykers	Brown's Hollow,Lyker's,Lykers	42.81119	-74.4718	P	PPL	US		NY	057	63561		0	310	310	America/New_York	2017-05-23
5125523	Lynbrook	Lynbrook	Linbruk,Lynbrook,Pearsall's,Pearsall's Corners,Pearsallville,lynbrwk,Линбрук,لينبروك	40.65483	-73.6718	P	PPL	US		NY	059	34000		19558	6	8	America/New_York	2017-05-23
5125527	Lynch Tract	Lynch Tract		43.2234	-75.43962	P	PPL	US		NY	065	63418		0	143	144	America/New_York	2017-05-23
5125529	Lyncourt	Lyncourt		43.08146	-76.12576	P	PPL	US		NY	067	64815		4250	136	134	America/New_York	2017-05-23
5125532	Lyndon	Lyndon		43.02923	-76.05409	P	PPL	US		NY	067	20478		0	140	142	America/New_York	2017-05-23
5125534	Lyndonville	Lyndonville	Lyndon,Lyndonville	43.32672	-78.38891	P	PPL	US		NY	073	83448		803	98	101	America/New_York	2017-05-23
5125543	Lyon Corner	Lyon Corner		43.84923	-76.0777	P	PPL	US		NY	045	00210		0	171	170	America/New_York	2017-05-23
5125549	Lyon Mountain	Lyon Mountain		44.72476	-73.91153	P	PPL	US		NY	019	19653		423	548	544	America/New_York	2017-05-23
5125554	Lyons	Lyons	Lyons,The Forks	43.06423	-76.99025	P	PPLA2	US		NY	117	43973		3619	125	125	America/New_York	2017-05-23
5125558	Lyons Corners	Lyons Corners		42.26729	-78.25335	P	PPL	US		NY	003	50375		0	465	467	America/New_York	2017-05-23
5125559	Lyons Falls	Lyons Falls	High Falls,Lyon's Falls,Lyons Falls	43.62535	-75.36712	P	PPL	US		NY	049	81094		565	253	253	America/New_York	2017-05-23
5125568	Lyonsdale	Lyonsdale		43.61868	-75.30629	P	PPL	US		NY	049	43995		0	325	330	America/New_York	2017-05-23
5125570	Lyonsville	Lyonsville		41.8487	-74.21209	P	PPL	US		NY	111	45458		0	217	220	America/New_York	2017-05-23
5125572	Lysander	Lysander	Betts Corners,Lysander,Vickery's Settlement	43.20646	-76.4591	P	PPL	US		NY	067	44039		0	126	129	America/New_York	2017-05-23
5125573	Lysander New Community	Lysander New Community		43.16785	-76.30132	P	PPL	US		NY	067	44039		0	137	138	America/New_York	2017-05-23
5125576	Mabbettsville	Mabbettsville	Finkeltown,Mabbettsville	41.79259	-73.65957	P	PPL	US		NY	027	78388		0	212	211	America/New_York	2017-05-23
5125584	MacDonnell Heights	MacDonnell Heights		41.70954	-73.86236	P	PPL	US		NY	027	59652		0	66	70	America/New_York	2017-05-23
5125585	MacDougall	MacDougall	MacDougall,MacDougall's	42.80646	-76.8794	P	PPL	US		NY	099	76958		0	191	193	America/New_York	2017-05-23
5125591	Macedon	Macedon		43.06923	-77.29887	P	PPL	US		NY	117	44160		1479	144	143	America/New_York	2017-05-23
5125592	Macedon Center	Macedon Center	Macedon Center,Macedon Centre	43.09423	-77.32054	P	PPL	US		NY	117	44160		0	169	171	America/New_York	2017-05-23
5125598	Machias	Machias		42.41951	-78.49447	P	PPL	US		NY	009	44237		471	512	514	America/New_York	2017-05-23
5125599	Machias Junction	Machias Junction	Machias Junction,Machias Station	42.40867	-78.47585	P	PPL	US		NY	009	44237		0	500	500	America/New_York	2017-05-23
5125607	Mackey	Mackey		42.4573	-74.38348	P	PPL	US		NY	095	28981		0	591	598	America/New_York	2017-05-23
5125626	Madawaska	Madawaska		44.51673	-74.39711	P	PPL	US		NY	033	65178		0	485	492	America/New_York	2017-05-23
5125627	Madison	Madison	Madison,Мадисон	42.89896	-75.51212	P	PPL	US		NY	053	44435		298	367	366	America/New_York	2017-05-23
5125629	Madison Center	Madison Center		42.88063	-75.49823	P	PPL	US		NY	053	44435		0	384	384	America/New_York	2017-05-23
5125646	Madrid	Madrid	Columbia,Columbia Village,Columbiaville,Madrid,Robert's Mill,Robert's Mills	44.75034	-75.13104	P	PPL	US		NY	089	44490		757	99	97	America/New_York	2017-05-23
5125647	Madrid Springs	Madrid Springs		44.74006	-75.14354	P	PPL	US		NY	089	44490		0	97	97	America/New_York	2017-05-23
5125652	Magee	Magee	Magee,Magee's Corners	42.96118	-76.84607	P	PPL	US		NY	099	75902		0	158	157	America/New_York	2017-05-23
5125654	Magnolia	Magnolia		42.17506	-79.44005	P	PPL	US		NY	013	14069		0	401	411	America/New_York	2017-05-23
5125657	Mahopac	Mahopac	Lake Mahopac,Mahopac,Mahopac Station	41.37232	-73.73346	P	PPL	US		NY	079	12529		8369	203	212	America/New_York	2017-05-23
5125659	Mahopac Falls	Mahopac Falls	Kirkham's Mills,Mahopac Falls,Red Mills,Robinson's Mills	41.37204	-73.7618	P	PPL	US		NY	079	12529		0	176	183	America/New_York	2017-05-23
5125661	Mahopac Mines	Mahopac Mines		41.39815	-73.75902	P	PPL	US		NY	079	12529		0	195	203	America/New_York	2017-05-23
5125671	Maidstone Park	Maidstone Park		41.03593	-72.17869	P	PPL	US		NY	103	22194		0	5	13	America/New_York	2017-05-23
5125674	Main Settlement	Main Settlement	Carroll,Main Settlement	42.0134	-78.31418	P	PPL	US		NY	009	59509		0	440	445	America/New_York	2017-05-23
5125680	Maine	Maine		42.19257	-76.06104	P	PPL	US		NY	007	44611		0	278	281	America/New_York	2017-05-23
5125691	Malba	Malba		40.79066	-73.8268	P	PPL	US		NY	081			0	6	6	America/New_York	2006-01-15
5125694	Malcon	Malcon		43.00729	-76.85607	P	PPL	US		NY	099	75902		0	154	153	America/New_York	2017-05-23
5125695	Malden	Malden		42.09509	-73.93513	P	PPL	US		NY	111	65299		419	30	34	America/New_York	2017-05-23
5125696	Malden Bridge	Malden Bridge		42.47064	-73.58289	P	PPL	US		NY	021	14014		0	118	122	America/New_York	2017-05-23
5125698	Malden-on-Hudson	Malden-on-Hudson	Malden	42.09537	-73.93402	P	PPL	US		NY	111	65299		405	26	27	America/New_York	2017-05-23
5125702	Mallory	Mallory	Brewsterville,Mallery Mills,Mallory,Smith's Mills	43.32368	-76.11659	P	PPL	US		NY	075	32688		0	126	128	America/New_York	2017-05-23
5125707	Mallory Corner	Mallory Corner		42.42425	-75.29323	P	PPL	US		NY	077	11528		0	535	539	America/New_York	2017-05-23
5125717	Malone	Malone	Malon,Malone,Te-ka-no-ta-ron-we,Tekanata:ronhwe,Tekanatá:ronhwe,qryt malwn,Малон,قرية مالون	44.84866	-74.2949	P	PPLA2	US		NY	033	44721		5756	217	215	America/New_York	2017-05-23
5125718	Malone Junction	Malone Junction		44.85783	-74.27379	P	PPL	US		NY	033	44721		0	227	224	America/New_York	2017-05-23
5125724	Malta	Malta	malta,مالتا	42.97119	-73.79262	P	PPL	US		NY	091	44743		0	104	106	America/New_York	2017-05-23
5125725	Malta Ridge	Malta Ridge		43.01146	-73.78984	P	PPL	US		NY	091	44743		0	102	102	America/New_York	2017-05-23
5125732	Maltaville	Maltaville		42.94563	-73.78179	P	PPL	US		NY	091	44743		0	62	65	America/New_York	2017-05-23
5125734	Malverne	Malverne		40.67899	-73.67402	P	PPL	US		NY	059	34000		8571	11	13	America/New_York	2017-05-23
5125735	Mamakating Park	Mamakating Park		41.61204	-74.53794	P	PPL	US		NY	105	44809		0	496	499	America/New_York	2017-05-23
5125738	Mamaroneck	Mamaroneck	Mamaroneck,Mamaronek,Mamoranick,Mamorineck,Mamoronock,Momaronak,Momomaroneck,Momoronack,Momoroneck,Moraneck,mamarwnyk,Мамаронек,مامارونيك	40.94871	-73.73263	P	PPL	US		NY	119	44842		19375	0	5	America/New_York	2017-05-23
5125748	Malverne Park Oaks	Malverne Park Oaks		40.6326	-73.67013	P	PPL	US		NY	059	34000		505	3	4	America/New_York	2017-05-23
5125757	Manchester	Manchester	Manchester,Манчестер	42.96979	-77.23026	P	PPL	US		NY	069	44864		1661	180	182	America/New_York	2017-05-23
5125758	Manchester Bridge	Manchester Bridge	Manchester,Manchester Bridge	41.68454	-73.86597	P	PPL	US		NY	027	40299		0	46	50	America/New_York	2017-05-23
5125759	Manchester Center	Manchester Center		42.9759	-77.17998	P	PPL	US		NY	069	44864		0	167	170	America/New_York	2017-05-23
5125762	Mandana	Mandana		42.86562	-76.40355	P	PPL	US		NY	067	67521		0	276	273	America/New_York	2017-05-23
5125766	Manhasset	Manhasset	Cow Neck,Head of Cow Neck,Manhasset,Robinia,Sint Sink,maenhaeses,맨해셋	40.79788	-73.69957	P	PPL	US		NY	059	53000		8080	29	31	America/New_York	2017-05-23
5125768	Manhasset Hills	Manhasset Hills		40.75927	-73.67985	P	PPL	US		NY	059	53000		3592	38	40	America/New_York	2017-05-23
5125771	Manhattan	Manhattan	Borough of Manhattan,Manatans,Manathans,Manathas,Manathes,Manatte,Manhattan,Manhattanville,Mankhetten,Mannahattan,Menathans,maenhaeteun,man ha dun,manhatn,mnhtn,mæn hat tan,Манхеттен,מנהטן,مانهاتن,แมนฮัตตัน,曼哈顿,맨해튼	40.78343	-73.96625	P	PPLA2	US		NY	061			1487536	35	38	America/New_York	2014-05-21
5125772	Manhattan Beach	Manhattan Beach		40.57733	-73.94708	P	PPLX	US		NY	047			0	1	4	America/New_York	2006-08-27
5125778	Manhattan Park	Manhattan Park		41.23815	-73.77736	P	PPL	US		NY	119	84077		0	104	118	America/New_York	2017-05-23
5125782	Manheim Center	Manheim Center	Manheim Center,Manheim Centre	43.04785	-74.79182	P	PPL	US		NY	043	44974		0	203	209	America/New_York	2017-05-23
5125784	Manitou	Manitou	Highland,Manitou	41.33315	-73.96375	P	PPL	US		NY	079	57584		0	37	41	America/New_York	2017-05-23
5125785	Manitou Beach	Manitou Beach		43.32339	-77.71445	P	PPL	US		NY	055	30290		0	79	78	America/New_York	2017-05-23
5125790	Manlius	Manlius	Liberty Square,Manlius,Manlius Square,Menlijus,man li wu si,manlyws,Менлијус,مانليوس,曼里烏斯	43.00201	-75.97686	P	PPL	US		NY	067	45029		4630	180	181	America/New_York	2017-05-23
5125799	Manning	Manning	Manning,Manning Crossroads	43.19895	-78.09613	P	PPL	US		NY	073	15880		0	208	208	America/New_York	2017-05-23
5125803	Manningville	Manningville		42.35702	-76.04576	P	PPL	US		NY	007	42653		0	324	325	America/New_York	2017-05-23
5125804	Manns Corner	Manns Corner		43.00284	-77.66611	P	PPL	US		NY	055	64144		0	200	199	America/New_York	2017-05-23
5125806	Mannsville	Mannsville		43.71285	-76.0627	P	PPL	US		NY	045	24086		361	189	190	America/New_York	2017-05-23
5125807	Manny Corners	Manny Corners	Manny Corners,Mannys Corners	42.94702	-74.14485	P	PPL	US		NY	057	02077		0	211	210	America/New_York	2017-05-23
5125809	Mannings Cove	Mannings Cove		43.0198	-73.75762	P	PPL	US		NY	091	44743		0	67	71	America/New_York	2017-05-23
5125813	Manorhaven	Manorhaven	Beach Haven,Manhasset Isle,Manorhaven,Orchard Beach,Sunny Side	40.84316	-73.71485	P	PPL	US		NY	059	53000		6744	5	7	America/New_York	2017-05-23
5125814	Manorkill	Manorkill	Manor Kill,Manorkill	42.38953	-74.32209	P	PPL	US		NY	095	17651		0	461	463	America/New_York	2017-05-23
5125816	Manorton	Manorton		42.09259	-73.79818	P	PPL	US		NY	021	42917		0	76	77	America/New_York	2017-05-23
5125817	Manorville	Manorville		40.87371	-72.80788	P	PPL	US		NY	103	10000		14314	16	23	America/New_York	2017-05-23
5125818	Manorville	Manorville		42.14231	-74.03597	P	PPL	US		NY	111	65299		13729	182	187	America/New_York	2017-05-23
5125828	Mapes	Mapes		42.0484	-77.9325	P	PPL	US		NY	003	82095		0	473	474	America/New_York	2017-05-23
5125833	Maple Beach	Maple Beach	Maple Beach,Maplebeach	42.73506	-77.72389	P	PPL	US		NY	051	31016		0	252	257	America/New_York	2017-05-23
5125837	Maple Flats	Maple Flats		43.27035	-75.85491	P	PPL	US		NY	065	77486		0	174	177	America/New_York	2017-05-23
5125838	Maple Glen	Maple Glen		41.50843	-74.46544	P	PPL	US		NY	071	77992		0	183	187	America/New_York	2017-05-23
5125839	Maple Grove	Maple Grove		43.25618	-74.15374	P	PPL	US		NY	041	35496		0	344	348	America/New_York	2017-05-23
5125840	Maple Grove	Maple Grove		42.8859	-76.18937	P	PPL	US		NY	067	55651		0	422	422	America/New_York	2017-05-23
5125841	Maple Grove	Maple Grove	Maple Grove,Maplegrove	42.49452	-75.24767	P	PPL	US		NY	077	48494		0	414	418	America/New_York	2017-05-23
5125842	Maple Grove	Maple Grove		42.6148	-73.569	P	PPL	US		NY	083	65013		0	195	197	America/New_York	2017-05-23
5125874	Maple Hill	Maple Hill		43.45285	-75.85352	P	PPL	US		NY	075	82073		0	268	269	America/New_York	2017-05-23
5125876	Maple Hill	Maple Hill		41.86648	-74.06125	P	PPL	US		NY	111	63737		0	67	73	America/New_York	2017-05-23
5125897	Maple Point	Maple Point		42.10256	-79.3581	P	PPL	US		NY	013	11451		0	399	405	America/New_York	2017-05-23
5125905	Maple Shade	Maple Shade	Maple Shade,Maple Shade Farm	43.01869	-73.72623	P	PPL	US		NY	091	65244		0	64	71	America/New_York	2017-05-23
5125906	Maple Springs	Maple Springs		42.19672	-79.42394	P	PPL	US		NY	013	23976		0	400	404	America/New_York	2017-05-23
5125909	Maple Valley	Maple Valley	Maple Valley,Maplevalley	42.67952	-74.76404	P	PPL	US		NY	077	79972		0	522	526	America/New_York	2017-05-23
5125910	Maple View	Maple View		43.45729	-76.1452	P	PPL	US		NY	075	46822		0	141	142	America/New_York	2017-05-23
5125916	Maplecrest	Maplecrest		42.27592	-74.18681	P	PPL	US		NY	039	82480		0	537	539	America/New_York	2017-05-23
5125917	Mapledale	Mapledale		42.9059	-75.25377	P	PPL	US		NY	065	08180		0	383	385	America/New_York	2017-05-23
5125918	Mapledale	Mapledale		43.25229	-75.18433	P	PPL	US		NY	065	75280		0	243	241	America/New_York	2017-05-23
5125919	Mapledale	Mapledale		42.11092	-74.56293	P	PPL	US		NY	111	32116		0	488	493	America/New_York	2017-05-23
5125920	Maplehurst	Maplehurst	Maplehurst,Scott,Scotts Corners	42.18007	-78.38169	P	PPL	US		NY	009	34946		0	446	449	America/New_York	2017-05-23
5125926	Maples	Maples		42.33395	-78.73503	P	PPL	US		NY	009	45161		0	431	432	America/New_York	2017-05-23
5125927	Mapleton	Mapleton		42.84368	-76.59994	P	PPL	US		NY	011	26231		0	271	272	America/New_York	2017-05-23
5125928	Mapleton	Mapleton		43.12311	-78.7992	P	PPL	US		NY	063	57111		0	185	186	America/New_York	2017-05-23
5125929	Mapletown	Mapletown		42.83868	-74.55931	P	PPL	US		NY	057	12122		0	287	285	America/New_York	2017-05-23
5125930	Maplewood	Maplewood		43.10728	-77.69389	P	PPL	US		NY	055	15462		0	161	165	America/New_York	2017-05-23
5125931	Maplewood	Maplewood		41.66953	-74.73961	P	PPL	US		NY	105	73627		0	378	379	America/New_York	2017-05-23
5125932	Maplewood	Maplewood		40.96343	-73.78874	P	PPL	US		NY	119	50617		0	62	69	America/New_York	2017-05-23
5125954	Marathon	Marathon		42.44174	-76.03215	P	PPL	US		NY	023	45403		889	312	312	America/New_York	2017-05-23
5125962	Marbletown	Marbletown		43.02062	-77.06636	P	PPL	US		NY	117	02440		0	148	148	America/New_York	2017-05-23
5125966	Marcellus	Marcellus		42.98284	-76.34049	P	PPL	US		NY	067	45491		1773	208	208	America/New_York	2017-05-23
5125968	Marcellus Falls	Marcellus Falls		43.00507	-76.33799	P	PPL	US		NY	067	45491		0	155	156	America/New_York	2017-05-23
5125971	Marcy	Marcy		43.17063	-75.29156	P	PPL	US		NY	065	45535		0	184	184	America/New_York	2017-05-23
5125973	Marbletown	Marbletown	Marbleton,Marbletown	41.88343	-74.1132	P	PPL	US		NY	111	45458		5544	68	68	America/New_York	2017-05-23
5125981	Marengo	Marengo		43.0259	-76.91052	P	PPL	US		NY	117	28013		0	128	130	America/New_York	2017-05-23
5125985	Margaretville	Margaretville	Margaretvil,Margaretville,Middletown,margharytfyl,Маргаретвил,مارغاريتفيل	42.1487	-74.64821	P	PPL	US		NY	025	47031		577	401	407	America/New_York	2017-05-23
5125995	Mariandale	Mariandale		41.17454	-73.86708	P	PPL	US		NY	119	55541		0	60	65	America/New_York	2017-05-23
5125997	Mariaville	Mariaville		42.82869	-74.13513	P	PPL	US		NY	093	21006		0	389	389	America/New_York	2017-05-23
5125999	Mariaville Lake	Mariaville Lake		42.8248	-74.12874	P	PPL	US		NY	093	21006		722	393	396	America/New_York	2017-05-23
5126004	Marietta	Marietta		42.90896	-76.32354	P	PPL	US		NY	067	45491		0	243	245	America/New_York	2017-05-23
5126005	Marilla	Marilla	Marilla,Shanty Town	42.84006	-78.55502	P	PPL	US		NY	029	45601		0	258	261	America/New_York	2017-05-23
5126013	Mariners Harbor	Mariners Harbor	Mariner's Harbor,Mariners Harbor	40.63677	-74.15875	P	PPL	US		NY	085			19905	2	5	America/New_York	2017-04-16
5126015	Marion	Marion		43.1434	-77.18915	P	PPL	US		NY	117	45645		1511	140	140	America/New_York	2017-05-23
5126022	Mariposa	Mariposa		42.70757	-75.81019	P	PPL	US		NY	017	42411		0	485	484	America/New_York	2017-05-23
5126029	Market	Market	Bare Market,Bear Market,Bear Market Corner,Market	41.88287	-73.74068	P	PPL	US		NY	027	70662		0	146	147	America/New_York	2017-05-23
5126036	Markhams	Markhams	Markham's Corners,Markhams	42.39895	-79.00337	P	PPL	US		NY	009	19840		0	403	406	America/New_York	2017-05-23
5126052	Marsh Corner	Marsh Corner		42.73896	-76.79162	P	PPL	US		NY	099	63440		0	196	200	America/New_York	2017-05-23
5126055	Marlboro	Marlboro	Marlboro,Marlborough	41.60565	-73.97153	P	PPL	US		NY	111	45722		3669	55	59	America/New_York	2017-05-23
5126076	Marshall	Marshall		42.32618	-78.20196	P	PPL	US		NY	003	50375		0	500	501	America/New_York	2017-05-23
5126077	Marshall	Marshall		42.96313	-75.32767	P	PPL	US		NY	065	45755		0	416	419	America/New_York	2017-05-23
5126087	Marshalls	Marshalls		42.41174	-77.34498	P	PPL	US		NY	101	81457		0	368	374	America/New_York	2017-05-23
5126089	Marshfield	Marshfield		42.54284	-78.8417	P	PPL	US		NY	029	51803		0	391	393	America/New_York	2017-05-23
5126090	Marshville	Marshville		42.87535	-74.60931	P	PPL	US		NY	057	12122		0	208	209	America/New_York	2017-05-23
5126091	Marshville	Marshville		44.45117	-75.23187	P	PPL	US		NY	089	34176		0	153	154	America/New_York	2017-05-23
5126093	Martin	Martin		43.0259	-77.70528	P	PPL	US		NY	055	34099		0	174	175	America/New_York	2017-05-23
5126120	Martindale	Martindale	Martindale,Martindale Depot	42.20703	-73.63179	P	PPL	US		NY	021	16045		0	186	184	America/New_York	2017-05-23
5126125	Martinsburg	Martinsburg	Martinsburg,Martinsburgh	43.73757	-75.46963	P	PPL	US		NY	049	45854		0	385	381	America/New_York	2017-05-23
5126127	Martinsville	Martinsville		43.04978	-78.83448	P	PPL	US		NY	063	53682		0	175	177	America/New_York	2017-05-23
5126128	Martinsville	Martinsville		42.72145	-78.13279	P	PPL	US		NY	121	78344		0	324	326	America/New_York	2017-05-23
5126129	Martisco	Martisco		43.01729	-76.33465	P	PPL	US		NY	067	11913		0	151	153	America/New_York	2017-05-23
5126131	Martville	Martville		43.28007	-76.62717	P	PPL	US		NY	011	71146		0	108	113	America/New_York	2017-05-23
5126133	Marvin	Marvin		42.03144	-79.73449	P	PPL	US		NY	013	27606		0	441	445	America/New_York	2017-05-23
5126153	Maryland	Maryland		42.53647	-74.88655	P	PPL	US		NY	077	45920		0	375	378	America/New_York	2017-05-23
5126175	Marysville	Marysville		42.98395	-76.4491	P	PPL	US		NY	067	67521		0	228	232	America/New_York	2017-05-23
5126177	Masonville	Masonville		42.24203	-75.3774	P	PPL	US		NY	025	45964		0	394	394	America/New_York	2017-05-23
5126180	Maspeth	Maspeth	English Kills,Maspeth,Mespat,Mispat	40.72316	-73.91264	P	PPL	US		NY	081			48325	9	10	America/New_York	2017-04-16
5126183	Massapequa	Massapequa	Masapekua,Masapikva,Massapequa,Oysterbay South,South Oyster Bay,masabykwa,Масапекуа,Масапиква,ماسابيكوا	40.68066	-73.47429	P	PPL	US		NY	059	56000		21685	8	11	America/New_York	2017-05-23
5126187	Massapequa Park	Massapequa Park	Massapequa Park,Stadt Wurtemberg,Wurtemberg	40.68038	-73.45512	P	PPL	US		NY	059	56000		17232	7	10	America/New_York	2017-05-23
5126194	Massena	Massena	Kentsia:ke,Kentsià:ke,MSS,Massena,Messina,Nikentsiake	44.9281	-74.89186	P	PPL	US		NY	089	46030		10629	70	68	America/New_York	2017-05-23
5126196	Massena Center	Massena Center	Massena Center,Massena Centre	44.96005	-74.8313	P	PPL	US		NY	089	46030		0	60	57	America/New_York	2017-05-23
5126203	Massena Springs	Massena Springs	Ka-na-swa-stak-e-ras,Kanaswas-takeras,Kanawa'tsta:kera'as,Kanawa'tstá:kera'as,Kangawasta-karas,Massena Springs	44.91449	-74.88742	P	PPL	US		NY	089	46030		0	64	65	America/New_York	2017-05-23
5126208	Mastic	Mastic	Forge,Mastic	40.80204	-72.84094	P	PPL	US		NY	103	10000		15481	9	10	America/New_York	2017-05-23
5126209	Mastic Beach	Mastic Beach		40.76677	-72.85205	P	PPL	US		NY	103	10000		14841	2	4	America/New_York	2017-05-23
5126226	Matinecock	Matinecock		40.87621	-73.57651	P	PPL	US		NY	059	56000		810	27	32	America/New_York	2017-05-23
5126239	Mattituck	Mattituck		40.99121	-72.53425	P	PPL	US		NY	103	69463		4219	5	12	America/New_York	2017-05-23
5126246	Mattydale	Mattydale		43.09784	-76.1452	P	PPL	US		NY	067	64815		6446	123	122	America/New_York	2017-05-23
5126261	Maxwell	Maxwell		42.97673	-77.7725	P	PPL	US		NY	051	11715		0	180	181	America/New_York	2017-05-23
5126268	Maybrook	Maybrook		41.48398	-74.21765	P	PPL	US		NY	071	48153		3286	128	131	America/New_York	2017-05-23
5126272	Mayfair	Mayfair		42.87202	-73.93179	P	PPL	US		NY	093	29366		0	106	107	America/New_York	2017-05-23
5126273	Mayfield	Mayfield		43.10452	-74.26486	P	PPL	US		NY	035	46217		803	259	261	America/New_York	2017-05-23
5126275	Maybury Mills	Maybury Mills		42.6009	-76.06576	P	PPL	US		NY	023	68264		0	377	378	America/New_York	2017-05-23
5126280	Maynard	Maynard		43.13674	-75.25905	P	PPL	US		NY	065	45535		0	140	142	America/New_York	2017-05-23
5126284	Mays Mills	Mays Mills		42.66729	-76.99385	P	PPL	US		NY	123	47504		0	177	182	America/New_York	2017-05-23
5126285	Mays Point	Mays Point		42.99756	-76.76523	P	PPL	US		NY	099	75902		0	116	121	America/New_York	2017-05-23
5126287	Mayville	Mayville		42.25395	-79.50449	P	PPLA2	US		NY	013	14069		1669	443	444	America/New_York	2017-05-23
5126288	Mayweed Corner	Mayweed Corner		42.83118	-77.41443	P	PPL	US		NY	069	08378		0	272	274	America/New_York	2017-05-23
5126289	Maywood	Maywood		42.74397	-73.8629	P	PPL	US		NY	001	17343		0	95	95	America/New_York	2017-05-23
5126290	Maywood	Maywood		40.7226	-73.42457	P	PPL	US		NY	103	04000		0	22	24	America/New_York	2017-05-23
5126321	McClure	McClure	McClure,McClure Settlement	42.04842	-75.48685	P	PPL	US		NY	007	65112		0	327	330	America/New_York	2017-05-23
5126330	McColloms	McColloms		44.51033	-74.30516	P	PPL	US		NY	033	08213		0	500	501	America/New_York	2017-05-23
5126331	McCoon Crossing	McCoon Crossing		42.8959	-75.05155	P	PPL	US		NY	043	17431		0	445	445	America/New_York	2017-05-23
5126333	McConnellsville	McConnellsville		43.27312	-75.69407	P	PPL	US		NY	065	77486		0	146	150	America/New_York	2017-05-23
5126343	McDonough	McDonough		42.4984	-75.76797	P	PPL	US		NY	017	44127		0	436	437	America/New_York	2017-05-23
5126347	McDuffie Town	McDuffie Town	McDuffee Town,McDuffie Town	42.76646	-76.79079	P	PPL	US		NY	099	76958		0	183	185	America/New_York	2017-05-23
5126354	McEwens Corner	McEwens Corner		44.76589	-74.68991	P	PPL	US		NY	089	41564		0	134	131	America/New_York	2017-05-23
5126360	McGraw	McGraw	Mc Graw,McGraw,McGrawville	42.59618	-76.09326	P	PPL	US		NY	023	18421		1020	353	354	America/New_York	2017-05-23
5126363	McGraws	McGraws		42.0734	-77.72971	P	PPL	US		NY	101	81105		0	559	574	America/New_York	2017-05-23
5126364	McGrawville	McGrawville	McGrawville,New Hudson	42.34923	-78.22751	P	PPL	US		NY	003	64166		0	476	485	America/New_York	2017-05-23
5126383	McKeel Corners	McKeel Corners	McKeel Corners,Mekeel's Corners	41.43787	-73.91653	P	PPL	US		NY	079	57584		0	136	144	America/New_York	2017-05-23
5126384	McKeever	McKeever		43.61201	-75.09878	P	PPL	US		NY	043	78927		0	465	470	America/New_York	2017-05-23
5126397	McKinley	McKinley		42.91424	-74.51681	P	PPL	US		NY	057	56099		0	221	221	America/New_York	2017-05-23
5126410	McKinneys	McKinneys		42.47868	-76.50772	P	PPL	US		NY	109	41234		0	123	128	America/New_York	2017-05-23
5126419	McKownville	McKownville		42.68397	-73.84762	P	PPL	US		NY	001	31104		2756	76	79	America/New_York	2017-05-23
5126421	McLaughlin Acres	McLaughlin Acres		41.37176	-73.70235	P	PPL	US		NY	079	12529		0	163	169	America/New_York	2017-05-23
5126422	McLean	McLean	McLean,Moscow	42.55202	-76.29104	P	PPL	US		NY	109	30972		0	342	344	America/New_York	2017-05-23
5126427	McMasters Crossing	McMasters Crossing		44.35311	-74.21571	P	PPL	US		NY	033	32314		0	488	495	America/New_York	2017-05-23
5126429	McKinstry Hollow	McKinstry Hollow		42.46062	-78.50974	P	PPL	US		NY	009	84055		0	501	510	America/New_York	2017-05-23
5126443	McNalls	McNalls	McNalls,McNalls Corners	43.16561	-78.57447	P	PPL	US		NY	063	64034		0	200	199	America/New_York	2017-05-23
5126446	McPherson Cove	McPherson Cove		42.78979	-77.70694	P	PPL	US		NY	051	42961		0	251	255	America/New_York	2017-05-23
5126448	McPherson Point	McPherson Point		42.78006	-77.71361	P	PPL	US		NY	051	42961		0	251	255	America/New_York	2017-05-23
5126463	Mead Corner	Mead Corner		42.83701	-77.14775	P	PPL	US		NY	069	29531		0	279	281	America/New_York	2017-05-23
5126496	Meadowbrook	Meadowbrook		41.44537	-74.08098	P	PPL	US		NY	071	18300		0	103	106	America/New_York	2017-05-23
5126499	Meadowdale	Meadowdale	Meadow Dale,Meadowdale	42.67063	-73.98374	P	PPL	US		NY	001	31104		0	103	102	America/New_York	2017-05-23
5126500	Meadowmere Park	Meadowmere Park		40.63622	-73.74152	P	PPL	US		NY	059			0	0	1	America/New_York	2006-01-15
5126505	Meads Corners	Meads Corners		41.4837	-73.76847	P	PPL	US		NY	079	39331		0	212	212	America/New_York	2017-05-23
5126506	Meads Creek	Meads Creek		42.27202	-77.10025	P	PPL	US		NY	101	11946		0	344	345	America/New_York	2017-05-23
5126509	Mechanicstown	Mechanicstown	Mechanic Town,Mechanicstown	41.44287	-74.38849	P	PPL	US		NY	071	77992		6858	162	169	America/New_York	2017-05-23
5126510	Mechanicville	Mechanicville	Burrow,Mechanicsville,Mechanicville,Mechanicville Village,Mechanikvil,Mekanikvil,mchanykwyly  nywywrk,mei ka ni ke wei er,myshnysfyl,Меканиквил,Мечаниквил,ميشنيسفيل,مچانیکویلی، نیویورک,梅卡尼克维尔	42.90285	-73.68734	P	PPL	US		NY	091	46360		5169	27	28	America/New_York	2017-05-23
5126513	Mecklenburg	Mecklenburg	Mecklenburg,Mecklenburgh	42.45757	-76.71023	P	PPL	US		NY	097	33073		0	353	360	America/New_York	2017-05-23
5126514	Meco	Meco	Bennet's Corners,McEwen's Corners,Meco	43.05591	-74.38236	P	PPL	US		NY	035	38792		0	266	263	America/New_York	2017-05-23
5126516	Mecox	Mecox		40.91121	-72.30425	P	PPL	US		NY	103	68473		0	3	6	America/New_York	2017-05-23
5126518	Medford	Medford	Medford,Medford Station,Медфорд	40.8176	-73.00011	P	PPL	US		NY	103	10000		24142	27	28	America/New_York	2017-05-23
5126521	Medina	Medina	Diegeh-hoseh,Medajna,Medina,mdyna,mdyna  nywywrk,Медајна,Медина,مدينا,مدینا، نیویورک,مدینہ، نیو یارک	43.22006	-78.38697	P	PPL	US		NY	073	61742		5827	162	164	America/New_York	2017-05-23
5126524	Medusa	Medusa	Halls Hollow,Halls Mills,Medusa	42.43675	-74.13014	P	PPL	US		NY	001	61181		382	245	243	America/New_York	2017-05-23
5126526	Medway	Medway		42.39731	-73.88818	P	PPL	US		NY	039	49935		0	210	211	America/New_York	2017-05-23
5126544	Mellenville	Mellenville	Centerville,Mellenville	42.25314	-73.66762	P	PPL	US		NY	021	16045		0	82	89	America/New_York	2017-05-23
5126548	Melody Lake	Melody Lake		41.59481	-74.66516	P	PPL	US		NY	105	73627		0	451	457	America/New_York	2017-05-23
5126550	Melrose	Melrose		40.82455	-73.91041	P	PPL	US		NY	005			22470	9	10	America/New_York	2017-04-16
5126551	Melrose	Melrose	Melrose,The Junction	42.84202	-73.62262	P	PPL	US		NY	083	65486		0	119	121	America/New_York	2017-05-23
5126553	Melrose Houses	Melrose Houses		40.82093	-73.91875	P	PPLX	US		NY	005			0	15	19	America/New_York	2007-02-14
5126554	Melrose Park	Melrose Park		42.90868	-76.54022	P	PPL	US		NY	011	55871		2294	223	227	America/New_York	2017-05-23
5126555	Melville	Melville	Melvil,Melville,Sun-quams,Sweet Hollow,Мелвил	40.79343	-73.41512	P	PPL	US		NY	103	37000		18985	41	44	America/New_York	2017-05-23
5126586	Memphis	Memphis	Canton,Memphis	43.08284	-76.37716	P	PPL	US		NY	067	76760		0	132	135	America/New_York	2017-05-23
5126588	Menands	Menands	Menand's Station,Menands,mynandz,Менандс,ميناندز	42.69202	-73.72456	P	PPL	US		NY	001	17343		3998	11	11	America/New_York	2017-05-23
5126592	Mendon	Mendon	myndwn,ميندون	42.99784	-77.50444	P	PPL	US		NY	055	46558		0	171	174	America/New_York	2017-05-23
5126593	Mendon Center	Mendon Center	Mendon Center,Mendon Centre	42.99673	-77.56139	P	PPL	US		NY	055	46558		0	197	204	America/New_York	2017-05-23
5126596	Meno	Meno		44.52922	-74.39489	P	PPL	US		NY	033	65178		0	488	492	America/New_York	2017-05-23
5126599	Melvin Hill	Melvin Hill		42.91673	-77.06247	P	PPL	US		NY	069	57529		0	222	220	America/New_York	2017-05-23
5126602	Menzie Crossing	Menzie Crossing		42.98145	-77.80723	P	PPL	US		NY	051	11715		0	186	188	America/New_York	2017-05-23
5126619	Meredith	Meredith	Meredith,Meredith Square	42.35842	-74.93433	P	PPL	US		NY	025	46624		0	661	667	America/New_York	2017-05-23
5126622	Meridale	Meridale	Meredith Hollow,Meridale	42.36703	-74.95377	P	PPL	US		NY	025	46624		0	542	553	America/New_York	2017-05-23
5126623	Meridian	Meridian	Cato Four Corners,Meridian,Меридиан	43.16562	-76.53689	P	PPL	US		NY	011	12969		303	138	141	America/New_York	2017-05-23
5126630	Merrick	Merrick	Meric,Merikohe,Merrick,Merrik,Moroke,Меррик	40.66288	-73.55152	P	PPL	US		NY	059	34000		22097	4	8	America/New_York	2017-05-23
5126634	Merrick Corner	Merrick Corner		43.30701	-75.28906	P	PPL	US		NY	065	71212		0	250	251	America/New_York	2017-05-23
5126640	Merrickville	Merrickville		42.27536	-75.17823	P	PPL	US		NY	025	27232		0	518	516	America/New_York	2017-05-23
5126643	Merriewold Park	Merriewold Park	Merriewold,Merriewold Park	41.57204	-74.7185	P	PPL	US		NY	105	26528		0	424	434	America/New_York	2017-05-23
5126644	Merrifield	Merrifield		42.78285	-76.58494	P	PPL	US		NY	011	65816		0	322	324	America/New_York	2017-05-23
5126645	Merrill	Merrill		44.76476	-73.9582	P	PPL	US		NY	019	23921		0	403	408	America/New_York	2017-05-23
5126653	Merrillsville	Merrillsville	Merrill Corners,Merrillsville,Merrillville,Merrilville	44.53116	-74.03459	P	PPL	US		NY	033	27243		0	520	522	America/New_York	2017-05-23
5126654	Merrillsville	Merrillsville	Cowaselon,Merrelsville,Merrillsville	43.01896	-75.67102	P	PPL	US		NY	053	42422		0	210	208	America/New_York	2017-05-23
5126667	Mertensia	Mertensia		42.96201	-77.36277	P	PPL	US		NY	069	25406		0	204	207	America/New_York	2017-05-23
5126671	Messenger Bay	Messenger Bay		43.15757	-75.8013	P	PPL	US		NY	053	41905		0	122	122	America/New_York	2017-05-23
5126674	Messengerville	Messengerville	Messengerville,State Bridge	42.48896	-76.07465	P	PPL	US		NY	023	77596		0	321	324	America/New_York	2017-05-23
5126691	Methol	Methol		41.91953	-75.01183	P	PPL	US		NY	025	31951		0	554	571	America/New_York	2017-05-23
5126700	Mettacahonts	Mettacahonts		41.81287	-74.25432	P	PPL	US		NY	111	63011		0	124	125	America/New_York	2017-05-23
5126705	Mexico	Mexico	Mexico,Mexicoville	43.45951	-76.22882	P	PPL	US		NY	075	46822		1574	125	128	America/New_York	2017-05-23
5126731	Michigan Corners	Michigan Corners		41.46704	-74.34765	P	PPL	US		NY	071	77992		0	173	176	America/New_York	2017-05-23
5126738	Michigan Mills	Michigan Mills		43.60368	-75.59741	P	PPL	US		NY	049	81094		0	541	547	America/New_York	2017-05-23
5126760	Middle Bridge	Middle Bridge		42.24536	-75.48796	P	PPL	US		NY	017	00353		0	301	304	America/New_York	2017-05-23
5126768	Middle Falls	Middle Falls		43.10063	-73.52484	P	PPL	US		NY	115	30686		0	97	103	America/New_York	2017-05-23
5126771	Middle Granville	Middle Granville		43.4334	-73.28344	P	PPL	US		NY	115	30037		0	113	115	America/New_York	2017-05-23
5126776	Middle Grove	Middle Grove	Jamesville,Middle Grove	43.0898	-73.9179	P	PPL	US		NY	091	30444		0	168	171	America/New_York	2017-05-23
5126780	Middle Hope	Middle Hope	Middle Hope,Middlehope,Middletown	41.56009	-74.0032	P	PPL	US		NY	071	50045		0	75	80	America/New_York	2017-05-23
5126787	Middle Island	Middle Island		40.88427	-72.93733	P	PPL	US		NY	103	10000		10483	25	29	America/New_York	2017-05-23
5126824	Middle Sprite	Middle Sprite		43.12063	-74.63876	P	PPL	US		NY	035	71784		0	416	421	America/New_York	2017-05-23
5126827	Middle Village	Middle Village		40.71649	-73.88125	P	PPL	US		NY	081			29491	30	31	America/New_York	2017-04-16
5126828	Middleburgh	Middleburgh	Middleburg,Middleburgh,Middletown,Weisers Dorp	42.59869	-74.33292	P	PPL	US		NY	095	46855		1437	195	197	America/New_York	2017-05-23
5126831	Middle Village	Middle Village		42.83313	-74.82987	P	PPL	US		NY	077	70310		0	434	439	America/New_York	2017-05-23
5126833	Middlefield	Middlefield	Clarksville,Middlefield	42.6873	-74.83987	P	PPL	US		NY	077	46910		0	381	382	America/New_York	2017-05-23
5126834	Middlefield Center	Middlefield Center	Middlefield Center,Middlefield Centre	42.76452	-74.83959	P	PPL	US		NY	077	46910		0	505	503	America/New_York	2017-05-23
5126836	Middleport	Middleport		42.79062	-75.5599	P	PPL	US		NY	053	41674		1822	341	341	America/New_York	2017-05-23
5126837	Middleport	Middleport	Middleport,Te-ka-on-do-duk	43.21256	-78.47641	P	PPL	US		NY	063	64034		1788	157	157	America/New_York	2017-05-23
5126839	Middlesex	Middlesex	Middlesex,Middlesex Center,mydlsks,ميدلسكس	42.70479	-77.27165	P	PPL	US		NY	123	47020		0	235	236	America/New_York	2017-05-23
5126842	Middletown	Middletown	Midl Taun,Midltaun,midorutaun,mydl tawn  nywywrk,mydltawn,Мидл Таун,Мидлтаун,ميدلتاون,مڈل ٹاؤن، اورنج کاؤنٹی، نیو یارک,میدل تاون، نیویورک,ミドルタウン	41.44593	-74.42293	P	PPL	US		NY	071	47042		27812	170	171	America/New_York	2017-05-23
5126848	Middleville	Middleville		43.13868	-74.96821	P	PPL	US		NY	043	24933		501	182	183	America/New_York	2017-05-23
5126849	Middleville	Middleville		40.89926	-73.29623	P	PPL	US		NY	103	68000		0	17	23	America/New_York	2017-05-23
5126851	Midhampton	Midhampton		40.94982	-72.24064	P	PPL	US		NY	103	22194		0	6	8	America/New_York	2017-05-23
5126855	Midland Beach	Midland Beach		40.57316	-74.09459	P	PPL	US		NY	085			7402	2	4	America/New_York	2017-04-16
5126860	Midway	Midway		42.25146	-76.83746	P	PPL	US		NY	015	77310		0	242	247	America/New_York	2017-05-23
5126861	Midway	Midway		42.55118	-76.49355	P	PPL	US		NY	109	41234		0	288	289	America/New_York	2017-05-23
5126862	Midway Park	Midway Park		42.20145	-79.42421	P	PPL	US		NY	013	23976		0	402	413	America/New_York	2017-05-23
5126870	Milan	Milan	Milan,Milanville	41.95343	-73.79208	P	PPL	US		NY	027	47207		0	132	129	America/New_York	2017-05-23
5126874	Milburn	Milburn		41.50176	-74.34515	P	PPL	US		NY	071	77992		0	154	158	America/New_York	2017-05-23
5126887	Mile of Woods	Mile of Woods		43.05673	-77.6975	P	PPL	US		NY	055	15462		0	159	161	America/New_York	2017-05-23
5126890	Mileses	Mileses	Mileses,Milesville	41.83648	-75.066	P	PPL	US		NY	105	27573		0	330	342	America/New_York	2017-05-23
5126891	Milford	Milford	Milford,Милфорд	42.59063	-74.94516	P	PPL	US		NY	077	47240		401	368	370	America/New_York	2017-05-23
5126892	Milford Center	Milford Center		42.52424	-74.98877	P	PPL	US		NY	077	47240		0	364	367	America/New_York	2017-05-23
5126919	Mill Brook Houses	Mill Brook Houses		40.80593	-73.91903	P	PPLX	US		NY	005			0	7	14	America/New_York	2007-02-14
5126959	Mill Grove	Mill Grove		42.01812	-78.34085	P	PPL	US		NY	009	59509		0	436	438	America/New_York	2017-05-23
5126963	Mill Hook	Mill Hook		41.79593	-74.24709	P	PPL	US		NY	111	63011		0	84	88	America/New_York	2017-05-23
5126968	Mill Neck	Mill Neck		40.88704	-73.55512	P	PPL	US		NY	059	56000		1015	43	45	America/New_York	2017-05-23
5127005	Millbrook Heights	Millbrook Heights		41.76565	-73.71346	P	PPL	US		NY	027	78388		0	171	176	America/New_York	2017-05-23
5127007	Millbrook	Millbrook	Milbruk,mylbwrwk,Милбрук,ميلبوروك	41.78509	-73.69402	P	PPL	US		NY	027	78388		1425	175	176	America/New_York	2017-05-23
5127009	Millburn	Millburn	Milburn,Millburn	40.64732	-73.60791	P	PPL	US		NY	059	34000		0	6	10	America/New_York	2017-05-23
5127011	Millen Bay	Millen Bay	Hubbard's Bay,Millen Bay,Millens Bay,River View,Riverview	44.16922	-76.24383	P	PPL	US		NY	045	12364		0	76	79	America/New_York	2017-05-23
5127024	Miller Corners	Miller Corners		42.82785	-74.23291	P	PPL	US		NY	057	26308		0	278	281	America/New_York	2017-05-23
5127043	Miller Place	Miller Place	Miller Place,Miller's Place,Millerplace	40.95982	-72.99621	P	PPL	US		NY	103	10000		12339	40	43	America/New_York	2017-05-23
5127050	Millers	Millers		43.32617	-78.46614	P	PPL	US		NY	063	68330		0	106	107	America/New_York	2017-05-23
5127053	Millers Corner	Millers Corner		42.81534	-78.12446	P	PPL	US		NY	121	46877		0	468	470	America/New_York	2017-05-23
5127055	Millers Corners	Millers Corners	Miller's Corners,Millers Corners	42.58536	-73.56956	P	PPL	US		NY	083	49517		0	199	201	America/New_York	2017-05-23
5127058	Millers Crossing	Millers Crossing		42.81062	-78.16918	P	PPL	US		NY	121	46877		0	382	378	America/New_York	2017-05-23
5127060	Millers Mills	Millers Mills	Miller's Mills,Millers Mills	42.92007	-75.08155	P	PPL	US		NY	043	17431		0	408	409	America/New_York	2017-05-23
5127061	Millers Mills Crossing	Millers Mills Crossing		42.90896	-75.09155	P	PPL	US		NY	043	17431		0	425	425	America/New_York	2017-05-23
5127065	Millersport	Millersport		43.08478	-78.6967	P	PPL	US		NY	029	15825		0	178	179	America/New_York	2017-05-23
5127066	Millerton	Millerton	Milerton,Millerton,Northeast Station,mylrtwn,Милертон,ميلرتون	41.9537	-73.51068	P	PPL	US		NY	027	51891		940	216	215	America/New_York	2017-05-23
5127067	Millertown	Millertown	Millertown,North Pittstown	42.90591	-73.51067	P	PPL	US		NY	083	58398		0	139	137	America/New_York	2017-05-23
5127068	Millgrove	Millgrove	Mill Grove,Millgrove	42.94367	-78.5528	P	PPL	US		NY	029	01099		0	237	239	America/New_York	2017-05-23
5127074	Millport	Millport	Mill Port,Millport,Millvale	42.26535	-76.83468	P	PPL	US		NY	015	77310		296	219	220	America/New_York	2017-05-23
5127078	Mills Corners	Mills Corners	Mills Corners,Mills' Corners	43.0623	-74.12291	P	PPL	US		NY	035	08433		0	311	310	America/New_York	2017-05-23
5127082	Mills Mills	Mills Mills	Mill's Mills,Mills Mills	42.5009	-78.11973	P	PPL	US		NY	003	36112		0	416	421	America/New_York	2017-05-23
5127086	Millsburg	Millsburg	Millsburg,Millsburgh,Wells Corner	41.37287	-74.52544	P	PPL	US		NY	071	78839		0	179	180	America/New_York	2017-05-23
5127088	Milltown	Milltown		41.41259	-73.56013	P	PPL	US		NY	079	68924		0	133	138	America/New_York	2017-05-23
5127090	Millville	Millville		43.20756	-78.32475	P	PPL	US		NY	073	66751		0	183	186	America/New_York	2017-05-23
5127092	Millwood	Millwood	Merritt's Corners,Millwood,Sarles Corners,Sarlesville	41.19232	-73.79736	P	PPL	US		NY	119	50078		0	110	115	America/New_York	2017-05-23
5127093	Milo Center	Milo Center	Milo Center,Milo Centre	42.63451	-76.99941	P	PPL	US		NY	123	47504		0	278	285	America/New_York	2017-05-23
5127094	Milo Mills	Milo Mills		42.65868	-77.02608	P	PPL	US		NY	123	47504		0	196	207	America/New_York	2017-05-23
5127098	Milton	Milton	Mil'ton,Мильтон	43.03369	-73.85262	P	PPL	US		NY	091	47537		3087	128	133	America/New_York	2017-05-23
5127099	Milton	Milton	Mil'ton,Мильтон	41.65982	-73.95708	P	PPL	US		NY	111	45722		1403	47	48	America/New_York	2017-05-23
5127100	Milton	Milton		40.96204	-73.68818	P	PPL	US		NY	119	64309		0	5	10	America/New_York	2017-05-23
5127102	Milton Center	Milton Center	Milton Center,Milton Centre	43.04091	-73.88985	P	PPL	US		NY	091	47537		0	116	117	America/New_York	2017-05-23
5127111	Mina	Mina	Mina,Mina Corners	42.13006	-79.6881	P	PPL	US		NY	013	47592		0	486	487	America/New_York	2017-05-23
5127116	Minaville	Minaville	Minaville,Yankee Street	42.88591	-74.21652	P	PPL	US		NY	057	26308		0	174	174	America/New_York	2017-05-23
5127118	Mindenville	Mindenville		42.99202	-74.71765	P	PPL	US		NY	057	47614		0	98	102	America/New_York	2017-05-23
5127134	Mineola	Mineola	Haviland,Mineola,Miniola,mineora,miniolla,mynwla  nywywrk,mynywla,mynywla  nyw yark,Миниола,مينيولا,مینولا، نیویورک,مینیولا، نیو یارک,ミネオラ,미니올라	40.74927	-73.64068	P	PPLA2	US		NY	059	53000		19139	33	36	America/New_York	2017-05-23
5127142	Mineral Springs	Mineral Springs	Mineral Springs,Mineralsprings	42.67035	-74.45097	P	PPL	US		NY	095	16639		0	317	325	America/New_York	2017-05-23
5127143	Minerva	Minerva		43.79145	-73.9843	P	PPL	US		NY	031	47669		0	423	422	America/New_York	2017-05-23
5127147	Minetto	Minetto		43.39812	-76.47744	P	PPL	US		NY	075	47691		1069	99	104	America/New_York	2017-05-23
5127150	Mineville	Mineville		44.09283	-73.51818	P	PPL	US		NY	031	48428		1269	395	395	America/New_York	2017-05-23
5127155	Minisink Ford	Minisink Ford		41.48259	-74.97683	P	PPL	US		NY	105	34473		0	261	265	America/New_York	2017-05-23
5127176	Minnehaha	Minnehaha		43.66173	-75.06795	P	PPL	US		NY	043	78927		0	513	514	America/New_York	2017-05-23
5127179	Minoa	Minoa		43.07618	-76.00075	P	PPL	US		NY	067	45029		3523	126	128	America/New_York	2017-05-23
5127181	Minsteed	Minsteed		43.14923	-77.12025	P	PPL	US		NY	117	02440		0	151	153	America/New_York	2017-05-23
5127211	Mitchellsville	Mitchellsville		42.40813	-77.2897	P	PPL	US		NY	101	81457		0	414	416	America/New_York	2017-05-23
5127220	Modena	Modena	Clark's Corner,Modena	41.66843	-74.10264	P	PPL	US		NY	111	58552		0	139	141	America/New_York	2017-05-23
5127222	Modena Gardens	Modena Gardens		41.64759	-74.12126	P	PPL	US		NY	111	58552		0	136	138	America/New_York	2017-05-23
5127227	Model City	Model City	Middletown,Model City,Modeltown	43.18506	-78.98365	P	PPL	US		NY	063	42158		0	109	109	America/New_York	2017-05-23
5127233	Mohawk	Mohawk		43.01146	-75.00404	P	PPL	US		NY	043	28750		2628	126	125	America/New_York	2017-05-23
5127234	Mohawk Gardens	Mohawk Gardens		43.22646	-75.43962	P	PPL	US		NY	065	63418		0	144	143	America/New_York	2017-05-23
5127236	Mohawk Hill	Mohawk Hill		43.52479	-75.46962	P	PPL	US		NY	049	81094		0	542	544	America/New_York	2017-05-23
5127240	Moffitsville	Moffitsville	Moffitsville,Moffittsville,Russia	44.63865	-73.75598	P	PPL	US		NY	019	65211		0	238	239	America/New_York	2017-05-23
5127243	Mohawk View	Mohawk View		42.78369	-73.78845	P	PPL	US		NY	001	17343		0	65	74	America/New_York	2017-05-23
5127247	Mohegan Heights	Mohegan Heights		40.95315	-73.84291	P	PPL	US		NY	119	84000		0	44	48	America/New_York	2017-05-23
5127250	Mohegan Lake	Mohegan Lake		41.31843	-73.85902	P	PPL	US		NY	119	84077		0	144	146	America/New_York	2017-05-23
5127255	Mohican Lake	Mohican Lake	Long Pond,Mohican Lake	41.51815	-74.81794	P	PPL	US		NY	105	43786		0	399	408	America/New_York	2017-05-23
5127257	Mohonk Lake	Mohonk Lake		41.7687	-74.1557	P	PPL	US		NY	111	45458		0	381	395	America/New_York	2017-05-23
5127258	Moira	Moira	Moira,Moira Corners,Sa-ko-ron-ta-keh-tas,Shakorontakehtatshne,Shakorontakehtátshne	44.81811	-74.55574	P	PPL	US		NY	033	47933		0	128	128	America/New_York	2017-05-23
5127265	Molyneaux Corners	Molyneaux Corners	Cambria,Molineaux's Corners,Molyneaux Corners	43.21033	-78.79726	P	PPL	US		NY	063	11803		0	119	118	America/New_York	2017-05-23
5127266	Mombaccus	Mombaccus		41.81509	-74.31154	P	PPL	US		NY	111	63011		0	199	203	America/New_York	2017-05-23
5127284	Mongaup	Mongaup		41.42481	-74.76211	P	PPL	US		NY	105	43786		0	153	171	America/New_York	2017-05-23
5127295	Mongaup Valley	Mongaup Valley	Mongaup Mill,Mongaup Valley	41.6687	-74.78461	P	PPL	US		NY	105	06310		0	339	340	America/New_York	2017-05-23
5127302	Monroe	Monroe	Monro,Монро	41.33065	-74.18681	P	PPL	US		NY	071	47999		8632	196	199	America/New_York	2017-05-23
5127315	Monsey	Monsey	Kakiat,Monsey,Monsey Depot,Monsi,monzei,mwnsy,Монси,מאנסי,מונסי,モンゼイ	41.11121	-74.06848	P	PPL	US		NY	087	60510		18412	167	167	America/New_York	2017-05-23
5127320	Montario Point	Montario Point		43.69173	-76.20104	P	PPL	US		NY	045	24086		0	78	83	America/New_York	2017-05-23
5127321	Montauk	Montauk	Gorad Montak,MTP,Montok,meng tuo ke,Горад Монтак,Монток,蒙托克	41.03594	-71.95451	P	PPL	US		NY	103	22194		3326	10	12	America/New_York	2017-05-23
5127323	Montauk Beach	Montauk Beach		41.02594	-71.96702	P	PPL	US		NY	103	22194		0	20	26	America/New_York	2017-05-23
5127330	Montauk Station	Montauk Station		41.04927	-71.95368	P	PPL	US		NY	103	22194		0	3	6	America/New_York	2017-05-23
5127334	Montclair Colony	Montclair Colony		41.05093	-72.34925	P	PPL	US		NY	103	66839		0	3	8	America/New_York	2017-05-23
5127335	Montebello	Montebello	Montebello,Montebelo,mwnybylw,Монтебелло,Монтебело,مونيبيلو	41.13593	-74.11848	P	PPL	US		NY	087	60510		4652	97	104	America/New_York	2017-05-23
5127340	Monteola	Monteola		43.6459	-75.66213	P	PPL	US		NY	049	55497		0	560	570	America/New_York	2017-05-23
5127341	Monterey	Monterey	Gaylord's,Mead's Creek,Monterey,Orange	42.30563	-77.04913	P	PPL	US		NY	097	55156		0	371	371	America/New_York	2017-05-23
5127345	Montezuma	Montezuma	Montezuma,Tecarjikhado	43.01006	-76.70328	P	PPL	US		NY	011	48131		0	121	122	America/New_York	2017-05-23
5127353	Montgomery	Montgomery	MGJ,Montgomeri,Монтгомери	41.52759	-74.23682	P	PPL	US		NY	071	48153		4609	109	117	America/New_York	2017-05-23
5127359	Monticello	Monticello	MSV,Montichelo,Montiselo,mwntysylw,Монтисело,Монтичело,מאנטיסעלא,مونتيسيلو	41.65565	-74.68933	P	PPLA2	US		NY	105	73627		6505	461	462	America/New_York	2017-05-23
5127363	Montoma	Montoma		42.02065	-74.13264	P	PPL	US		NY	111	83052		0	311	311	America/New_York	2017-05-23
5127364	Montour Falls	Montour Falls	Catharinetown,Chequegah,Havana,Montour Falls,Montour's Falls	42.3473	-76.84524	P	PPL	US		NY	097	48186		1676	137	141	America/New_York	2017-05-23
5127368	Montrose	Montrose	Centreville,East Haverstraw,Lyell,Montrose	41.25232	-73.93153	P	PPL	US		NY	119	18410		2731	35	37	America/New_York	2017-05-23
5127372	Montville	Montville		42.71451	-76.40327	P	PPL	US		NY	011	48307		0	304	308	America/New_York	2017-05-23
5127387	Mooers	Mooers		44.96337	-73.58736	P	PPL	US		NY	019	48252		442	86	85	America/New_York	2017-05-23
5127389	Mooers Forks	Mooers Forks	Centerville,Mooers Forks	44.95809	-73.6407	P	PPL	US		NY	019	48252		0	114	114	America/New_York	2017-05-23
5127391	Moon Beach	Moon Beach		43.39757	-76.64412	P	PPL	US		NY	011	71146		0	80	81	America/New_York	2017-05-23
5127393	Moody	Moody		44.22784	-74.48489	P	PPL	US		NY	033	75676		0	471	468	America/New_York	2017-05-23
5127405	Moons	Moons		42.28367	-79.29616	P	PPL	US		NY	013	71476		0	403	408	America/New_York	2017-05-23
5127415	Moore Landing	Moore Landing	Moore Landing,Moores Landing	44.30033	-75.99078	P	PPL	US		NY	045	55398		0	80	79	America/New_York	2017-05-23
5127427	Moores Mill	Moores Mill		41.70426	-73.74874	P	PPL	US		NY	027	40299		0	138	142	America/New_York	2017-05-23
5127429	Moorhouse Corner	Moorhouse Corner		42.34953	-73.57095	P	PPL	US		NY	021	03287		0	166	171	America/New_York	2017-05-23
5127473	Moran Corner	Moran Corner	Moran Corner,Moran Corners	42.96034	-77.62	P	PPL	US		NY	055	46558		0	183	185	America/New_York	2017-05-23
5127474	Moravia	Moravia	Moravia,Owasco Flats	42.71257	-76.4216	P	PPL	US		NY	011	48307		1236	224	227	America/New_York	2017-05-23
5127487	Morehouseville	Morehouseville		43.3909	-74.77377	P	PPL	US		NY	041	48340		0	571	570	America/New_York	2017-05-23
5127489	Moreland	Moreland	Crawford Settlement,Moreland	42.30785	-76.9069	P	PPL	US		NY	097	20676		0	375	375	America/New_York	2017-05-23
5127493	Morey Park	Morey Park		42.54425	-73.59984	P	PPL	US		NY	083	65541		0	134	133	America/New_York	2017-05-23
5127496	Morgan Corners	Morgan Corners		42.05367	-79.65949	P	PPL	US		NY	013	27606		0	513	513	America/New_York	2017-05-23
5127500	Morgan Hill	Morgan Hill		41.95565	-74.11042	P	PPL	US		NY	111	37143		0	185	186	America/New_York	2017-05-23
5127511	Morganville	Morganville		43.00228	-78.07418	P	PPL	US		NY	037	70607		0	266	267	America/New_York	2017-05-23
5127513	Moriah	Moriah		44.04617	-73.50513	P	PPL	US		NY	031	48428		0	259	258	America/New_York	2017-05-23
5127514	Moriah Center	Moriah Center	Moriah Center,Moriah Centre	44.06117	-73.50985	P	PPL	US		NY	031	48428		0	241	245	America/New_York	2017-05-23
5127519	Moriches	Moriches		40.80732	-72.82121	P	PPL	US		NY	103	10000		2838	7	10	America/New_York	2017-05-23
5127522	Morley	Morley	Long Rapids,Morley	44.66506	-75.19882	P	PPL	US		NY	089	12342		0	103	104	America/New_York	2017-05-23
5127533	Morris	Morris	Louisville,Morris	42.54869	-75.24517	P	PPL	US		NY	077	48494		564	349	348	America/New_York	2017-05-23
5127536	Morris Heights	Morris Heights		40.84982	-73.91986	P	PPL	US		NY	005			40982	45	44	America/New_York	2017-04-16
5127542	Morris Park	Morris Park		40.85232	-73.85347	P	PPL	US		NY	005			0	24	26	America/New_York	2006-01-15
5127543	Morris Park	Morris Park		40.69038	-73.81597	P	PPL	US		NY	081			0	14	13	America/New_York	2006-01-15
5127550	Morrisania	Morrisania		40.82927	-73.90653	P	PPL	US		NY	005			23127	14	16	America/New_York	2017-04-16
5127554	Morrison Heights	Morrison Heights		41.5062	-74.20626	P	PPL	US		NY	071	48153		0	122	123	America/New_York	2017-05-23
5127555	Morrisonville	Morrisonville		44.6931	-73.56208	P	PPL	US		NY	019	65717		1545	110	108	America/New_York	2017-05-23
5127556	Morristown	Morristown		44.58645	-75.64829	P	PPL	US		NY	089	48582		387	88	89	America/New_York	2017-05-23
5127558	Morristown Center	Morristown Center		44.59673	-75.59245	P	PPL	US		NY	089	48582		0	97	97	America/New_York	2017-05-23
5127561	Morrisville	Morrisville	Morris Flats,Morrisville	42.89868	-75.64018	P	PPL	US		NY	053	23305		1764	411	407	America/New_York	2017-05-23
5127562	Morrisville Station	Morrisville Station		42.89146	-75.60407	P	PPL	US		NY	053	23305		0	365	367	America/New_York	2017-05-23
5127569	Morse Mill	Morse Mill		42.72701	-76.3591	P	PPL	US		NY	011	66278		0	329	333	America/New_York	2017-05-23
5127573	Morsston	Morsston		41.88426	-74.81044	P	PPL	US		NY	105	63176		0	439	448	America/New_York	2017-05-23
5127574	Mortimer	Mortimer		43.09312	-77.64889	P	PPL	US		NY	055	34099		0	159	158	America/New_York	2017-05-23
5127576	Morton	Morton		43.32811	-77.99529	P	PPL	US		NY	073	39188		0	96	102	America/New_York	2017-05-23
5127577	Morton Corners	Morton Corners	Morton Corners,Morton's Corners	42.51117	-78.76503	P	PPL	US		NY	029	17585		0	421	422	America/New_York	2017-05-23
5127578	Morton Corners	Morton Corners	Morton Corner,Morton Corners	42.59952	-76.34382	P	PPL	US		NY	109	30972		0	412	413	America/New_York	2017-05-23
5127583	Moscow Hill	Moscow Hill		42.79368	-75.40601	P	PPL	US		NY	053	08587		0	443	448	America/New_York	2017-05-23
5127588	Morse	Morse	Morse,Morse Station	43.37007	-76.13381	P	PPL	US		NY	075	32688		0	143	144	America/New_York	2017-05-23
5127599	Mosher Corners	Mosher Corners	Mosher Corner,Mosher Corners	42.5909	-76.40132	P	PPL	US		NY	109	30972		0	430	431	America/New_York	2017-05-23
5127602	Mosherville	Mosherville		43.06174	-74.01874	P	PPL	US		NY	091	28112		0	270	271	America/New_York	2017-05-23
5127610	Moshier Falls	Moshier Falls		43.87007	-75.13935	P	PPL	US		NY	043	78927		0	442	446	America/New_York	2017-05-23
5127615	Mosquito Point	Mosquito Point		43.07951	-76.64717	P	PPL	US		NY	011	46602		0	116	121	America/New_York	2017-05-23
5127616	Mosquito Point	Mosquito Point		42.26036	-74.39876	P	PPL	US		NY	039	42202		0	386	413	America/New_York	2017-05-23
5127670	Mott Haven	Mott Haven		40.80899	-73.92291	P	PPL	US		NY	005			51450	11	13	America/New_York	2017-04-16
5127672	Motts Corner	Motts Corner		43.02729	-77.40027	P	PPL	US		NY	069	77387		0	184	184	America/New_York	2017-05-23
5127675	Mottville	Mottville	Mottsville,Mottville,Sodom	42.97368	-76.44244	P	PPL	US		NY	067	67521		0	247	253	America/New_York	2017-05-23
5127681	Mount Airy	Mount Airy		41.21787	-73.87903	P	PPL	US		NY	119	18410		0	119	128	America/New_York	2017-05-23
5127682	Mount Airy	Mount Airy		41.22704	-73.87097	P	PPL	US		NY	119	18410		0	127	146	America/New_York	2017-05-23
5127686	Mount Arab	Mount Arab		44.17423	-74.60129	P	PPL	US		NY	089	57716		0	522	519	America/New_York	2017-05-23
5127696	Mount Carmel	Mount Carmel		42.10869	-75.56407	P	PPL	US		NY	007	82535		0	486	486	America/New_York	2017-05-23
5127722	Mount Hope	Mount Hope		41.44454	-74.52183	P	PPL	US		NY	071	48857		0	251	252	America/New_York	2017-05-23
5127723	Mount Hope	Mount Hope		43.49729	-73.54706	P	PPL	US		NY	115	26715		0	229	245	America/New_York	2017-05-23
5127724	Mount Hope	Mount Hope		40.98899	-73.86791	P	PPL	US		NY	119			0	77	80	America/New_York	2006-01-15
5127741	Mount Ivy	Mount Ivy	Gurnee's Corners,Mount Ivy	41.18676	-74.03486	P	PPL	US		NY	087	32765		6878	140	144	America/New_York	2017-05-23
5127744	Mount Kisco	Mount Kisco	Maunt Kisko,Mount Kisco,Mount Kisko,New Castle Corner,mawnt kyskw,Маунт Киско,מאונט קיסקא,ماونت كيسكو	41.20426	-73.72708	P	PPL	US		NY	119	48895		11145	93	102	America/New_York	2017-05-23
5127757	Mount Marion	Mount Marion	Cockburn,Mount Marion	42.0387	-73.98653	P	PPL	US		NY	111	65299		0	53	55	America/New_York	2017-05-23
5127759	Mount Marion Park	Mount Marion Park		42.03704	-73.9968	P	PPL	US		NY	111	65299		0	63	62	America/New_York	2017-05-23
5127766	Mount Morris	Mount Morris	Allen's Hill,Mount Morris,Richmond Hill,Sanungewage,Sho-no-jo-waah-geh	42.72562	-77.87417	P	PPL	US		NY	051	48956		2899	192	191	America/New_York	2017-05-23
5127783	Mount Pleasant	Mount Pleasant		43.38701	-76.37799	P	PPL	US		NY	075	77662		0	130	131	America/New_York	2017-05-23
5127784	Mount Pleasant	Mount Pleasant		43.15396	-73.96874	P	PPL	US		NY	091	30444		0	525	529	America/New_York	2017-05-23
5127785	Mount Pleasant	Mount Pleasant		42.79758	-73.94762	P	PPL	US		NY	093	65508		0	104	104	America/New_York	2017-05-23
5127786	Mount Pleasant	Mount Pleasant		42.04842	-74.28904	P	PPL	US		NY	111	66597		0	218	223	America/New_York	2017-05-23
5127787	Mount Pleasant	Mount Pleasant	mwnt blystant,مونت بليستانت	41.09621	-73.79347	P	PPL	US		NY	119	49011		0	79	84	America/New_York	2017-05-23
5127809	Mount Prosper	Mount Prosper		41.59093	-74.53544	P	PPL	US		NY	105	44809		0	462	471	America/New_York	2017-05-23
5127810	Mount Read	Mount Read		43.25284	-77.65917	P	PPL	US		NY	055	30290		0	105	106	America/New_York	2017-05-23
5127813	Mount Riga	Mount Riga		41.99481	-73.51457	P	PPL	US		NY	027	51891		0	245	245	America/New_York	2017-05-23
5127814	Mount Ross	Mount Ross		42.00509	-73.71513	P	PPL	US		NY	027	58156		0	108	112	America/New_York	2017-05-23
5127824	Mount Sinai	Mount Sinai	Mount Sinai,Mount Vernon,Non-o-wan-tuck,Old Man's Harbor,Old Mans,Ould Mans	40.94704	-73.02955	P	PPL	US		NY	103	10000		12118	10	16	America/New_York	2017-05-23
5127830	Mount Tremper	Mount Tremper		42.04481	-74.27542	P	PPL	US		NY	111	66597		0	221	226	America/New_York	2017-05-23
5127831	Mount Upton	Mount Upton		42.42647	-75.38323	P	PPL	US		NY	017	31148		0	314	317	America/New_York	2017-05-23
5127833	Mount Vernon	Mount Vernon		42.75395	-78.89059	P	PPL	US		NY	029	31654		0	183	183	America/New_York	2017-05-23
5127834	Mount Vernon	Mount Vernon		41.64843	-74.49655	P	PPL	US		NY	105	44809		0	470	475	America/New_York	2017-05-23
5127835	Mount Vernon	Mount Vernon	Hutchinson's,Maunt Vernon,Maunt-Vernon,Mount Vernon,fu nong shan,mant wrnwn  nywywrk,maunteubeoneon,mauntobanon,mwnt fyrnwn,Маунт Вернон,Маунт-Вернон,מאונט ורנון,ماؤنٹ ورنن، نیو یارک,مانت ورنون، نیویورک,مونت فيرنون,マウントバーノン,弗農山,마운트버넌	40.9126	-73.83708	P	PPL	US		NY	119	49121		68628	33	40	America/New_York	2017-05-23
5127859	Mount Vision	Mount Vision	Jacksonville,Mount Vision	42.57841	-75.05794	P	PPL	US		NY	077	41531		0	357	358	America/New_York	2017-05-23
5127880	Mountain House	Mountain House		41.35843	-74.17459	P	PPL	US		NY	071	07003		0	302	307	America/New_York	2017-05-23
5127889	Mountain Lodge	Mountain Lodge		43.69923	-74.92628	P	PPL	US		NY	043	78927		0	562	564	America/New_York	2017-05-23
5127890	Mountain Lodge Park	Mountain Lodge Park	Mountain Lodge,Mountain Lodge Park	41.38843	-74.14181	P	PPL	US		NY	071	07003		1588	239	248	America/New_York	2017-05-23
5127902	Mountain Dale	Mountain Dale	Mountain Dale,Mountaindale	41.68954	-74.53127	P	PPL	US		NY	105	25241		0	308	310	America/New_York	2017-05-23
5127906	Mountain View	Mountain View	Mountain View,Mountainview	44.70283	-74.13849	P	PPL	US		NY	033	05716		0	457	460	America/New_York	2017-05-23
5127907	Mountain View	Mountain View		42.70425	-73.65234	P	PPL	US		NY	083	10275		0	138	136	America/New_York	2017-05-23
5127915	Mountainville	Mountainville		41.40093	-74.07848	P	PPL	US		NY	071	18300		0	91	103	America/New_York	2017-05-23
5127927	Moyers Corners	Moyers Corners		43.18035	-76.2616	P	PPL	US		NY	067	16067		0	123	122	America/New_York	2017-05-23
5127972	Mud Hill	Mud Hill		43.39035	-75.92714	P	PPL	US		NY	075	01649		0	217	217	America/New_York	2017-05-23
5128011	Mud Mills	Mud Mills		43.07506	-77.07553	P	PPL	US		NY	117	02440		0	130	134	America/New_York	2017-05-23
5128089	Mud Lock	Mud Lock		42.94645	-76.73606	P	PPL	US		NY	099	66333		0	116	118	America/New_York	2017-05-23
5128097	Mud Schoolhouse Corners	Mud Schoolhouse Corners		42.57368	-76.28882	P	PPLL	US		NY	109	30972		0	394	392	America/New_York	2017-05-23
5128098	Mud Settlement	Mud Settlement		43.28368	-76.11381	P	PPL	US		NY	075	80500		0	127	131	America/New_York	2017-05-23
5128112	Muitzes Kill	Muitzes Kill	Muitzes Kill,Muitzeskill	42.47675	-73.73095	P	PPL	US		NY	083	65541		0	77	79	America/New_York	2017-05-23
5128146	Mumford	Mumford	McKenzie's Corners,Mumford,Mumfordville,Slab City	42.99284	-77.86029	P	PPL	US		NY	055	81402		0	188	191	America/New_York	2017-05-23
5128148	Mundale	Mundale		42.25481	-75.04961	P	PPL	US		NY	025	31698		0	493	496	America/New_York	2017-05-23
5128151	Mungers Corners	Mungers Corners		43.39701	-76.2566	P	PPL	US		NY	075	56154		0	135	140	America/New_York	2017-05-23
5128153	Munns	Munns		42.98118	-75.57768	P	PPL	US		NY	053	71399		0	265	267	America/New_York	2017-05-23
5128154	Munnsville	Munnsville		42.97701	-75.58685	P	PPL	US		NY	053	71399		469	201	204	America/New_York	2017-05-23
5128156	Munsey Park	Munsey Park		40.79871	-73.67985	P	PPL	US		NY	059	53000		2715	48	55	America/New_York	2017-05-23
5128162	Munsons Corner	Munsons Corner		43.02006	-76.81301	P	PPL	US		NY	099	75902		0	134	131	America/New_York	2017-05-23
5128163	Munsons Corners	Munsons Corners		42.58229	-76.2091	P	PPL	US		NY	023	18421		2728	359	360	America/New_York	2017-05-23
5128164	Munsonville	Munsonville		43.08896	-74.23958	P	PPL	US		NY	035	46217		0	247	250	America/New_York	2017-05-23
5128171	Murdock Woods	Murdock Woods		40.96315	-73.75958	P	PPL	US		NY	119	44842		0	39	48	America/New_York	2017-05-23
5128185	Murray	Murray	Murray,Sandy Creek	43.27395	-78.04585	P	PPL	US		NY	073	49286		0	125	127	America/New_York	2017-05-23
5128194	Murray Hill	Murray Hill		40.99899	-73.78735	P	PPL	US		NY	119	65442		0	63	67	America/New_York	2017-05-23
5128195	Murray Hill	Murray Hill		40.74816	-73.97875	P	PPLX	US		NY	061			0	20	35	America/New_York	2007-02-14
5128200	Murrays Corner	Murrays Corner		42.99867	-78.47752	P	PPL	US		NY	029	50716		0	249	250	America/New_York	2017-05-23
5128236	Mycenae	Mycenae		43.04896	-75.93047	P	PPL	US		NY	067	45029		0	161	161	America/New_York	2017-05-23
5128237	Myers	Myers	Myers,Ploughs	42.53952	-76.53939	P	PPL	US		NY	109	41234		0	148	151	America/New_York	2017-05-23
5128238	Myers Corner	Myers Corner	Myers Corner,Myers Corners	41.6062	-73.87291	P	PPL	US		NY	027	78157		6790	66	66	America/New_York	2017-05-23
5128241	Muttontown	Muttontown		40.82399	-73.54763	P	PPL	US		NY	059	56000		3670	87	97	America/New_York	2017-05-23
5128249	Myers Grove	Myers Grove		41.44648	-74.60155	P	PPL	US		NY	071	19961		0	147	151	America/New_York	2017-05-23
5128264	Nanticoke	Nanticoke	Lamb's Corners,Nanticoke,Nanticoke Springs	42.2748	-76.05409	P	PPL	US		NY	007	49396		0	332	333	America/New_York	2017-05-23
5128266	Nanuet	Nanuet	Clarkstown,Clarkstown Station,Nanuet,Нанует	41.08871	-74.01347	P	PPL	US		NY	087	15968		17882	91	100	America/New_York	2017-05-23
5128267	Napanoch	Napanoch	Napanoch,Napanock,Napenagh	41.74398	-74.37154	P	PPL	US		NY	111	78828		1174	95	104	America/New_York	2017-05-23
5128269	Napeague	Napeague		41.00955	-72.06813	P	PPL	US		NY	103	22194		200	2	3	America/New_York	2017-05-23
5128276	Naples	Naples	Naples,Neapol',Nundawao,Watkinstown,Неаполь	42.61535	-77.40249	P	PPL	US		NY	069	49440		1019	245	246	America/New_York	2017-05-23
5128279	Napoli	Napoli		42.19978	-78.89198	P	PPL	US		NY	009	49462		0	528	532	America/New_York	2017-05-23
5128307	Narrowsburg	Narrowsburg	Big Eddy,Homan's Eddy,Narrowsburg,Narrowsburgh	41.6087	-75.06184	P	PPL	US		NY	105	75759		431	202	220	America/New_York	2017-05-23
5128310	Nashville	Nashville		42.45812	-79.07615	P	PPL	US		NY	013	32050		0	398	400	America/New_York	2017-05-23
5128311	Nashville	Nashville		43.07728	-78.86587	P	PPL	US		NY	063	81380		0	175	175	America/New_York	2017-05-23
5128313	Nassau	Nassau	Nassau,Union Village	42.51591	-73.61012	P	PPL	US		NY	083	49517		1124	123	123	America/New_York	2017-05-23
5128318	Nassau Farms	Nassau Farms		41.01732	-72.45259	P	PPL	US		NY	103	69463		0	5	13	America/New_York	2017-05-23
5128324	Nassau Shores	Nassau Shores		40.66205	-73.44012	P	PPL	US		NY	059	56000		0	3	5	America/New_York	2017-05-23
5128341	Natural Bridge	Natural Bridge		44.06896	-75.49381	P	PPL	US		NY	045	82348		365	249	250	America/New_York	2017-05-23
5128345	Natural Dam	Natural Dam	Morris Mills,Morris's Mills,Natural Dam	44.33728	-75.50299	P	PPL	US		NY	089	29608		0	134	133	America/New_York	2017-05-23
5128349	Nauraushaun	Nauraushaun		41.05704	-73.99236	P	PPL	US		NY	087	55211		0	34	38	America/New_York	2017-05-23
5128351	Naumburg	Naumburg	Naumberg,Naumburg,Naumburgh,Prussian Settlement	43.90118	-75.49408	P	PPL	US		NY	049	19081		0	226	226	America/New_York	2017-05-23
5128355	Navarino	Navarino	Hall's Corners,Navarino,Ta-te-so-weh-nea-ha-qua	42.92757	-76.27382	P	PPL	US		NY	067	54958		0	351	352	America/New_York	2017-05-23
5128368	Nedrow	Nedrow		42.97507	-76.14131	P	PPL	US		NY	067	54958		2244	144	147	America/New_York	2017-05-23
5128375	Neelytown	Neelytown		41.4837	-74.24376	P	PPL	US		NY	071	31907		0	111	110	America/New_York	2017-05-23
5128414	Nelliston	Nelliston	Fort Clyde,Neliston,Nelliston,nlystwn,Нелистон,نليستون	42.93479	-74.61348	P	PPL	US		NY	057	56099		575	112	113	America/New_York	2017-05-23
5128415	Nelson	Nelson	Nelson,Nelson Flats,Skunk Hollow	42.91729	-75.77685	P	PPL	US		NY	053	49770		0	438	439	America/New_York	2017-05-23
5128417	Nehasane	Nehasane		44.00423	-74.77657	P	PPL	US		NY	041	43412		0	543	553	America/New_York	2017-05-23
5128418	Nelson Corner	Nelson Corner		44.37228	-75.69384	P	PPL	US		NY	089	63858		0	99	99	America/New_York	2017-05-23
5128419	Nelson Corners	Nelson Corners		41.41259	-73.91264	P	PPL	US		NY	079	57584		0	127	138	America/New_York	2017-05-23
5128425	Nelsonville	Nelsonville	Nelsonvil,nlswnfyl,Нелсонвил,نلسونفيل	41.42454	-73.94653	P	PPL	US		NY	079	57584		625	57	63	America/New_York	2017-05-23
5128427	Nepera Park	Nepera Park		40.97593	-73.86708	P	PPL	US		NY	119	84000		0	37	47	America/New_York	2017-05-23
5128428	Neponsit	Neponsit		40.57177	-73.86152	P	PPL	US		NY	081			1355	2	5	America/New_York	2017-04-16
5128429	Nepperhan	Nepperhan	Nepperham,Nepperhan	40.95565	-73.86652	P	PPL	US		NY	119	84000		0	53	55	America/New_York	2017-05-23
5128433	Nesconset	Nesconset		40.85204	-73.154	P	PPL	US		NY	103	68000		13387	36	41	America/New_York	2017-05-23
5128437	Netherwood	Netherwood		41.79787	-73.81847	P	PPL	US		NY	027	58695		0	100	102	America/New_York	2017-05-23
5128450	Neversink	Neversink	Neversink,Neversink Flats	41.84731	-74.61905	P	PPL	US		NY	105	49847		0	498	505	America/New_York	2017-05-23
5128459	Nevis	Nevis		42.06065	-73.84291	P	PPL	US		NY	021	16177		0	66	69	America/New_York	2017-05-23
5128460	New Albion	New Albion	Horth's Corners,New Albion	42.28951	-78.88948	P	PPL	US		NY	009	49880		0	432	437	America/New_York	2017-05-23
5128463	New Baltimore	New Baltimore		42.44619	-73.78846	P	PPL	US		NY	039	49935		0	25	27	America/New_York	2017-05-23
5128465	New Berlin	New Berlin	Novyj Berlin,Новый Берлин	42.62424	-75.33156	P	PPL	US		NY	017	49957		974	339	340	America/New_York	2017-05-23
5128467	New Boston	New Boston		42.67285	-75.93186	P	PPL	US		NY	023	19499		0	442	444	America/New_York	2017-05-23
5128468	New Boston	New Boston		43.80007	-75.74575	P	PPL	US		NY	049	57925		0	466	464	America/New_York	2017-05-23
5128470	New Bremen	New Bremen	Dayansville,New Bremen	43.83785	-75.44018	P	PPL	US		NY	049	50001		0	235	233	America/New_York	2017-05-23
5128474	New Britain (historical)	New Britain (historical)		42.45481	-73.48983	P	PPLQ	US		NY	021	50452		0	295	295	America/New_York	2017-05-23
5128476	New Campbellwood Wye	New Campbellwood Wye		43.61535	-75.71713	P	PPL	US		NY	049	55497		0	547	548	America/New_York	2017-05-23
5128478	New Cassel	New Cassel		40.75899	-73.56957	P	PPL	US		NY	059	53000		14059	37	38	America/New_York	2017-05-23
5128481	New City	New City	Clarkstown,New City,New Hempstead,Nju Siti,nyw syty,Њу Сити,نيو سيتي,ニュー・シティ	41.1476	-73.98931	P	PPLA2	US		NY	087	15968		33559	48	53	America/New_York	2017-05-23
5128483	New City Park	New City Park		41.13343	-74.00208	P	PPL	US		NY	087	15968		0	74	81	America/New_York	2017-05-23
5128484	New Concord	New Concord		42.39536	-73.5265	P	PPL	US		NY	021	14014		0	254	258	America/New_York	2017-05-23
5128485	New Connecticut	New Connecticut		42.27313	-76.14798	P	PPL	US		NY	107	49913		0	325	323	America/New_York	2017-05-23
5128490	New Dorp	New Dorp	New Dorp,Newdorp,Niew Dorp	40.57399	-74.11598	P	PPL	US		NY	085			7253	13	13	America/New_York	2017-04-16
5128492	New Dorp Beach	New Dorp Beach		40.56538	-74.10292	P	PPL	US		NY	085			6201	3	4	America/New_York	2017-04-16
5128494	New Ebenezer	New Ebenezer		42.85673	-78.74142	P	PPL	US		NY	029	80918		0	196	196	America/New_York	2017-05-23
5128496	New Forge	New Forge		42.1062	-73.67457	P	PPL	US		NY	021	73077		0	152	159	America/New_York	2017-05-23
5128497	New Hackensack	New Hackensack		41.62287	-73.87069	P	PPL	US		NY	027	78157		0	53	60	America/New_York	2017-05-23
5128499	New Hamburg	New Hamburg	New Hamburg,New Hamburgh,Wappingers Creek	41.58843	-73.94514	P	PPL	US		NY	027	59652		0	21	25	America/New_York	2017-05-23
5128500	New Hampstead	New Hampstead	Hempstead,Kakiat,Keckyate,Kukiat,New Hampstead,West Hampstead	41.1501	-74.03625	P	PPL	US		NY	087	60510		0	175	182	America/New_York	2017-05-23
5128501	New Hampton	New Hampton	New Hampton,Phillipse	41.41093	-74.4071	P	PPL	US		NY	071	78839		0	164	169	America/New_York	2017-05-23
5128503	New Hartford	New Hartford	Chegaquatka,New Hartford	43.0734	-75.28767	P	PPL	US		NY	065	50309		1844	165	163	America/New_York	2017-05-23
5128505	New Haven	New Haven	Gay Head,New Haven,West Mexico	43.47979	-76.31521	P	PPL	US		NY	075	50342		0	129	132	America/New_York	2017-05-23
5128510	New Hope	New Hope		42.79812	-76.34715	P	PPL	US		NY	011	51198		0	464	466	America/New_York	2017-05-23
5128513	New Hurley	New Hurley		41.63815	-74.14376	P	PPL	US		NY	111	58552		0	140	137	America/New_York	2017-05-23
5128514	New Hyde Park	New Hyde Park	New Hyde Park,Nju Khajd Park,Plainville,nyw hayd bark,Њу Хајд Парк,نيو هايد بارك,نیو ہائڈ پارک، نیو یارک	40.7351	-73.68791	P	PPL	US		NY	059	53000		9811	32	32	America/New_York	2017-05-23
5128515	New Ireland	New Ireland		42.17869	-75.95409	P	PPL	US		NY	007	44611		0	366	368	America/New_York	2017-05-23
5128518	New Kingston	New Kingston		42.2137	-74.6821	P	PPL	US		NY	025	47031		0	514	515	America/New_York	2017-05-23
5128522	New Brighton	New Brighton		40.64233	-74.09292	P	PPL	US		NY	085			3421	25	23	America/New_York	2017-04-16
5128523	New Lebanon Center	New Lebanon Center	New Lebanon Center,New Lebanon Centre	42.47064	-73.42205	P	PPL	US		NY	021	50452		0	209	211	America/New_York	2017-05-23
5128527	New Lisbon	New Lisbon		42.58785	-75.18405	P	PPL	US		NY	077	50485		0	380	382	America/New_York	2017-05-23
5128529	New London	New London		43.20535	-75.58768	P	PPL	US		NY	065	77178		0	131	130	America/New_York	2017-05-23
5128532	New Milford	New Milford	Jockey Hollow,New Milford	41.23454	-74.41377	P	PPL	US		NY	071	78366		0	142	143	America/New_York	2017-05-23
5128536	New Ohio	New Ohio		42.2223	-75.71269	P	PPL	US		NY	007	17046		0	490	491	America/New_York	2017-05-23
5128538	New Oregon	New Oregon		42.58839	-78.7917	P	PPL	US		NY	029	51803		0	327	330	America/New_York	2017-05-23
5128539	New Paltz	New Paltz	New Paltz,Newpaltz,Nouveau Palatinat	41.74759	-74.08681	P	PPL	US		NY	111	50562		7070	73	76	America/New_York	2017-05-23
5128545	New Lebanon	New Lebanon	New Lebanon,Tildens,nyw lbnan,نيو لبنان	42.46397	-73.3965	P	PPL	US		NY	021	50452		0	212	215	America/New_York	2017-05-23
5128549	New Rochelle	New Rochelle	N'ju-Roshel',N'ju-Roshell,New Rochelle,Nju Roshel,Njuroshel,Nouvelle-Rochelle,Nueva Rochelle,nyulosyel,nyurosheru,nyw rashl  nywywrk,nyw rwchyl  nywyark,nyw rwsl,nyw rwtshyl,xin luo xie er,Њу Рошел,Нью-Рошелл,Нью-Рошель,Нюрошел,ניו רושל,نيو روتشيل,نیو راشل، نیویورک,نیو روچیل، نیویارک,ニューロシェル,新羅謝爾,뉴로셸	40.91149	-73.78235	P	PPL	US		NY	119	50617		79846	26	37	America/New_York	2017-05-23
5128559	New Russia	New Russia		44.16338	-73.61152	P	PPL	US		NY	031	23833		0	191	197	America/New_York	2017-05-23
5128560	New Salem	New Salem	New Salem,Punkinton,Punkintown	42.62286	-73.96846	P	PPL	US		NY	001	50672		0	128	132	America/New_York	2017-05-23
5128561	New Salem	New Salem		41.89537	-74.01597	P	PPL	US		NY	111	24691		0	18	21	America/New_York	2017-05-23
5128562	New Scotland	New Scotland	nyw skwtland,نيو سكوتلاند	42.62869	-73.91346	P	PPL	US		NY	001	50672		0	86	87	America/New_York	2017-05-23
5128564	New Scriba	New Scriba		43.60646	-75.93075	P	PPL	US		NY	075	55453		0	368	370	America/New_York	2017-05-23
5128566	New Springville	New Springville	Carle's Neck,New Springville,Springville	40.59344	-74.1632	P	PPL	US		NY	085			20756	8	9	America/New_York	2017-04-16
5128568	New Square	New Square	Nju Skver,nyw skwyr,nyw skwyyr  nyw yark,nyw sqwwr,Њу Сквер,ניו סקוור,שיכון סקווירא,نيو سكوير,نیو سکوئیر، نیو یارک	41.13956	-74.02942	P	PPL	US		NY	087	60510		8057	150	152	America/New_York	2017-05-23
5128569	New Suffolk	New Suffolk		40.99149	-72.47592	P	PPL	US		NY	103	69463		349	8	12	America/New_York	2017-05-23
5128571	New Utrecht	New Utrecht	New Utrecht,New Utreght,Nieuw Utrecht	40.61316	-73.99597	P	PPL	US		NY	047			0	11	13	America/New_York	2006-01-15
5128573	New Vernon	New Vernon		41.50176	-74.48433	P	PPL	US		NY	071	48857		0	199	203	America/New_York	2017-05-23
5128577	New Windsor	New Windsor	New Windsor,New Windsor Center,Nju Vinsor,nyw wyndswr,Њу Винсор,نيو ويندسور	41.47676	-74.02375	P	PPL	US		NY	071	50848		8922	49	54	America/New_York	2017-05-23
5128580	New Woodstock	New Woodstock		42.8484	-75.85436	P	PPL	US		NY	053	13156		0	398	400	America/New_York	2017-05-23
5128581	New York City	New York City	Aebura,Bandar Raya New York,Big Apple,Cathair Nua Eabhraic,City of New York,Eabhraig Nuadh,Efrog Newydd,Evrek Nowydh,Ga-no-no,Kanon:no,Kanono,Kanón:no,Kota New York,Lungsod ng New York,N'ju-Jork,NY,NYC,Nea Yorke,Nei Yarrick Schtadt,Neu Amsterdam,Neu Jorck,New Amsterdam,New Orange,New Yorc,New York,New York City,New York Stad,New York borg,New York kenti,New York-borg,New Yorke,New Yorku,Niujorkas,Nju Jork,Njujork,Nouvelle Yorck,Nouvieau York,Nov-Jorko,Nova Amsterda,Nova Iorque,Nova York,Nova-York,Novjorko,Novum Eboracum,Nowy Jork,Nua-Eabhrac,Nueva York,Nujorka,Nyja Jorvik,Nyu York Shehiri,Nòva York,Nýja Jórvík,Thanh pho New York,The Big Apple,Thành phố New York,York Berri,manhattan,n'yuyorka,ni'u iyarka siti,niu yue,niu yue shi,niyuyark nakaram,nkhr niwyxrk,nyuyog,nyuyog si,nyuyoku,nyw ywrq,nywywrk,Ņujorka,Νέα Υόρκη,Њу Јорк,Њујорк,Нью-Ёрк,Нью-Йорк,Ню Йорк,ניו יארק,ניו יורק,ניו־יאָרק,نيويورك,نیویارک شہر,نیویورک,न्यूयॉर्क,নিউ ইয়র্ক সিটি,நியூயார்க் நகரம்,นครนิวยอร์ก,ნიუ-იორკი,ニューヨーク,マンハッタン,紐約市,纽约,뉴욕,뉴욕 시	40.71427	-74.00597	P	PPL	US		NY				8175133	10	57	America/New_York	2015-02-02
5128616	New York Mills	New York Mills	New York Mills,New York Upper Mills	43.10535	-75.29128	P	PPL	US		NY	065	81754		3308	142	145	America/New_York	2017-05-23
5128639	Newark	Newark	Arcadia,East Newark,Lockville,Miller's Basin,N'juark,Newark,Newark - Arcadia,Njuark,nywark,nywark  nyw yark,Њуарк,Ньюарк,نيوارك,نیوآرک، نیو یارک	43.04673	-77.09525	P	PPL	US		NY	117	02440		8843	135	136	America/New_York	2017-05-23
5128644	Newark Valley	Newark Valley	Newark Valley,Westville	42.22369	-76.18326	P	PPL	US		NY	107	49913		957	295	297	America/New_York	2017-05-23
5128647	Newbridge	Newbridge	New Bridge,Newbridge	44.28645	-74.97547	P	PPL	US		NY	089	15792		0	372	375	America/New_York	2017-05-23
5128653	Newburg	Newburg	Newburg,Newburgh	42.69312	-78.11973	P	PPL	US		NY	121	27980		0	364	358	America/New_York	2017-05-23
5128654	Newburgh	Newburgh	N'juberg,N'juburg,Njuburg,SWF,nyubagu,nyubeogeu,nywbwrg  nywywrk,nywbwrgh,Њубург,Ньюберг,Ньюбург,Нюбург,Нюбърг,نيوبورغ,نیوبورگ، نیویورک,ニューバーグ,뉴버그	41.50343	-74.01042	P	PPL	US		NY	071	50034		28290	39	46	America/New_York	2017-05-23
5128656	Newburgh Junction	Newburgh Junction		41.29704	-74.13876	P	PPL	US		NY	071	82755		0	158	161	America/New_York	2017-05-23
5128659	Newcomb	Newcomb	Newcomb,Pendleton,nywkwmb,نيوكومب	43.96975	-74.16621	P	PPL	US		NY	031	50144		422	474	474	America/New_York	2017-05-23
5128670	Newfane	Newfane	Charlotte,Charlottesville,New Fane,Newfane,Njufejn,nywfan,Њуфејн,نيوفان	43.28672	-78.71031	P	PPL	US		NY	063	50232		3822	105	104	America/New_York	2017-05-23
5128673	Newfield	Newfield	Cayuta,Florence,Newfield	42.36202	-76.59078	P	PPL	US		NY	109	50254		0	320	324	America/New_York	2017-05-23
5128680	Newkirk	Newkirk	Newkirk,Newkirks Mills	43.11313	-74.50931	P	PPL	US		NY	035	12573		0	438	434	America/New_York	2017-05-23
5128682	Newmans Corner	Newmans Corner		42.19035	-75.88103	P	PPL	US		NY	007	15110		0	276	275	America/New_York	2017-05-23
5128683	Newport	Newport	N'juport,Ньюпорт	43.1859	-75.01432	P	PPL	US		NY	043	50584		620	202	202	America/New_York	2017-05-23
5128684	Newport	Newport		43.2084	-77.53667	P	PPL	US		NY	055	37726		0	87	84	America/New_York	2017-05-23
5128685	Newport	Newport		43.07868	-76.32854	P	PPL	US		NY	067	11913		0	128	127	America/New_York	2017-05-23
5128686	Newport	Newport		41.27593	-74.46932	P	PPL	US		NY	071	78366		0	129	134	America/New_York	2017-05-23
5128688	Newieden	Newieden		41.58787	-74.98933	P	PPL	US		NY	105	75759		0	289	308	America/New_York	2017-05-23
5128692	Newrys	Newrys		42.43786	-73.98985	P	PPL	US		NY	039	30620		0	254	254	America/New_York	2017-05-23
5128698	Newton Falls	Newton Falls	Newton Falls,Newtonfalls	44.21062	-74.98908	P	PPL	US		NY	089	16287		0	456	455	America/New_York	2017-05-23
5128701	Newton Hook	Newton Hook	Coxsackie,Coxsackie Station,Nauten Hook,Newton Hook,Nutten Hook,Nuttenhook	42.35453	-73.78262	P	PPL	US		NY	021	71850		0	5	10	America/New_York	2017-05-23
5128705	Newtonville	Newtonville	Newton's Corners,Newtonville	42.72452	-73.75845	P	PPL	US		NY	001	17343		0	112	115	America/New_York	2017-05-23
5128706	Newtown	Newtown		42.53895	-78.95698	P	PPL	US		NY	029			0	260	264	America/New_York	2006-01-15
5128707	Newtown	Newtown		42.87147	-73.72429	P	PPL	US		NY	091	31489		0	95	100	America/New_York	2017-05-23
5128708	Newtown	Newtown		40.87954	-72.50314	P	PPL	US		NY	103	68473		0	4	8	America/New_York	2017-05-23
5128715	Newville	Newville		42.97646	-74.82571	P	PPL	US		NY	043	19686		0	164	170	America/New_York	2017-05-23
5128723	Niagara Falls	Niagara Falls	IAG,Manchester,Najagara Fols,Niagara Falls,Niagara-Folls,Niagara-Fols,Niagaro Folz,Ohnia:kara,Ohnià:kara,naiagalapolseu,naiagaraforuzu,ni ya jia la pu bu cheng,nyagara falz  nywywrk,nyagra falz  nyw yark,nyajara fwlz,Најагара Фолс,Ниагара-Фолс,Ниагаро Фолз,Ніагара-Фоллс,نياجارا فولز,نیاگارا فالز، نیویورک,نیاگرا فالز، نیو یارک,ナイアガラフォールズ,尼亞加拉瀑布城,나이아가라폴스	43.0945	-79.05671	P	PPL	US		NY	063	51055		48916	187	187	America/New_York	2017-05-23
5128746	Nichols	Nichols		42.00924	-77.26526	P	PPL	US		NY	101	75737		0	442	442	America/New_York	2017-05-23
5128747	Nichols	Nichols	Nichols,Rushville	42.02174	-76.36688	P	PPL	US		NY	107	51121		485	241	240	America/New_York	2017-05-23
5128753	Nichols Corners	Nichols Corners		42.94534	-76.22548	P	PPL	US		NY	067	54958		0	180	184	America/New_York	2017-05-23
5128761	Nichols Run	Nichols Run		42.0034	-78.52058	P	PPL	US		NY	009	01297		0	703	712	America/New_York	2017-05-23
5128769	Nicholsville	Nicholsville		43.27312	-75.96381	P	PPL	US		NY	075	17904		0	151	170	America/New_York	2017-05-23
5128770	Nicholville	Nicholville	Nicholville,Sodom	44.69728	-74.65935	P	PPL	US		NY	089	41564		0	241	242	America/New_York	2017-05-23
5128783	Niets Crest	Niets Crest		42.11811	-79.38922	P	PPL	US		NY	013	52155		0	410	412	America/New_York	2017-05-23
5128787	Nile	Nile	Nile,South Branch	42.17812	-78.14557	P	PPL	US		NY	003	27705		0	484	488	America/New_York	2017-05-23
5128789	Niles	Niles	Dutch Hollow,Niles	42.83757	-76.41355	P	PPL	US		NY	011	51198		0	279	285	America/New_York	2017-05-23
5128810	Ninety Six Corners	Ninety Six Corners		43.34118	-75.09377	P	PPL	US		NY	065	61126		0	384	390	America/New_York	2017-05-23
5128812	Nineveh	Nineveh		42.19425	-75.60241	P	PPL	US		NY	007	17046		0	294	298	America/New_York	2017-05-23
5128813	Nineveh Junction	Nineveh Junction		42.20702	-75.59324	P	PPL	US		NY	017	00353		0	314	317	America/New_York	2017-05-23
5128817	Niobe	Niobe	Grant Station,Niobe	42.01256	-79.44949	P	PPL	US		NY	013	32248		0	437	440	America/New_York	2017-05-23
5128824	Niskayuna	Niskayuna	Co-nes-ta-gi-o-ne,Connestigune,Niskayuna,naynyka,ناينيكا	42.7798	-73.84568	P	PPL	US		NY	093	51264		4859	89	92	America/New_York	2017-05-23
5128827	Nissequogue	Nissequogue	Nissequogne,Nissequogue,Nissequoque,nyskwghw,نيسكوغو	40.90399	-73.19789	P	PPL	US		NY	103	68000		1760	26	36	America/New_York	2017-05-23
5128833	Niverville	Niverville	Kinderhook Station,Niverville	42.44092	-73.66095	P	PPL	US		NY	021	39573		1662	97	100	America/New_York	2017-05-23
5128839	Noble Corner	Noble Corner		43.08618	-76.8094	P	PPL	US		NY	117	65343		0	132	133	America/New_York	2017-05-23
5128843	Noble Shores	Noble Shores		43.54507	-75.87825	P	PPL	US		NY	075	60873		0	287	295	America/New_York	2017-05-23
5128844	Nobleboro	Nobleboro	Nobleboro,Noblesboro	43.3959	-74.86182	P	PPL	US		NY	043	54507		0	436	438	America/New_York	2017-05-23
5128862	Norfolk	Norfolk	Ka-na-ta-se-ke,Kanatase:ke,Kanatasè:ke,Norfolk,Норфолк	44.80089	-74.99103	P	PPL	US		NY	089	51330		1327	79	78	America/New_York	2017-05-23
5128869	Normansville	Normansville	Normansville,Upper Hollow	42.63425	-73.79762	P	PPL	US		NY	001	01000		0	36	38	America/New_York	2017-05-23
5128872	Norrie Heights	Norrie Heights		41.83926	-73.92514	P	PPL	US		NY	027	37209		0	37	39	America/New_York	2017-05-23
5128878	Norten	Norten		42.52424	-76.52633	P	PPL	US		NY	109	41234		0	119	119	America/New_York	2017-05-23
5128879	North Adams	North Adams		43.88617	-76.02937	P	PPL	US		NY	045	00210		0	119	118	America/New_York	2017-05-23
5128881	North Afton	North Afton		42.26786	-75.54324	P	PPL	US		NY	017	00353		0	339	340	America/New_York	2017-05-23
5128882	North Alexander	North Alexander		42.9295	-78.24168	P	PPL	US		NY	037	01165		0	287	289	America/New_York	2017-05-23
5128883	North Amboy	North Amboy		43.40368	-75.8863	P	PPL	US		NY	075	01649		0	193	195	America/New_York	2017-05-23
5128884	North Amityville	North Amityville		40.6976	-73.42512	P	PPL	US		NY	103	04000		17862	10	12	America/New_York	2017-05-23
5128885	North Argyle	North Argyle	North Argyle,Stevenson's Corner	43.26702	-73.46622	P	PPL	US		NY	115	02561		0	98	102	America/New_York	2017-05-23
5128886	North Babylon	North Babylon		40.71649	-73.32179	P	PPL	US		NY	103	04000		17509	7	11	America/New_York	2017-05-23
5128887	North Bailey	North Bailey		42.99061	-78.80448	P	PPL	US		NY	029	02000		0	181	179	America/New_York	2017-05-23
5128888	North Bangor	North Bangor		44.84199	-74.40101	P	PPL	US		NY	033	04319		0	203	202	America/New_York	2017-05-23
5128889	North Barton	North Barton		42.11896	-76.4905	P	PPL	US		NY	107	04671		0	484	484	America/New_York	2017-05-23
5128897	North Bay	North Bay		43.23007	-75.74824	P	PPL	US		NY	065	77486		0	145	143	America/New_York	2017-05-23
5128898	North Bay Shore	North Bay Shore		40.73621	-73.26262	P	PPL	US		NY	103	38000		18944	11	13	America/New_York	2017-05-23
5128903	North Belle Isle	North Belle Isle		43.08368	-76.25187	P	PPL	US		NY	067	11913		0	123	124	America/New_York	2017-05-23
5128904	North Bellmore	North Bellmore		40.69149	-73.53346	P	PPL	US		NY	059	34000		19941	14	16	America/New_York	2017-05-23
5128905	North Bellport	North Bellport		40.77427	-72.94288	P	PPL	US		NY	103	10000		11545	14	16	America/New_York	2017-05-23
5128907	North Bergen	North Bergen		43.12367	-78.01335	P	PPL	US		NY	037	06057		0	189	193	America/New_York	2017-05-23
5128908	North Bethlehem	North Bethlehem		42.67008	-73.84596	P	PPL	US		NY	001	31104		0	71	71	America/New_York	2017-05-23
5128910	North Blenheim	North Blenheim	North Blenheim,Patchin Hollow	42.47091	-74.44542	P	PPL	US		NY	095	06893		0	241	240	America/New_York	2017-05-23
5128911	North Bloomfield	North Bloomfield		42.9409	-77.57694	P	PPL	US		NY	069	79356		0	213	216	America/New_York	2017-05-23
5128912	North Bolton	North Bolton		43.60173	-73.65429	P	PPL	US		NY	113	07234		0	206	215	America/New_York	2017-05-23
5128914	North Boston	North Boston		42.68562	-78.7767	P	PPL	US		NY	029	07454		2521	251	252	America/New_York	2017-05-23
5128915	North Boylston	North Boylston		43.68368	-76.00548	P	PPL	US		NY	075	07674		0	300	306	America/New_York	2017-05-23
5128918	North Branch	North Branch		41.80675	-74.99155	P	PPL	US		NY	105	11759		0	316	320	America/New_York	2017-05-23
5128920	North Beach	North Beach		40.76593	-73.87597	P	PPL	US		NY	081			0	15	17	America/New_York	2006-01-15
5128964	North Broadalbin	North Broadalbin	Benedict's Corners,North Broadalbin	43.10702	-74.16235	P	PPL	US		NY	035	08433		0	237	241	America/New_York	2017-05-23
5128966	North Bridgewater	North Bridgewater		42.92424	-75.24683	P	PPL	US		NY	065	08180		0	383	377	America/New_York	2017-05-23
5128969	North Brookfield	North Brookfield		42.85035	-75.39073	P	PPL	US		NY	053	08587		0	396	408	America/New_York	2017-05-23
5128971	North Burke	North Burke		44.98671	-74.17435	P	PPL	US		NY	033	11165		0	112	110	America/New_York	2017-05-23
5128972	North Bush	North Bush	North Bush,Northbush	43.08479	-74.49236	P	PPL	US		NY	035	12573		0	351	350	America/New_York	2017-05-23
5128974	North Cambridge	North Cambridge		43.0248	-73.44984	P	PPL	US		NY	115	11836		0	243	246	America/New_York	2017-05-23
5128975	North Cameron	North Cameron		42.25368	-77.3647	P	PPL	US		NY	101	11880		0	494	497	America/New_York	2017-05-23
5128977	North Cazenovia	North Cazenovia		42.99201	-75.87019	P	PPL	US		NY	053	13156		0	393	397	America/New_York	2017-05-23
5128982	North Chatham	North Chatham		42.47203	-73.63178	P	PPL	US		NY	021	14014		0	107	109	America/New_York	2017-05-23
5128983	North Chemung	North Chemung	Hammonds Corners,North Chemung	42.10007	-76.6919	P	PPL	US		NY	015	04132		0	312	318	America/New_York	2017-05-23
5128984	North Chili	North Chili		43.11978	-77.80556	P	PPL	US		NY	055	15462		0	178	177	America/New_York	2017-05-23
5128985	North Chittenango	North Chittenango		43.08118	-75.87269	P	PPL	US		NY	053	71993		0	126	127	America/New_York	2017-05-23
5128988	North Church Corner	North Church Corner		43.50535	-76.23187	P	PPL	US		NY	075	46822		0	88	90	America/New_York	2017-05-23
5128990	North Clove	North Clove		41.70037	-73.66652	P	PPL	US		NY	027	76166		0	168	168	America/New_York	2017-05-23
5128991	North Clymer	North Clymer		42.07506	-79.57255	P	PPL	US		NY	013	16595		0	482	486	America/New_York	2017-05-23
5128992	North Cohocton	North Cohocton	Biven's Corners,North Cohocton	42.56118	-77.46471	P	PPL	US		NY	101	16738		0	416	418	America/New_York	2017-05-23
5128995	North Colesville	North Colesville		42.24119	-75.72158	P	PPL	US		NY	007	17046		0	420	424	America/New_York	2017-05-23
5128996	North Collins	North Collins	Kerr's Corners,North Collins,Rose's Corner	42.59534	-78.94115	P	PPL	US		NY	029	51803		1225	252	253	America/New_York	2017-05-23
5128998	North Columbia	North Columbia		42.97785	-75.07155	P	PPL	US		NY	043	17431		0	375	370	America/New_York	2017-05-23
5129000	North Constantia	North Constantia		43.34257	-75.99686	P	PPL	US		NY	075	17904		0	166	166	America/New_York	2017-05-23
5129014	North Creek	North Creek	North Creek,Northcreek	43.69784	-73.98597	P	PPL	US		NY	113	38715		616	314	311	America/New_York	2017-05-23
5129017	North Croghan Crossing	North Croghan Crossing		44.03479	-75.49686	P	PPL	US		NY	049	19081		0	276	279	America/New_York	2017-05-23
5129018	North Cuba	North Cuba	Cadyville,North Cuba,Seymour	42.24146	-78.27335	P	PPL	US		NY	003	19367		0	457	459	America/New_York	2017-05-23
5129021	North Dock	North Dock		41.39759	-73.95569	P	PPL	US		NY	071	34550		0	0	6	America/New_York	2017-05-23
5129024	North East Junction	North East Junction		42.02006	-79.43894	P	PPL	US		NY	013	32248		0	438	444	America/New_York	2017-05-23
5129027	North Easton	North Easton	Easton Corners,North Easton	43.01008	-73.55012	P	PPL	US		NY	115	22656		0	119	121	America/New_York	2017-05-23
5129028	North Edmeston	North Edmeston		42.75674	-75.23711	P	PPL	US		NY	077	23613		0	449	448	America/New_York	2017-05-23
5129029	North Elba	North Elba	North Elba,Plains of Abraham,nwrth alba,نورث إلبا	44.24338	-73.95431	P	PPL	US		NY	031	51935		8474	599	604	America/New_York	2017-05-23
5129034	North Evans	North Evans		42.697	-78.94142	P	PPL	US		NY	029	24801		0	214	216	America/New_York	2017-05-23
5129036	North Fair Haven	North Fair Haven		43.33284	-76.69967	P	PPLL	US		NY	011	71146		0	80	77	America/New_York	2017-05-23
5129037	North Fenton	North Fenton	Ketchum's Corners,North Fenton	42.24258	-75.79464	P	PPL	US		NY	007	25604		0	296	297	America/New_York	2017-05-23
5129038	North Forest Acres	North Forest Acres		43.00506	-78.74559	P	PPL	US		NY	029	02000		0	178	183	America/New_York	2017-05-23
5129041	North Croghan	North Croghan		44.0334	-75.50686	P	PPL	US		NY	045	82348		0	265	263	America/New_York	2017-05-23
5129044	North Franklin	North Franklin		42.3923	-75.08544	P	PPL	US		NY	025	27232		0	402	404	America/New_York	2017-05-23
5129046	North Frankfort	North Frankfort		43.04229	-75.05905	P	PPL	US		NY	043	65695		0	126	126	America/New_York	2017-05-23
5129047	North Gainesville	North Gainesville		42.68451	-78.13334	P	PPL	US		NY	121	27980		0	440	442	America/New_York	2017-05-23
5129048	North Galway	North Galway		43.0523	-74.05818	P	PPL	US		NY	091	28112		0	336	338	America/New_York	2017-05-23
5129050	North Gates	North Gates		43.17645	-77.70139	P	PPL	US		NY	055	28442		9512	160	163	America/New_York	2017-05-23
5129052	North Germantown	North Germantown		42.15453	-73.87735	P	PPL	US		NY	021	28772		0	53	54	America/New_York	2017-05-23
5129053	North Gouverneur	North Gouverneur		44.42117	-75.46994	P	PPL	US		NY	089	29608		0	118	118	America/New_York	2017-05-23
5129056	North Granville	North Granville		43.45035	-73.3415	P	PPL	US		NY	115	30037		0	101	105	America/New_York	2017-05-23
5129057	North Great River	North Great River		40.74732	-73.16984	P	PPL	US		NY	103	38000		4001	9	9	America/New_York	2017-05-23
5129058	North Greece	North Greece		43.25367	-77.73251	P	PPL	US		NY	055	30290		0	102	104	America/New_York	2017-05-23
5129062	North Greenfield	North Greenfield	North Greenfield,Scott's Corners	43.16424	-73.86096	P	PPL	US		NY	091	30444		0	189	189	America/New_York	2017-05-23
5129063	North Greenwich	North Greenwich		43.15869	-73.48567	P	PPL	US		NY	115	30686		0	144	146	America/New_York	2017-05-23
5129066	North Gage	North Gage	North Gage,Northgage	43.22562	-75.126	P	PPL	US		NY	065	19928		0	296	296	America/New_York	2017-05-23
5129069	North Hamlin	North Hamlin		43.33867	-77.90168	P	PPL	US		NY	055	31797		0	81	84	America/New_York	2017-05-23
5129070	North Hammond	North Hammond		44.48339	-75.7294	P	PPL	US		NY	089	31841		0	113	111	America/New_York	2017-05-23
5129071	North Hannibal	North Hannibal		43.3559	-76.5405	P	PPL	US		NY	075	32028		0	127	129	America/New_York	2017-05-23
5129075	North Harpersfield	North Harpersfield		42.47258	-74.69182	P	PPL	US		NY	025	32281		0	486	485	America/New_York	2017-05-23
5129076	North Hartland	North Hartland		43.28895	-78.60475	P	PPL	US		NY	063	32490		0	113	112	America/New_York	2017-05-23
5129077	North Haven	North Haven		41.01288	-72.31286	P	PPL	US		NY	103	68473		872	6	10	America/New_York	2017-05-23
5129079	North Hebron	North Hebron	Munro's Meadows,North Hebron	43.32313	-73.32039	P	PPL	US		NY	115	33040		0	239	242	America/New_York	2017-05-23
5129085	North Highland	North Highland		41.4612	-73.9168	P	PPL	US		NY	079	57584		0	127	130	America/New_York	2017-05-23
5129093	North Hills	North Hills		40.78093	-73.67652	P	PPL	US		NY	059	53000		5444	66	71	America/New_York	2017-05-23
5129095	North Hillsdale	North Hillsdale	Hillsdale Centre,North Hillsdale	42.23564	-73.50734	P	PPL	US		NY	021	34748		0	248	250	America/New_York	2017-05-23
5129098	North Hornell	North Hornell		42.34618	-77.66138	P	PPL	US		NY	101	35683		747	355	358	America/New_York	2017-05-23
5129101	North Hudson	North Hudson	North Hudson,Schroon River	43.95256	-73.72846	P	PPL	US		NY	031	53077		0	269	270	America/New_York	2017-05-23
5129104	North Huron	North Huron		43.26368	-76.88413	P	PPL	US		NY	117	37165		0	84	86	America/New_York	2017-05-23
5129105	North Ilion	North Ilion		43.02201	-75.02849	P	PPL	US		NY	043	34132		0	123	122	America/New_York	2017-05-23
5129108	North Java	North Java		42.68367	-78.33779	P	PPL	US		NY	121	38341		0	476	480	America/New_York	2017-05-23
5129110	North Jay	North Jay		44.39838	-73.67347	P	PPL	US		NY	031	38396		0	236	238	America/New_York	2017-05-23
5129115	North Kortright	North Kortright		42.43619	-74.73932	P	PPL	US		NY	025	40068		0	472	471	America/New_York	2017-05-23
5129119	North Landing	North Landing		43.73562	-76.18437	P	PPL	US		NY	045	24086		0	76	79	America/New_York	2017-05-23
5129120	North Lansing	North Lansing	Beardsley's Corners,North Lansing	42.61118	-76.49744	P	PPL	US		NY	109	41234		0	305	305	America/New_York	2017-05-23
5129122	North Lawrence	North Lawrence		44.80505	-74.67491	P	PPL	US		NY	089	41564		0	103	104	America/New_York	2017-05-23
5129124	North Lexington	North Lexington		42.27481	-74.38598	P	PPL	US		NY	039	42202		0	582	581	America/New_York	2017-05-23
5129125	North Lindenhurst	North Lindenhurst		40.71427	-73.38151	P	PPL	US		NY	103	04000		11652	13	16	America/New_York	2017-05-23
5129128	North Lynbrook	North Lynbrook		40.60233	-73.66457	P	PPL	US		NY	059	34000		793	0	5	America/New_York	2017-05-23
5129129	North Macedon	North Macedon		43.08229	-77.30443	P	PPL	US		NY	117	44160		0	151	148	America/New_York	2017-05-23
5129131	North Manlius	North Manlius		43.09979	-75.97714	P	PPL	US		NY	067	45029		0	120	124	America/New_York	2017-05-23
5129134	North Massapequa	North Massapequa		40.70093	-73.46207	P	PPL	US		NY	059	56000		17886	14	17	America/New_York	2017-05-23
5129136	North Hoosick	North Hoosick	McNamarasville,McNaresville,North Hoosick	42.92813	-73.34289	P	PPL	US		NY	083	35463		0	136	138	America/New_York	2017-05-23
5129141	North Merrick	North Merrick		40.69121	-73.56318	P	PPL	US		NY	059	34000		12272	14	17	America/New_York	2017-05-23
5129142	North Milton	North Milton		43.0698	-73.89429	P	PPL	US		NY	091	47537		0	153	156	America/New_York	2017-05-23
5129145	North Nassau	North Nassau		42.57925	-73.54317	P	PPL	US		NY	083	49517		0	199	198	America/New_York	2017-05-23
5129147	North New Hyde Park	North New Hyde Park	North New Hyde Park,Plattsville	40.74316	-73.69319	P	PPL	US		NY	059	53000		14899	35	36	America/New_York	2017-05-23
5129148	North Norwich	North Norwich		42.61702	-75.52685	P	PPL	US		NY	017	53297		0	316	317	America/New_York	2017-05-23
5129151	North Olean	North Olean		42.09507	-78.43196	P	PPL	US		NY	009	54716		0	433	437	America/New_York	2017-05-23
5129153	North Osceola	North Osceola		43.5709	-75.71241	P	PPL	US		NY	049	55497		0	485	489	America/New_York	2017-05-23
5129157	North Patchogue	North Patchogue		40.78704	-73.009	P	PPL	US		NY	103	10000		7246	15	17	America/New_York	2017-05-23
5129158	North Pelham	North Pelham	North Pelham,Pelhamville	40.91899	-73.80597	P	PPL	US		NY	119	57012		0	15	15	America/New_York	2017-05-23
5129159	North Pembroke	North Pembroke	Mogadore,North Pembroke	43.02117	-78.33585	P	PPL	US		NY	037	57078		0	260	257	America/New_York	2017-05-23
5129163	North Pharsalia	North Pharsalia		42.6084	-75.70158	P	PPL	US		NY	017	57507		0	475	478	America/New_York	2017-05-23
5129164	North Pitcher	North Pitcher		42.62257	-75.81964	P	PPL	US		NY	017	58288		0	354	357	America/New_York	2017-05-23
5129169	North Pole	North Pole		44.40088	-73.84903	P	PPL	US		NY	031	82315		0	522	522	America/New_York	2017-05-23
5129187	North Petersburg	North Petersburg	North Petersburg,North Petersburgh,Petersburg Corners	42.82313	-73.33233	P	PPL	US		NY	083	57441		0	150	149	America/New_York	2017-05-23
5129189	North Reading	North Reading		42.45174	-76.97274	P	PPL	US		NY	097	60763		0	402	402	America/New_York	2017-05-23
5129190	North Ridge	North Ridge		43.21256	-78.82587	P	PPL	US		NY	063	11803		0	115	115	America/New_York	2017-05-23
5129193	North Ridgeway	North Ridgeway		43.29089	-78.4653	P	PPL	US		NY	073	61742		0	104	105	America/New_York	2017-05-23
5129194	North River	North River		43.73868	-74.04875	P	PPL	US		NY	113	38715		0	327	331	America/New_York	2017-05-23
5129196	North Rose	North Rose	Lamb's Corners,North Rose	43.18562	-76.89246	P	PPL	US		NY	117	63605		636	118	118	America/New_York	2017-05-23
5129198	North Rush	North Rush	Hart's Corners,North Rush	43.0034	-77.70556	P	PPL	US		NY	055	64144		0	192	193	America/New_York	2017-05-23
5129199	North Russell	North Russell		44.50256	-75.1227	P	PPL	US		NY	089	64221		0	186	190	America/New_York	2017-05-23
5129201	North Salem	North Salem	De Lancey Town,North Salem,Upper Salem	41.33482	-73.57124	P	PPL	US		NY	119	53517		0	154	158	America/New_York	2017-05-23
5129205	North Sanford	North Sanford	North Sanford,Potter Settlement	42.1548	-75.4524	P	PPL	US		NY	007	65112		0	417	421	America/New_York	2017-05-23
5129206	North Schodack	North Schodack		42.58452	-73.59817	P	PPL	US		NY	083	65541		0	163	166	America/New_York	2017-05-23
5129209	North Scriba	North Scriba		43.48868	-76.38494	P	PPL	US		NY	075	65992		0	131	134	America/New_York	2017-05-23
5129210	North Sea	North Sea		40.93288	-72.41425	P	PPL	US		NY	103	68473		4458	5	5	America/New_York	2017-05-23
5129213	North Settlement	North Settlement		42.34036	-74.29014	P	PPL	US		NY	039	02803		0	566	564	America/New_York	2017-05-23
5129217	North Sheldon	North Sheldon		42.77006	-78.41863	P	PPL	US		NY	121	66773		0	447	447	America/New_York	2017-05-23
5129219	North Port Byron	North Port Byron		43.05257	-76.63245	P	PPL	US		NY	011	46602		0	130	128	America/New_York	2017-05-23
5129232	North Spencer	North Spencer		42.25591	-76.50744	P	PPL	US		NY	107	70178		0	318	319	America/New_York	2017-05-23
5129236	North Stephentown	North Stephentown		42.59703	-73.36955	P	PPL	US		NY	083	71102		0	339	340	America/New_York	2017-05-23
5129237	North Sterling	North Sterling		43.36979	-76.62328	P	PPL	US		NY	011	71146		0	106	106	America/New_York	2017-05-23
5129239	North Stockholm	North Stockholm	Knapp Station,Knapp's Station,Knapps Station,North Stockholm	44.7695	-74.93464	P	PPL	US		NY	089	71410		0	108	108	America/New_York	2017-05-23
5129242	North Syracuse	North Syracuse		43.13479	-76.12992	P	PPL	US		NY	067	16067		6853	128	128	America/New_York	2017-05-23
5129244	North Thurston	North Thurston		42.26757	-77.28053	P	PPL	US		NY	101	73836		0	545	542	America/New_York	2017-05-23
5129245	North Tonawanda	North Tonawanda	Kiohnawen:'en,Kiohnawén:'en,N. Tonawanda,Nort Taunovondo,Nort Tonavonda,North Tonawanda,nosutonawanda,nwrt twnawanda  nywywrk,nwrth twnawanda,Норт Тауновондо,Норт Тонавонда,نورت توناواندا، نیویورک,نورث توناواندا,ノーストナワンダ	43.03867	-78.8642	P	PPL	US		NY	063	53682		30785	175	177	America/New_York	2017-05-23
5129247	North Urbana	North Urbana		42.41285	-77.16692	P	PPL	US		NY	101	76496		0	417	419	America/New_York	2017-05-23
5129248	North Valley Stream	North Valley Stream		40.6851	-73.7018	P	PPL	US		NY	059	34000		16628	11	11	America/New_York	2017-05-23
5129250	North Victory	North Victory		43.25618	-76.64273	P	PPL	US		NY	011	71146		0	130	129	America/New_York	2017-05-23
5129254	North Wantagh	North Wantagh		40.69343	-73.50763	P	PPL	US		NY	059	34000		11960	10	12	America/New_York	2017-05-23
5129256	North Waverly	North Waverly		42.02174	-76.52355	P	PPL	US		NY	107	04671		0	257	256	America/New_York	2017-05-23
5129257	North Weedsport	North Weedsport	North Weedsport,North Weedsport Station	43.05895	-76.55911	P	PPL	US		NY	011	10297		0	121	122	America/New_York	2017-05-23
5129259	North Western	North Western		43.34229	-75.36351	P	PPL	US		NY	065	79862		0	193	198	America/New_York	2017-05-23
5129260	North White Plains	North White Plains		41.0551	-73.7668	P	PPL	US		NY	119	51693		0	68	71	America/New_York	2017-05-23
5129262	North Wilmurt	North Wilmurt		43.44979	-75.01655	P	PPL	US		NY	043	54507		0	494	497	America/New_York	2017-05-23
5129263	North Wilna	North Wilna		44.09562	-75.59687	P	PPL	US		NY	045	82348		0	212	216	America/New_York	2017-05-23
5129265	North Winfield	North Winfield		42.93201	-75.18794	P	PPL	US		NY	043	82568		0	389	382	America/New_York	2017-05-23
5129267	North Volney	North Volney		43.4134	-76.32688	P	PPL	US		NY	075	77662		0	138	138	America/New_York	2017-05-23
5129269	North Woodmere	North Woodmere		40.6501	-73.72402	P	PPL	US		NY	059	34000		0	2	3	America/New_York	2017-05-23
5129272	Northampton	Northampton	Nortkhempton,Нортхемптон	40.88871	-72.68954	P	PPL	US		NY	103	68473		570	46	47	America/New_York	2017-05-23
5129276	Northeast	Northeast	North East,Northeast,Spencers Corners	41.91676	-73.56624	P	PPL	US		NY	027	51891		0	383	381	America/New_York	2017-05-23
5129278	North Wolcott	North Wolcott		43.28423	-76.7819	P	PPL	US		NY	117	82689		0	102	103	America/New_York	2017-05-23
5129287	Northfield	Northfield		42.24703	-75.18878	P	PPL	US		NY	025	78047		0	555	561	America/New_York	2017-05-23
5129290	Northport	Northport	Cowharbor,Great Cow Harbor,Northport,Nortport,nwrthbwrt,Нортпорт,نورثبورت	40.90093	-73.34317	P	PPL	US		NY	103	37000		7390	18	24	America/New_York	2017-05-23
5129300	Northeast Center	Northeast Center		41.93176	-73.53401	P	PPL	US		NY	027	51891		0	212	214	America/New_York	2017-05-23
5129310	Northumberland	Northumberland	Nortumberlend,Нортумберленд	43.1273	-73.58817	P	PPL	US		NY	091	53737		5159	34	32	America/New_York	2017-05-23
5129313	Northville	Northville		43.22563	-74.17208	P	PPL	US		NY	035	51407		1065	246	248	America/New_York	2017-05-23
5129314	Northville	Northville	Northville,Success	40.9701	-72.61898	P	PPL	US		NY	103	61984		1340	18	26	America/New_York	2017-05-23
5129322	Northwest Corners	Northwest Corners		42.62951	-75.77353	P	PPL	US		NY	017	57507		0	450	454	America/New_York	2017-05-23
5129325	Northwest Harbor	Northwest Harbor		41.00982	-72.22119	P	PPL	US		NY	103	22194		3317	24	29	America/New_York	2017-05-23
5129326	Northwest Landing	Northwest Landing		41.0101	-72.24564	P	PPL	US		NY	103	22194		0	1	4	America/New_York	2017-05-23
5129333	Northwood	Northwood		43.34868	-75.07127	P	PPL	US		NY	043	64254		0	386	389	America/New_York	2017-05-23
5129335	Northwoods Club	Northwoods Club		43.84534	-74.1457	P	PPL	US		NY	031	47669		0	539	542	America/New_York	2017-05-23
5129342	Norton Hill	Norton Hill		42.41147	-74.0668	P	PPL	US		NY	039	30620		0	267	271	America/New_York	2017-05-23
5129347	Norton Summit	Norton Summit		42.10979	-78.01278	P	PPL	US		NY	003	65772		0	522	528	America/New_York	2017-05-23
5129350	Norway	Norway		43.2084	-74.9521	P	PPL	US		NY	043	53968		0	406	406	America/New_York	2017-05-23
5129359	Norwich	Norwich	Ganasowadi,Noridzh,Norvich,Norwich,OIC,narwych,nwrwytsh,nwrych  nywywrk,Норвич,Норидж,نارویچ,نورويتش,نوریچ، نیویورک	42.53118	-75.52351	P	PPLA2	US		NY	017	53979		6968	309	310	America/New_York	2017-05-23
5129361	Norwich Corners	Norwich Corners		43.01451	-75.21211	P	PPL	US		NY	043	42664		0	394	393	America/New_York	2017-05-23
5129364	Norwood	Norwood	North Potsdam,Norwood,Potsdam Junction,Potsdam Station,Racquetteville,Raquetteville	44.75145	-74.99436	P	PPL	US		NY	089	59575		1614	101	101	America/New_York	2017-05-23
5129372	Noseville	Noseville	Knowsville,Noseville	44.07534	-75.91549	P	PPL	US		NY	045	56209		0	126	124	America/New_York	2017-05-23
5129389	Nottingham Estates	Nottingham Estates		43.18311	-78.64253	P	PPL	US		NY	063	43093		0	189	193	America/New_York	2017-05-23
5129395	Noyack	Noyack		40.99566	-72.34119	P	PPL	US		NY	103	68473		3568	8	13	America/New_York	2017-05-23
5129400	Nubia	Nubia		42.5859	-76.28938	P	PPL	US		NY	109	30972		0	381	384	America/New_York	2017-05-23
5129408	Noxon	Noxon		41.64287	-73.81513	P	PPL	US		NY	027	40299		0	91	98	America/New_York	2017-05-23
5129410	Number Four	Number Four		43.86562	-75.18074	P	PPL	US		NY	049	78729		0	478	480	America/New_York	2017-05-23
5129425	Nunda	Nunda		42.57951	-77.9425	P	PPL	US		NY	051	54089		1328	287	289	America/New_York	2017-05-23
5129433	Nyack	Nyack	Najak,naiakku,nayak,Најак,ناياك,ナイアック	41.09065	-73.91791	P	PPL	US		NY	087	55211		7004	22	26	America/New_York	2017-05-23
5129461	Oak Beach	Oak Beach	Oak Beach,Oakbeach	40.63927	-73.28845	P	PPL	US		NY	103	04000		0	1	2	America/New_York	2017-05-23
5129479	Oak Hill	Oak Hill	Dewittburg,Dewittville,Oak Hill	42.4098	-74.15236	P	PPL	US		NY	039	21204		0	196	203	America/New_York	2017-05-23
5129487	Oak Hill	Oak Hill		42.97091	-73.404	P	PPL	US		NY	115	11836		0	226	228	America/New_York	2017-05-23
5129500	Oak Hill Landing	Oak Hill Landing		42.19425	-73.85041	P	PPL	US		NY	021	42917		0	5	20	America/New_York	2017-05-23
5129513	Oak Orchard	Oak Orchard		43.2059	-76.21243	P	PPL	US		NY	067	16067		0	112	116	America/New_York	2017-05-23
5129514	Oak Orchard	Oak Orchard		43.27422	-78.33252	P	PPL	US		NY	073	61742		0	120	124	America/New_York	2017-05-23
5129524	Oak Point	Oak Point	Oak Point,Oakpoint	44.51423	-75.75135	P	PPL	US		NY	089	31841		0	80	77	America/New_York	2017-05-23
5129530	Oak Ridge	Oak Ridge		42.79646	-74.34013	P	PPL	US		NY	057	13816		0	413	411	America/New_York	2017-05-23
5129539	Oakbrook	Oakbrook		41.11204	-74.01042	P	PPL	US		NY	087	15968		0	97	102	America/New_York	2017-05-23
5129540	Oakdale	Oakdale		42.2512	-73.78013	P	PPL	US		NY	021	35969		8107	33	38	America/New_York	2017-05-23
5129541	Oakdale	Oakdale	Oakdale,Oakdale Station,Oukdejl,Оукдејл	40.74399	-73.13872	P	PPL	US		NY	103	38000		7974	3	5	America/New_York	2017-05-23
5129542	Oakes	Oakes		41.68815	-73.94986	P	PPL	US		NY	111	42994		0	89	93	America/New_York	2017-05-23
5129544	Oakfield	Oakfield		42.97172	-78.96837	P	PPL	US		NY	029	29828		0	178	182	America/New_York	2017-05-23
5129545	Oakfield	Oakfield	Caryville,Gau-dak,Oakfield,Plain Brook,Te-car-da-na-duk	43.06589	-78.26974	P	PPL	US		NY	037	54166		1762	230	232	America/New_York	2017-05-23
5129550	Oakland	Oakland	Messenger's Hollow,Oakland	42.57784	-77.97028	P	PPL	US		NY	051	59179		0	315	317	America/New_York	2017-05-23
5129556	Oakland Gardens	Oakland Gardens		40.75399	-73.76597	P	PPL	US		NY	081			0	24	25	America/New_York	2006-01-15
5129558	Oakland Valley	Oakland Valley	Oakland,Oakland Valley	41.50704	-74.64905	P	PPL	US		NY	105	26528		0	234	230	America/New_York	2017-05-23
5129563	Oaks Corners	Oaks Corners	Oak's Corners,Oaks Corners	42.93229	-77.01247	P	PPL	US		NY	069	57529		0	150	155	America/New_York	2017-05-23
5129566	Oaksville	Oaksville		42.7248	-75.00488	P	PPL	US		NY	077	55695		0	389	393	America/New_York	2017-05-23
5129567	Oakvale	Oakvale	Oakvale,Oakvale Station	44.39811	-75.73107	P	PPL	US		NY	089	31841		0	91	91	America/New_York	2017-05-23
5129570	Oakville	Oakville		40.85899	-72.60954	P	PPL	US		NY	103	68473		0	24	22	America/New_York	2017-05-23
5129571	Oakwood	Oakwood	Oakwood,Springport	42.88951	-76.64717	P	PPL	US		NY	011	70376		0	187	190	America/New_York	2017-05-23
5129572	Oakwood	Oakwood		40.56399	-74.11598	P	PPL	US		NY	085			11148	5	6	America/New_York	2017-04-16
5129574	Oakwood Beach	Oakwood Beach		40.55261	-74.11431	P	PPL	US		NY	085			0	1	4	America/New_York	2006-01-15
5129585	Oakwood Heights Station	Oakwood Heights Station	Oakwood,Oakwood Heights Station	40.56483	-74.12709	P	PPL	US		NY	085			56	18	19	America/New_York	2017-04-16
5129588	Oatka	Oatka		42.71728	-78.0889	P	PPL	US		NY	121	78344		0	461	462	America/New_York	2017-05-23
5129592	Obernburg	Obernburg	Fremont,Obernburg,Obernburgh	41.84481	-75.00711	P	PPL	US		NY	105	27573		0	505	504	America/New_York	2017-05-23
5129596	Occanum	Occanum		42.08591	-75.69713	P	PPL	US		NY	007	82535		0	372	372	America/New_York	2017-05-23
5129598	Obi	Obi		42.08646	-78.25779	P	PPL	US		NY	003	15990		0	464	468	America/New_York	2017-05-23
5129599	Ocean Bay Park	Ocean Bay Park		40.64871	-73.14011	P	PPL	US		NY	103	10000		0	1	4	America/New_York	2017-05-23
5129600	Ocean Beach	Ocean Beach		40.64677	-73.15706	P	PPL	US		NY	103	38000		81	1	5	America/New_York	2017-05-23
5129601	Ocean Point	Ocean Point		40.6226	-73.72569	P	PPL	US		NY	059	34000		0	8	10	America/New_York	2017-05-23
5129603	Oceanside	Oceanside	Christian Hook,Ocean Side,Oceanside,Oceanville	40.63871	-73.64013	P	PPL	US		NY	059	34000		32109	3	6	America/New_York	2017-05-23
5129605	Oceola Lake	Oceola Lake		41.3387	-73.79819	P	PPL	US		NY	119	84077		0	176	188	America/New_York	2017-05-23
5129613	Odell	Odell		41.67953	-74.91739	P	PPL	US		NY	105	06310		0	389	387	America/New_York	2017-05-23
5129617	Odessa	Odessa	Odessa,Одесса	42.33674	-76.78857	P	PPL	US		NY	097	12914		573	318	323	America/New_York	2017-05-23
5129619	Ogden Center	Ogden Center		43.17228	-77.80445	P	PPL	US		NY	055	54474		0	187	189	America/New_York	2017-05-23
5129626	Ogdensburg	Ogdensburg	Maple City,O-swa-gatch,O-swe-gatch-ie,OGS,Ogdenburg Village,Ogdensberg,Ogdensburg,Ogdensburgh,Sewe:katsi,Sewé:katsi,Soegasti,Sweegassie,Swegaachey,Swegage,Swegatchie,Swegatsky,agdns bwrg  nywywrk,awghdynsbwrgh,Огденсберг,Огденсбург,Оґденсбург,أوغدينسبورغ,اگدنس بورگ، نیویورک	44.69423	-75.48634	P	PPL	US		NY	089	54485		10883	90	91	America/New_York	2017-05-23
5129633	Ohio	Ohio		43.32229	-74.97849	P	PPL	US		NY	043	54507		0	418	420	America/New_York	2017-05-23
5129639	Ohioville	Ohioville		41.74093	-74.05653	P	PPL	US		NY	111	50562		0	112	112	America/New_York	2017-05-23
5129650	Oklahoma Beach	Oklahoma Beach		43.23923	-77.51833	P	PPL	US		NY	055	78971		0	77	78	America/New_York	2017-05-23
5129654	Olcott	Olcott	Kempville,Olcott	43.33783	-78.71476	P	PPL	US		NY	063	50232		1241	83	83	America/New_York	2017-05-23
5129662	Old Bethpage	Old Bethpage		40.7626	-73.45318	P	PPL	US		NY	059	56000		5523	53	57	America/New_York	2017-05-23
5129665	Old Brookville	Old Brookville		40.83204	-73.60485	P	PPL	US		NY	059	56000		2214	29	35	America/New_York	2017-05-23
5129668	Old Campbellwood Wye	Old Campbellwood Wye	Old Campbellwood Wye,Old Campbellwood Y	43.61701	-75.66435	P	PPL	US		NY	049	55497		0	566	571	America/New_York	2017-05-23
5129670	Old Central Bridge	Old Central Bridge		42.70646	-74.33124	P	PPL	US		NY	095	65596		0	184	183	America/New_York	2017-05-23
5129673	Old Chatham	Old Chatham		42.44064	-73.56178	P	PPL	US		NY	021	14014		0	163	169	America/New_York	2017-05-23
5129675	Old City	Old City		43.16285	-74.98488	P	PPL	US		NY	043	24933		0	237	246	America/New_York	2017-05-23
5129690	Old Field	Old Field		40.95982	-73.12955	P	PPL	US		NY	103	10000		914	2	11	America/New_York	2017-05-23
5129698	Old Forge	Old Forge	Old Forge,Oldforge	43.71007	-74.97434	P	PPL	US		NY	043	78927		756	529	532	America/New_York	2017-05-23
5129714	Old Mastic	Old Mastic		40.78065	-72.82455	P	PPL	US		NY	103	10000		0	4	6	America/New_York	2017-05-23
5129726	Old Orchard Cove	Old Orchard Cove		42.8009	-77.70389	P	PPL	US		NY	051	42961		0	256	255	America/New_York	2017-05-23
5129727	Old Orchard Point	Old Orchard Point		42.79479	-77.70972	P	PPL	US		NY	051	42961		0	250	253	America/New_York	2017-05-23
5129731	Old Place	Old Place		40.63038	-74.18598	P	PPL	US		NY	085			0	3	4	America/New_York	2006-01-15
5129768	Old Town Station	Old Town Station		40.59594	-74.08709	P	PPL	US		NY	085			0	13	14	America/New_York	2006-01-15
5129770	Old Westbury	Old Westbury	Old Vestberi,Old Westbury,Westbury,awld wstbary,jiu wei si te bo li,Олд Вестбери,أولد وستباري,舊韋斯特伯里	40.78871	-73.59957	P	PPL	US		NY	059	53000		4678	50	57	America/New_York	2017-05-23
5129780	Olean	Olean	Hamilton,Hesoh,OLE,Olean,Olean Point,Olijan,Oulon,awlan  nywywrk,awlyn,Олијан,Оулон,أولين,اولان، نیویورک	42.07756	-78.42974	P	PPL	US		NY	009	54716		13870	441	443	America/New_York	2017-05-23
5129791	Olivebridge	Olivebridge	Olive,Olive Bridge,Olive City,Olivebridge,Tongore	41.92787	-74.21542	P	PPL	US		NY	111	54749		0	174	177	America/New_York	2017-05-23
5129799	Oliverea	Oliverea		42.06537	-74.46015	P	PPL	US		NY	111	66597		0	432	442	America/New_York	2017-05-23
5129808	Olmstedville	Olmstedville	Olmsteadville,Olmstedville	43.77145	-73.93124	P	PPL	US		NY	031	47669		0	360	361	America/New_York	2017-05-23
5129813	Omar	Omar	Mudge's Mills,Mullet Creek,Omar	44.26171	-75.97356	P	PPL	US		NY	045	55398		0	86	86	America/New_York	2017-05-23
5129815	Omi	Omi		42.32509	-73.68151	P	PPL	US		NY	021	28871		0	91	97	America/New_York	2017-05-23
5129817	Omro	Omro		42.78396	-76.43188	P	PPL	US		NY	011	51198		0	444	445	America/New_York	2017-05-23
5129818	Onativia	Onativia		42.88951	-76.08798	P	PPL	US		NY	067	40266		0	264	269	America/New_York	2017-05-23
5129826	Onchiota	Onchiota	Io:nhiote,Iò:nhiote,Onchiota,Pine Park	44.49422	-74.12349	P	PPL	US		NY	033	27243		0	521	525	America/New_York	2017-05-23
5129827	Oneida Castle	Oneida Castle	Ca-no-wa-rogh-are,Ga-no-a-lo-hale,Oneida Castle	43.08257	-75.63351	P	PPL	US		NY	065	77123		627	137	138	America/New_York	2017-05-23
5129831	Oneida Corners	Oneida Corners	Oneida,Oneida Corners	43.37535	-73.62873	P	PPL	US		NY	113	60356		0	115	121	America/New_York	2017-05-23
5129837	Oneida	Oneida	De-ose-la-ta-gaat,Onajda,Oneida,Ounido,awnyda,awnyda  nywywrk,Онајда,Оунидо,أونيدا,اونیدا، نیویورک	43.09257	-75.65129	P	PPL	US		NY	053	54837		11134	131	134	America/New_York	2017-05-23
5129838	Oneida Lake Beach East	Oneida Lake Beach East		43.16646	-75.76435	P	PPL	US		NY	053	41905		0	113	112	America/New_York	2017-05-23
5129839	Oneida Lake Beach West	Oneida Lake Beach West		43.15757	-75.84547	P	PPL	US		NY	053	71993		0	115	115	America/New_York	2017-05-23
5129844	Oneida Valley	Oneida Valley		43.15451	-75.7213	P	PPL	US		NY	053	41905		0	119	120	America/New_York	2017-05-23
5129852	Oneonta	Oneonta	Klipnockie,ONH,Oneonta,Onionta,Otego,Ouninto,awnynta  nywywrk,awnywnta,Онеонта,Онионта,Оунинто,أونيونتا,اونینتا، نیویورک	42.45286	-75.06377	P	PPL	US		NY	077	54881		13862	339	343	America/New_York	2017-05-23
5129860	Oniontown	Oniontown		41.72287	-73.58402	P	PPL	US		NY	027	20819		0	130	127	America/New_York	2017-05-23
5129861	Oniontown	Oniontown		43.11729	-75.82991	P	PPL	US		NY	053	71993		0	114	113	America/New_York	2017-05-23
5129863	Onondaga Castle	Onondaga Castle		42.97062	-76.14104	P	PPL	US		NY	067			0	156	158	America/New_York	2006-01-15
5129871	Onondaga Hill	Onondaga Hill	Onondaga,Onondaga Hill,Onondaga West Hill	43.00479	-76.18326	P	PPL	US		NY	067	54958		0	271	272	America/New_York	2017-05-23
5129886	Onoville	Onoville		42.027	-78.96532	P	PPL	US		NY	009			0	403	399	America/New_York	2010-09-05
5129887	Ontario	Ontario	Ontario,Ontário,awntaryw,Онтарио,أونتاريو	43.2209	-77.28304	P	PPL	US		NY	117	55013		2160	134	134	America/New_York	2017-05-23
5129888	Ontario Beach	Ontario Beach		43.26006	-77.61111	P	PPL	US		NY	055	63000		0	79	79	America/New_York	2017-05-23
5129890	Ontario Center	Ontario Center	Ontario Center,Ontario Centre	43.2259	-77.30582	P	PPL	US		NY	117	55013		0	137	136	America/New_York	2017-05-23
5129893	Ontario on the Lake	Ontario on the Lake		43.27812	-77.34832	P	PPL	US		NY	117	55013		0	83	82	America/New_York	2017-05-23
5129896	Onteo Beach	Onteo Beach		43.35645	-77.91029	P	PPL	US		NY	055	31797		0	77	81	America/New_York	2017-05-23
5129900	Onteora Park	Onteora Park	Onteora Park,Ontiora Park	42.22009	-74.13542	P	PPL	US		NY	039	36178		0	713	722	America/New_York	2017-05-23
5129903	Oot Park	Oot Park		43.06451	-76.0302	P	PPL	US		NY	067	45029		0	145	145	America/New_York	2017-05-23
5129907	Oppenheim	Oppenheim		43.07229	-74.69265	P	PPL	US		NY	035	55101		0	334	336	America/New_York	2017-05-23
5129913	Oramel	Oramel		42.36618	-78.13556	P	PPL	US		NY	003	12243		0	379	384	America/New_York	2017-05-23
5129914	Oran	Oran		42.97812	-75.93297	P	PPL	US		NY	067	59036		0	245	245	America/New_York	2017-05-23
5129919	Orange Lake	Orange Lake	New Grange,Orange Lake	41.53982	-74.0982	P	PPL	US		NY	071	50045		6982	150	152	America/New_York	2017-05-23
5129923	Orangeburg	Orangeburg	Orangburgh,Orangeburg	41.04649	-73.94958	P	PPL	US		NY	087	55211		4568	34	38	America/New_York	2017-05-23
5129924	Orangeport	Orangeport		43.19839	-78.59586	P	PPL	US		NY	063	64034		0	158	155	America/New_York	2017-05-23
5129927	Orangeville Center	Orangeville Center	Orangeville,Orangeville Center	42.75034	-78.24835	P	PPL	US		NY	121	55222		0	517	518	America/New_York	2017-05-23
5129932	Orchard Knoll	Orchard Knoll		42.15091	-76.80023	P	PPL	US		NY	015	35705		0	303	307	America/New_York	2017-05-23
5129943	Orchard Terrace	Orchard Terrace		42.19478	-79.45783	P	PPL	US		NY	013	14069		0	409	408	America/New_York	2017-05-23
5129944	Orchard Village	Orchard Village	Orchard Valley,Orchard Village	43.04284	-76.28104	P	PPL	US		NY	067	11913		0	171	177	America/New_York	2017-05-23
5129951	Orchard Park	Orchard Park	East Hamburg,Orchard Park,awrtshard bark,Орчард Парк,أورتشارد بارك	42.76756	-78.74392	P	PPL	US		NY	029	55277		3206	263	265	America/New_York	2017-05-23
5129964	Oregon	Oregon		43.25896	-74.65459	P	PPL	US		NY	035	71784		0	444	460	America/New_York	2017-05-23
5129965	Oregon	Oregon		43.55757	-74.12041	P	PPL	US		NY	113	38715		0	444	451	America/New_York	2017-05-23
5129975	Orient	Orient	Lower Neck,Orient,Oyster Ponds,Poquatuck	41.13899	-72.30342	P	PPL	US		NY	103	69463		743	4	11	America/New_York	2017-05-23
5129981	Orient Point	Orient Point		41.15232	-72.25119	P	PPL	US		NY	103	69463		0	3	8	America/New_York	2017-05-23
5129985	Orienta	Orienta		40.93732	-73.72846	P	PPL	US		NY	119	44842		0	5	9	America/New_York	2017-05-23
5129987	Oriental Park	Oriental Park		42.15561	-79.38477	P	PPL	US		NY	013	23976		0	403	407	America/New_York	2017-05-23
5129988	Oriskany	Oriskany		43.15729	-75.33267	P	PPL	US		NY	065	81754		1375	131	130	America/New_York	2017-05-23
5129992	Orlando	Orlando		42.30451	-78.71614	P	PPL	US		NY	009	45161		0	492	493	America/New_York	2017-05-23
5129993	Orleans	Orleans	Hardscrabble,Orleans	42.91868	-77.11442	P	PPL	US		NY	069	57529		0	222	230	America/New_York	2017-05-23
5129996	Orleans Four Corners	Orleans Four Corners		44.19061	-75.89994	P	PPL	US		NY	045	55398		0	125	126	America/New_York	2017-05-23
5130002	Oriskany Falls	Oriskany Falls	Cassety Hollows,Oriskany Falls	42.93924	-75.46101	P	PPL	US		NY	065	03155		703	297	296	America/New_York	2017-05-23
5130007	Orrs Mill	Orrs Mill	Orr's Mills,Orrs Mill,Orrs Mills	41.43454	-74.05764	P	PPL	US		NY	071	18300		0	85	84	America/New_York	2017-05-23
5130010	Orwell	Orwell	Orwell,Orwell Corners	43.57479	-75.99631	P	PPL	US		NY	075	55453		0	244	249	America/New_York	2017-05-23
5130024	Oscawana	Oscawana	Cortlandt on Hudson,Oscawana	41.22787	-73.91403	P	PPL	US		NY	119	18410		0	42	54	America/New_York	2017-05-23
5130030	Osceola	Osceola		43.50007	-75.72213	P	PPL	US		NY	049	55497		0	314	315	America/New_York	2017-05-23
5130033	Osgood Landing	Osgood Landing		42.57229	-76.64522	P	PPL	US		NY	099	18663		0	121	127	America/New_York	2017-05-23
5130036	Oscawana Corners	Oscawana Corners	Oscawana Corners,Oscawana Lake	41.37843	-73.85597	P	PPL	US		NY	079	60147		0	166	170	America/New_York	2017-05-23
5130042	Ossian	Ossian	Ossian,Ossian Center,Ossian Centre,Sugar Creek	42.52118	-77.77944	P	PPL	US		NY	051	55508		0	409	410	America/New_York	2017-05-23
5130045	Ossining	Ossining	Hunters Landing,Mount Pleasant,Ossining,Sing Sing	41.16287	-73.86152	P	PPL	US		NY	119	55541		25441	49	57	America/New_York	2017-05-23
5130065	Oswegatchie	Oswegatchie		44.18284	-75.0702	P	PPL	US		NY	089	25791		0	413	416	America/New_York	2017-05-23
5130068	Oswego Beach	Oswego Beach		43.45007	-76.55661	P	PPL	US		NY	075	55585		0	79	80	America/New_York	2017-05-23
5130069	Oswego Bitter	Oswego Bitter		43.06118	-76.36354	P	PPL	US		NY	067	11913		0	171	171	America/New_York	2017-05-23
5130073	Oswego Center	Oswego Center	Oswego Center,Oswego Centre	43.41451	-76.53383	P	PPL	US		NY	075	55585		0	111	112	America/New_York	2017-05-23
5130081	Oswego	Oswego	Chonaquen,Choneguen,Choueguen,Osuigo,Osvigo,Oswego,Ousvego,Sowego,awswyghw,azwygw  nywywrk,osuu~ego,Освиго,Освіґо,Осуиго,Оусвего,أوسويغو,ازویگو، نیویورک,オスウェゴ	43.45535	-76.5105	P	PPLA2	US		NY	075	55574		17787	87	95	America/New_York	2017-05-23
5130084	Otego	Otego		42.3973	-75.1735	P	PPL	US		NY	077	55629		973	326	333	America/New_York	2017-05-23
5130089	Otis	Otis		43.16478	-77.645	P	PPL	US		NY	055	63000		0	159	161	America/New_York	2017-05-23
5130090	Otis	Otis		43.25867	-77.87834	P	PPL	US		NY	055	15957		0	102	106	America/New_York	2017-05-23
5130096	Otisco	Otisco		42.86007	-76.21798	P	PPL	US		NY	067	55651		0	451	451	America/New_York	2017-05-23
5130098	Otisco Valley	Otisco Valley		42.82868	-76.23187	P	PPL	US		NY	067	55651		0	256	259	America/New_York	2017-05-23
5130102	Otisville	Otisville		41.47343	-74.53849	P	PPL	US		NY	071	48857		1046	260	266	America/New_York	2017-05-23
5130103	Otsdawa	Otsdawa		42.4848	-75.17433	P	PPL	US		NY	077	55629		0	431	435	America/New_York	2017-05-23
5130108	Otselic	Otselic		42.72257	-75.71991	P	PPL	US		NY	017	55717		0	413	415	America/New_York	2017-05-23
5130109	Otselic Center	Otselic Center	Ostelic Centre,Otselic Center	42.70118	-75.74574	P	PPL	US		NY	017	55717		0	401	402	America/New_York	2017-05-23
5130123	Otter Creek	Otter Creek		43.71868	-75.3674	P	PPL	US		NY	049	30796		0	240	239	America/New_York	2017-05-23
5130130	Otter Hook	Otter Hook		42.40425	-73.79901	P	PPL	US		NY	039	49935		0	52	51	America/New_York	2017-05-23
5130131	Otter Kill	Otter Kill		41.37787	-74.2946	P	PPL	US		NY	071	29553		0	128	133	America/New_York	2017-05-23
5130138	Otter Lake	Otter Lake		43.59118	-75.11184	P	PPL	US		NY	065	26627		0	471	475	America/New_York	2017-05-23
5130152	Otto	Otto		42.35617	-78.8317	P	PPL	US		NY	009	55783		0	384	389	America/New_York	2017-05-23
5130153	Otto Mills	Otto Mills		43.60257	-75.81936	P	PPL	US		NY	075	60873		0	387	390	America/New_York	2017-05-23
5130156	Ouaquaga	Ouaquaga	Ouaquaga,Susquehanna	42.12619	-75.64713	P	PPL	US		NY	007	17046		0	288	287	America/New_York	2017-05-23
5130251	Overlook	Overlook		43.29257	-73.94651	P	PPL	US		NY	091	19807		0	265	268	America/New_York	2017-05-23
5130258	Ovid	Ovid		42.67646	-76.82301	P	PPL	US		NY	099	55827		624	295	294	America/New_York	2017-05-23
5130262	Owasco	Owasco		42.85507	-76.46521	P	PPL	US		NY	011	55871		0	272	275	America/New_York	2017-05-23
5130265	Owasco Hill	Owasco Hill		42.72757	-76.46466	P	PPL	US		NY	011	48307		0	406	404	America/New_York	2017-05-23
5130268	Owasco Lake Station	Owasco Lake Station	Owasco Lake Station,Wyckoff Station	42.84062	-76.52633	P	PPL	US		NY	011	26231		0	222	224	America/New_York	2017-05-23
5130273	Owego	Owego	Ah-wa-ga,Owego,qryt awyghw,قرية أويغو	42.10341	-76.26215	P	PPLA2	US		NY	107	55893		3736	248	251	America/New_York	2017-05-23
5130280	Owens Mills	Owens Mills	Owen's Mills,Owens Mills	42.06869	-76.59717	P	PPL	US		NY	015	15077		0	351	348	America/New_York	2017-05-23
5130294	Owls Head	Owls Head	Owls Head,Ringville	44.73449	-74.16877	P	PPL	US		NY	033	05716		0	467	462	America/New_York	2017-05-23
5130305	Owls Nest	Owls Nest		43.18201	-77.13859	P	PPL	US		NY	117	45645		0	141	142	America/New_York	2017-05-23
5130306	Owlsville	Owlsville		42.46452	-74.41903	P	PPL	US		NY	095	28981		0	542	541	America/New_York	2017-05-23
5130315	Oxbow	Oxbow	Ox Bow,Oxbow	44.28728	-75.623	P	PPL	US		NY	045	02297		108	108	108	America/New_York	2017-05-23
5130319	Oxford	Oxford	Oksford,Oxford,Sodeahlowanake,Оксфорд	42.44202	-75.59769	P	PPL	US		NY	017	55959		1411	296	298	America/New_York	2017-05-23
5130320	Oxford	Oxford	Oxford,Oxford Depot	41.35093	-74.21598	P	PPL	US		NY	071	07003		0	158	162	America/New_York	2017-05-23
5130327	Oyster Bay	Oyster Bay		40.86565	-73.53207	P	PPL	US		NY	059	56000		6707	14	14	America/New_York	2017-05-23
5130328	Oyster Bay Cove	Oyster Bay Cove		40.87093	-73.51096	P	PPL	US		NY	059	56000		2251	18	26	America/New_York	2017-05-23
5130334	Ozone Park	Ozone Park	awzwn park  kwyynz,اوزون پارک، کوئینز	40.67677	-73.84375	P	PPL	US		NY	081			53985	10	10	America/New_York	2017-04-16
5130339	Pacama	Pacama		41.93065	-74.16709	P	PPL	US		NY	111	45458		0	143	142	America/New_York	2017-05-23
5130343	Pachin Mills	Pachin Mills		41.99537	-73.65818	P	PPL	US		NY	027	58156		0	124	126	America/New_York	2017-05-23
5130350	Packwood Corners	Packwood Corners		42.89312	-76.91913	P	PPL	US		NY	099	78564		0	140	143	America/New_York	2017-05-23
5130355	Paddy Hill	Paddy Hill		43.99978	-75.98243	P	PPL	US		NY	045	35782		0	97	96	America/New_York	2017-05-23
5130358	Padelford	Padelford	Paddlefords,Padelford,Padelfords	42.94034	-77.31776	P	PPL	US		NY	069	12155		0	218	219	America/New_York	2017-05-23
5130364	Paerdegat	Paerdegat		40.62972	-73.90667	P	PPL	US		NY	047			0	1	6	America/New_York	2016-12-07
5130370	Page Brook	Page Brook		42.25841	-75.76491	P	PPL	US		NY	017	30422		0	310	310	America/New_York	2017-05-23
5130378	Pages Corner	Pages Corner	Pages Corner,Pages Corners	43.09035	-73.90096	P	PPL	US		NY	091	30444		0	190	193	America/New_York	2017-05-23
5130383	Pail Shop Corners	Pail Shop Corners		42.72396	-74.98043	P	PPL	US		NY	077	55695		0	397	404	America/New_York	2017-05-23
5130386	Paines Corner	Paines Corner		42.83951	-78.00945	P	PPL	US		NY	121	18696		0	302	304	America/New_York	2017-05-23
5130390	Paines Hollow	Paines Hollow	Paine's Hollow,Paines Hollow,Pains Hollow	42.96146	-74.90321	P	PPL	US		NY	043	42752		0	348	346	America/New_York	2017-05-23
5130394	Painted Post	Painted Post	Painted Post,Tecarnaseteoah	42.16202	-77.09414	P	PPL	US		NY	101	24647		1997	287	291	America/New_York	2017-05-23
5130395	Palatine Bridge	Palatine Bridge		42.91091	-74.57403	P	PPL	US		NY	057	56099		757	105	106	America/New_York	2017-05-23
5130400	Palentown	Palentown		41.87898	-74.32154	P	PPL	US		NY	111	63011		0	318	329	America/New_York	2017-05-23
5130402	Palenville	Palenville		42.17453	-74.02014	P	PPL	US		NY	039	13013		1037	173	172	America/New_York	2017-05-23
5130403	Palermo	Palermo	Jennings Corners,Palermo,Palermo Center	43.36507	-76.28243	P	PPL	US		NY	075	56154		0	143	144	America/New_York	2017-05-23
5130407	Palisades	Palisades	Palisades,Rockland	41.01121	-73.91347	P	PPL	US		NY	087	55211		0	60	72	America/New_York	2017-05-23
5130415	Palmer	Palmer		43.24535	-73.81734	P	PPL	US		NY	091	18223		0	178	179	America/New_York	2017-05-23
5130440	Palmerville	Palmerville		44.41756	-75.12798	P	PPL	US		NY	089	64221		0	197	201	America/New_York	2017-05-23
5130441	Palmyra	Palmyra	Ganagweh,Ganargwa,Palmyra,balmyra,بالميرا	43.06395	-77.23332	P	PPL	US		NY	117	56198		3413	148	151	America/New_York	2017-05-23
5130444	Pamelia Center	Pamelia Center		44.04006	-75.90076	P	PPL	US		NY	045	56209		264	143	144	America/New_York	2017-05-23
5130449	Panama	Panama		42.07506	-79.4831	P	PPL	US		NY	013	32248		456	473	472	America/New_York	2017-05-23
5130480	Panther Lake	Panther Lake		43.32618	-75.90047	P	PPL	US		NY	075	17904		0	183	187	America/New_York	2017-05-23
5130489	Paper Mill Corners	Paper Mill Corners		43.15229	-74.84543	P	PPL	US		NY	043	64837		0	365	368	America/New_York	2017-05-23
5130493	Pantigo	Pantigo		40.96788	-72.1648	P	PPL	US		NY	103	22194		0	12	16	America/New_York	2017-05-23
5130495	Paradise	Paradise		41.49676	-74.64461	P	PPL	US		NY	071	19961		0	201	209	America/New_York	2017-05-23
5130497	Paradise Beach	Paradise Beach		43.35063	-73.67984	P	PPL	US		NY	113	60356		0	124	131	America/New_York	2017-05-23
5130498	Paradise Hill	Paradise Hill		42.38369	-73.88929	P	PPL	US		NY	039	49935		0	202	199	America/New_York	2017-05-23
5130499	Paradise Hill	Paradise Hill		43.1684	-75.64018	P	PPL	US		NY	065	77178		0	141	141	America/New_York	2017-05-23
5130508	Paradox	Paradox		43.89145	-73.64568	P	PPL	US		NY	031	65629		0	266	268	America/New_York	2017-05-23
5130516	Parcells Corners	Parcells Corners		42.45784	-79.09671	P	PPL	US		NY	013	32050		0	378	379	America/New_York	2017-05-23
5130519	Parc	Parc		44.66699	-73.45402	P	PPL	US		NY	019	58585		254	55	55	America/New_York	2017-05-23
5130523	Paris	Paris	Ganundoglee,Paris,Paris Hill,barys,pyrs  nyw yark,باريس,پیرس، نیو یارک	43.00063	-75.31378	P	PPL	US		NY	065	56330		0	454	457	America/New_York	2017-05-23
5130524	Paris Station	Paris Station		42.9634	-75.30878	P	PPL	US		NY	065	56330		0	432	431	America/New_York	2017-05-23
5130526	Parish	Parish	Parish,Parishville	43.40618	-76.12576	P	PPL	US		NY	075	56352		438	151	153	America/New_York	2017-05-23
5130528	Parish Center	Parish Center		43.40201	-76.06826	P	PPL	US		NY	075	56352		0	167	166	America/New_York	2017-05-23
5130532	Parishville	Parishville	Chaumont,Parishville	44.62867	-74.8138	P	PPL	US		NY	089	56374		647	272	270	America/New_York	2017-05-23
5130533	Parishville Center	Parishville Center	Parishville Center,Parishville Centre	44.62895	-74.88992	P	PPL	US		NY	089	56374		0	201	201	America/New_York	2017-05-23
5130552	Park Hill	Park Hill	Park Hill,Yonkers Ridge	40.92371	-73.89014	P	PPL	US		NY	119	84000		0	81	85	America/New_York	2017-05-23
5130561	Park Slope	Park Slope	Park Slope,Prospect Hill	40.6701	-73.98597	P	PPLX	US		NY	047			0	15	17	America/New_York	2006-08-15
5130566	Park Terrace	Park Terrace		42.0698	-75.91297	P	PPL	US		NY	007	06618		0	387	382	America/New_York	2017-05-23
5130569	Park Village	Park Village		43.02506	-78.84504	P	PPL	US		NY	063	53682		0	175	176	America/New_York	2017-05-23
5130571	Park of Edgewater	Park of Edgewater		40.8226	-73.80958	P	PPL	US		NY	005			0	5	7	America/New_York	2006-01-15
5130572	Parkchester	Parkchester		40.83899	-73.86041	P	PPL	US		NY	005			65876	16	22	America/New_York	2017-04-16
5130574	Parker	Parker		42.40285	-75.46185	P	PPL	US		NY	017	31148		0	437	453	America/New_York	2017-05-23
5130592	Parkers	Parkers		43.73229	-75.67074	P	PPL	US		NY	049	48032		0	560	560	America/New_York	2017-05-23
5130593	Parkers Corners	Parkers Corners		42.74341	-73.98485	P	PPL	US		NY	001	31104		0	95	93	America/New_York	2017-05-23
5130599	Parkis Mills	Parkis Mills		43.0398	-74.0129	P	PPL	US		NY	091	28112		0	210	211	America/New_York	2017-05-23
5130602	Parkside	Parkside		40.89677	-73.82513	P	PPL	US		NY	119	49121		0	14	16	America/New_York	2017-05-23
5130606	Parkston	Parkston		41.90453	-74.77294	P	PPL	US		NY	105	63176		0	471	475	America/New_York	2017-05-23
5130607	Parksville	Parksville		41.85537	-74.7596	P	PPL	US		NY	105	42235		0	509	516	America/New_York	2017-05-23
5130611	Parkville	Parkville	Greenfield,Parkville	40.63316	-73.97847	P	PPL	US		NY	047			0	16	20	America/New_York	2006-01-15
5130620	Parma Center	Parma Center	Parma Center,Parma Centre	43.25867	-77.79112	P	PPL	US		NY	055	56561		0	105	107	America/New_York	2017-05-23
5130621	Parma Corners	Parma Corners	Parma,Parma Corners	43.21839	-77.79195	P	PPL	US		NY	055	56561		0	132	132	America/New_York	2017-05-23
5130626	Parr Harbor	Parr Harbor		42.90368	-76.87718	P	PPL	US		NY	099	78564		0	140	140	America/New_York	2017-05-23
5130629	Parkside	Parkside		40.71066	-73.85097	P	PPL	US		NY	081			0	21	19	America/New_York	2006-01-15
5130632	Parson Farms	Parson Farms		43.03673	-76.28021	P	PPL	US		NY	067	11913		0	187	190	America/New_York	2017-05-23
5130633	Parson Mill	Parson Mill		43.44951	-75.56657	P	PPL	US		NY	049	42125		0	438	445	America/New_York	2017-05-23
5130638	Parsons Beach	Parsons Beach		40.77205	-73.75124	P	PPL	US		NY	081			0	11	17	America/New_York	2006-01-15
5130643	Partello Corners	Partello Corners		42.79757	-76.36604	P	PPL	US		NY	011	51198		0	420	423	America/New_York	2017-05-23
5130644	Partlow	Partlow		43.97423	-74.8274	P	PPL	US		NY	041	43412		0	534	542	America/New_York	2017-05-23
5130663	Pastime Park	Pastime Park		42.83951	-76.94191	P	PPL	US		NY	099	25505		0	141	149	America/New_York	2017-05-23
5130667	Pataukunk	Pataukunk		41.79176	-74.30598	P	PPL	US		NY	111	63011		0	116	117	America/New_York	2017-05-23
5130669	Patchin	Patchin	Boston Corners,Patchin	42.65784	-78.74753	P	PPL	US		NY	029	07454		0	275	278	America/New_York	2017-05-23
5130671	Patchinville	Patchinville		42.5309	-77.58888	P	PPL	US		NY	101	78861		0	424	423	America/New_York	2017-05-23
5130672	Patchogue	Patchogue	Milltown,Pachog,Patchogue,batshwghw,Пачог,باتشوغو	40.76565	-73.01511	P	PPL	US		NY	103	10000		12463	6	9	America/New_York	2017-05-23
5130676	Patchogue Highlands	Patchogue Highlands		40.7826	-73.02705	P	PPL	US		NY	103	10000		0	10	15	America/New_York	2017-05-23
5130681	Patria	Patria		42.6173	-74.4282	P	PPL	US		NY	095	27826		0	600	601	America/New_York	2017-05-23
5130688	Pattens Mills	Pattens Mills	Patten's Mills,Pattens Mills	43.38285	-73.604	P	PPL	US		NY	115	39650		0	85	91	America/New_York	2017-05-23
5130689	Patterson	Patterson	Patterson,Patterson City	41.5137	-73.60624	P	PPL	US		NY	079	56748		0	135	135	America/New_York	2017-05-23
5130691	Patent	Patent		42.6773	-75.09988	P	PPL	US		NY	077	11209		0	480	482	America/New_York	2017-05-23
5130700	Pattersonville	Pattersonville		42.89008	-74.08152	P	PPL	US		NY	093	63935		0	82	84	America/New_York	2017-05-23
5130702	Patterson Houses	Patterson Houses		40.81399	-73.92347	P	PPLX	US		NY	005			0	8	13	America/New_York	2007-02-14
5130708	Paul Smiths	Paul Smiths	Paul Smith's,Paul Smiths	44.43867	-74.25266	P	PPL	US		NY	033	08213		671	510	512	America/New_York	2017-05-23
5130711	Paul Smiths Easy Street	Paul Smiths Easy Street		44.43978	-74.2296	P	PPL	US		NY	033	08213		0	509	507	America/New_York	2017-05-23
5130716	Pavilion	Pavilion		42.87617	-78.02279	P	PPL	US		NY	037	56792		646	291	294	America/New_York	2017-05-23
5130717	Pavilion Center	Pavilion Center	Pavilion Center,Pavilion Centre,South Le Roy	42.90923	-78.02001	P	PPL	US		NY	037	56792		0	288	286	America/New_York	2017-05-23
5130719	Pawling	Pawling	Centerville,Gorsetown,Kingston,Pawling,Pawling Center,Pawling Station,Pawling Station P O	41.56204	-73.60263	P	PPL	US		NY	027	56825		2297	141	138	America/New_York	2017-05-23
5130724	Payne Beach	Payne Beach		43.33145	-77.7364	P	PPL	US		NY	055	30290		0	76	78	America/New_York	2017-05-23
5130736	Paynesville	Paynesville		42.00951	-77.84305	P	PPL	US		NY	003	82095		0	507	506	America/New_York	2017-05-23
5130738	Pea Brook	Pea Brook	Pea Brook,Peabrook	41.89453	-75.14795	P	PPL	US		NY	025	31951		0	417	418	America/New_York	2017-05-23
5130748	Peach Lake	Peach Lake		41.36759	-73.5779	P	PPL	US		NY	079	68924		1629	171	175	America/New_York	2017-05-23
5130776	Pearl Creek	Pearl Creek		42.84867	-78.04695	P	PPL	US		NY	121	18696		0	289	292	America/New_York	2017-05-23
5130778	Peakville	Peakville	Peakville,Trout Brook,Troutbrook	41.98064	-75.09683	P	PPL	US		NY	025	31951		0	317	316	America/New_York	2017-05-23
5130780	Pearl River	Pearl River	Middletown,Muddy Creek,Pearl River,Perl River,Перл Ривер,パール・リバー	41.05899	-74.02181	P	PPL	US		NY	087	55211		15876	73	78	America/New_York	2017-05-23
5130785	Peas Eddy	Peas Eddy		41.94592	-75.231	P	PPL	US		NY	025	31951		0	286	287	America/New_York	2017-05-23
5130795	Peat Corners	Peat Corners		43.3384	-76.22993	P	PPL	US		NY	075	56154		0	147	146	America/New_York	2017-05-23
5130800	Peasleeville	Peasleeville	Peasleeville,Peasleville	44.60088	-73.6732	P	PPL	US		NY	019	57375		0	219	221	America/New_York	2017-05-23
5130809	Pebble Beach	Pebble Beach		42.83229	-77.70778	P	PPL	US		NY	051	42961		0	250	253	America/New_York	2017-05-23
5130813	Peck Hill	Peck Hill		42.99979	-75.91853	P	PPL	US		NY	067	45029		0	366	371	America/New_York	2017-05-23
5130819	Pecksville	Pecksville		41.51926	-73.69569	P	PPL	US		NY	027	21996		0	246	248	America/New_York	2017-05-23
5130820	Pecktown	Pecktown		42.77313	-75.14599	P	PPL	US		NY	077	11209		0	418	420	America/New_York	2017-05-23
5130821	Peconic	Peconic	Hermitage,Peconic,Peonic	41.04788	-72.46314	P	PPL	US		NY	103	69463		683	9	13	America/New_York	2017-05-23
5130824	Pecksport	Pecksport		42.86257	-75.5674	P	PPL	US		NY	053	23305		0	349	348	America/New_York	2017-05-23
5130828	Peekamoose	Peekamoose		41.92787	-74.37932	P	PPL	US		NY	111	20247		0	464	456	America/New_York	2017-05-23
5130831	Peekskill	Peekskill	Peekskill,Peekskill Landing,Pijkskil,Pikskil,Pikskill,bykskyl,pigseukil,pykskyl  nywywrk,Пийкскил,Пикскил,Пикскилл,بيكسكيل,پیکسکیل، نیویورک,픽스킬	41.29009	-73.92042	P	PPL	US		NY	119	56979		24043	39	49	America/New_York	2017-05-23
5130850	Pekin	Pekin	Mountain Ridge,Pekin,Perkin	43.16839	-78.88504	P	PPL	US		NY	063	11803		0	189	194	America/New_York	2017-05-23
5130851	Pekin	Pekin		43.54674	-75.96464	P	PPL	US		NY	075	55453		0	234	241	America/New_York	2017-05-23
5130854	Pelham	Pelham	North Pelham,Pelham	40.90982	-73.80791	P	PPL	US		NY	119	57012		7048	22	27	America/New_York	2017-05-23
5130862	Pelham Manor	Pelham Manor		40.89538	-73.80708	P	PPL	US		NY	119	57012		5594	19	25	America/New_York	2017-05-23
5130878	Pellets Island	Pellets Island		41.38065	-74.41238	P	PPL	US		NY	071	29553		0	117	116	America/New_York	2017-05-23
5130885	Pember Corners	Pember Corners		43.35701	-76.5105	P	PPL	US		NY	075	29729		0	126	132	America/New_York	2017-05-23
5130887	Pembroke	Pembroke	O-a-geh,Pembroke,Richville	42.99756	-78.43474	P	PPL	US		NY	037	57078		0	257	259	America/New_York	2017-05-23
5130888	Pembroke Center	Pembroke Center		42.99617	-78.3653	P	PPL	US		NY	037	57078		0	269	268	America/New_York	2017-05-23
5130897	Pendleton Center	Pendleton Center	Pendleton Center,Pendleton Centre	43.107	-78.77281	P	PPL	US		NY	063	57111		0	180	183	America/New_York	2017-05-23
5130899	Penelope	Penelope		42.41368	-75.8952	P	PPL	US		NY	007	75319		0	461	454	America/New_York	2017-05-23
5130901	Penfield	Penfield	Mill Site,Penfield,bynfyld,بينفيلد	43.13034	-77.47555	P	PPL	US		NY	055	57144		0	129	129	America/New_York	2017-05-23
5130902	Penfield Center	Penfield Center		43.16729	-77.4311	P	PPL	US		NY	055	57144		0	157	158	America/New_York	2017-05-23
5130915	Penn Yan	Penn Yan	Pen Jan,bn yan,Пен Јан,بن يان	42.6609	-77.05386	P	PPLA2	US		NY	123	47504		5014	222	226	America/New_York	2017-05-23
5130924	Pendleton	Pendleton		43.087	-78.72781	P	PPL	US		NY	063	57111		0	177	177	America/New_York	2017-05-23
5130937	Peoria	Peoria		42.83367	-77.96501	P	PPL	US		NY	121	18696		0	350	349	America/New_York	2017-05-23
5130966	Perkins Corner	Perkins Corner		42.89646	-75.88047	P	PPL	US		NY	053	13156		0	386	388	America/New_York	2017-05-23
5130969	Perch River	Perch River	Moffatville,Perch River	44.07533	-76.00799	P	PPL	US		NY	045	10242		0	105	105	America/New_York	2017-05-23
5130976	Perkinsville	Perkinsville		42.53979	-77.62833	P	PPL	US		NY	101	78861		0	416	420	America/New_York	2017-05-23
5130978	Perkins Crossing	Perkins Crossing		42.67313	-75.00849	P	PPL	US		NY	077	32589		0	445	451	America/New_York	2017-05-23
5130979	Perry	Perry	Columbia,Nineveh,Perry,Shacksburg	42.71562	-78.00556	P	PPL	US		NY	121	57254		3516	418	419	America/New_York	2017-05-23
5130982	Perry City	Perry City		42.49202	-76.69467	P	PPL	US		NY	097	33073		0	311	315	America/New_York	2017-05-23
5130986	Perry Mills	Perry Mills	Perry Mills,Perry's Mills,Perrys Mills,Scheifelin's Mills	45.00032	-73.50625	P	PPL	US		NY	019	13750		0	59	55	America/New_York	2017-05-23
5130991	Perry Center	Perry Center	Perry Center,Perry Centre	42.74895	-78.00584	P	PPL	US		NY	121	57254		0	425	429	America/New_York	2017-05-23
5130998	Perrysburg	Perrysburg	Ganyestaageh,Perrysburg,Perrysburgh	42.45645	-79.00198	P	PPL	US		NY	009	57298		401	403	403	America/New_York	2017-05-23
5131000	Perryville	Perryville	Blakeslee,Perryville	43.00701	-75.79935	P	PPL	US		NY	053	25593		0	331	334	America/New_York	2017-05-23
5131003	Persia	Persia		42.38534	-78.93615	P	PPL	US		NY	009	57331		0	409	411	America/New_York	2017-05-23
5131006	Persons Corners	Persons Corners		42.77034	-78.38863	P	PPL	US		NY	121	66773		0	415	417	America/New_York	2017-05-23
5131007	Perth	Perth		43.01757	-74.19402	P	PPL	US		NY	035	57353		3646	265	268	America/New_York	2017-05-23
5131009	Peru	Peru	Peru,byrw,Перу,بيرو	44.57838	-73.5268	P	PPL	US		NY	019	57375		1591	102	99	America/New_York	2017-05-23
5131010	Peru	Peru		43.08229	-76.40799	P	PPL	US		NY	067	23800		1479	126	125	America/New_York	2017-05-23
5131012	Peruton	Peruton		42.5484	-76.35382	P	PPL	US		NY	109	20962		0	314	314	America/New_York	2017-05-23
5131013	Peruville	Peruville	Peru,Peruton,Peruville	42.55035	-76.37132	P	PPL	US		NY	109	30972		0	358	365	America/New_York	2017-05-23
5131021	Peterboro	Peterboro	Peterboro,Peterborough	42.96729	-75.68796	P	PPL	US		NY	053	67785		0	395	395	America/New_York	2017-05-23
5131024	Peters Corners	Peters Corners		42.94145	-78.51252	P	PPL	US		NY	029	01099		0	248	249	America/New_York	2017-05-23
5131025	Peters Corners	Peters Corners		43.1659	-74.40208	P	PPL	US		NY	035	06882		0	448	450	America/New_York	2017-05-23
5131034	Petersburg	Petersburg	Petersburg,Petersburgh,Rensselaer Mills,South Petersburg,South Petersburgh	42.74952	-73.34011	P	PPL	US		NY	083	57441		0	217	214	America/New_York	2017-05-23
5131035	Petersburg Junction	Petersburg Junction	Petersburg Junction,Petersburgh Junction	42.83508	-73.32539	P	PPL	US		NY	083	35463		0	145	149	America/New_York	2017-05-23
5131044	Peth	Peth	Beth,Peth	42.19451	-78.6592	P	PPL	US		NY	009	30257		0	439	441	America/New_York	2017-05-23
5131047	Petries Corners	Petries Corners	Petrie's Corners,Petries Corners	43.80424	-75.36157	P	PPL	US		NY	049	78729		0	286	288	America/New_York	2017-05-23
5131049	Petrolia	Petrolia	Petrola,Petrolia,Petrolla	42.08951	-78.01834	P	PPL	US		NY	003	65772		0	564	567	America/New_York	2017-05-23
5131055	Petty Corner	Petty Corner		42.91785	-76.50744	P	PPL	US		NY	011	55871		0	263	265	America/New_York	2017-05-23
5131069	Pharsalia	Pharsalia		42.58285	-75.78103	P	PPL	US		NY	017	57507		0	476	477	America/New_York	2017-05-23
5131073	Phelps	Phelps	Phelps,Sullivan,Vienna	42.95756	-77.05747	P	PPL	US		NY	069	57529		1945	159	162	America/New_York	2017-05-23
5131084	Phelps Junction	Phelps Junction		42.96756	-77.08636	P	PPL	US		NY	069	57529		0	174	174	America/New_York	2017-05-23
5131095	Philadelphia	Philadelphia	Filadel'fija,Philadelphia,Quaker Settlement,Филадельфия	44.1545	-75.70882	P	PPL	US		NY	045	57562		1223	148	150	America/New_York	2017-05-23
5131101	Philipse Manor	Philipse Manor		41.09565	-73.86458	P	PPL	US		NY	119	49011		0	20	27	America/New_York	2017-05-23
5131109	Phillips Creek	Phillips Creek	Philips Creek,Phillip's Creek,Phillips Creek	42.25812	-77.89361	P	PPL	US		NY	003	78201		0	567	567	America/New_York	2017-05-23
5131113	Phillips Mills	Phillips Mills		42.152	-79.3731	P	PPL	US		NY	013	23976		0	404	404	America/New_York	2017-05-23
5131119	Phillipsburg	Phillipsburg	Philipsburgh,Phillipsburg	41.43787	-74.35932	P	PPL	US		NY	071	77992		0	112	112	America/New_York	2017-05-23
5131120	Phillipsport	Phillipsport	Lockport,Phillipsport	41.63926	-74.44571	P	PPL	US		NY	105	44809		0	152	159	America/New_York	2017-05-23
5131121	Philmont	Philmont	Factory Hill,Philmont	42.24842	-73.65318	P	PPL	US		NY	021	16045		1318	124	127	America/New_York	2017-05-23
5131125	Philwold	Philwold	Merriewold,Merriwold,Philwold	41.57648	-74.66877	P	PPL	US		NY	105	26528		0	419	428	America/New_York	2017-05-23
5131133	Phoenicia	Phoenicia		42.08481	-74.31543	P	PPL	US		NY	111	66597		309	252	257	America/New_York	2017-05-23
5131135	Phoenix	Phoenix	Finiks,Kuh-na-ta-ha,Phoenix,Three River Rifts,Финикс	43.23118	-76.30076	P	PPL	US		NY	075	65618		2311	113	114	America/New_York	2017-05-23
5131136	Phoenix Mills	Phoenix Mills		42.66674	-74.94293	P	PPL	US		NY	077	46910		0	378	379	America/New_York	2017-05-23
5131152	Pickettville	Pickettville	Pickettsville,Pickettville,Picketville	44.60895	-74.82075	P	PPL	US		NY	089	56374		0	286	279	America/New_York	2017-05-23
5131242	Piercefield	Piercefield		44.23201	-74.56962	P	PPL	US		NY	089	57716		0	479	478	America/New_York	2017-05-23
5131246	Pierceville	Pierceville		42.85007	-75.63685	P	PPL	US		NY	053	23305		0	397	399	America/New_York	2017-05-23
5131248	Piermont	Piermont	Bogerttown,Piermont,Pirmont,Tapan Landing,Tappan Landing,Tappan Slote,Taulman Landing,Taulman's Landing,byrmwnt,Пирмонт,بيرمونت	41.04204	-73.91819	P	PPL	US		NY	087	55211		2573	29	46	America/New_York	2017-05-23
5131251	Pierrepont	Pierrepont	Pierpont,Pierrepont	44.54228	-75.01187	P	PPL	US		NY	089	57771		0	226	226	America/New_York	2017-05-23
5131253	Pierrepont Manor	Pierrepont Manor		43.73507	-76.05881	P	PPL	US		NY	045	24086		228	190	193	America/New_York	2017-05-23
5131259	Pierstown	Pierstown		42.77174	-74.91265	P	PPL	US		NY	077	55695		0	435	436	America/New_York	2017-05-23
5131260	Piffard	Piffard	Piffard,Piffardinia	42.8284	-77.85084	P	PPL	US		NY	051	84022		220	173	173	America/New_York	2017-05-23
5131276	Pike	Pike		42.55645	-78.15279	P	PPL	US		NY	121	57826		371	471	474	America/New_York	2017-05-23
5131284	Pikes Corner	Pikes Corner	Pike's Corners,Pikes Corner,Pikes Corners	44.27728	-75.51744	P	PPL	US		NY	089	63858		0	134	134	America/New_York	2017-05-23
5131288	Pikeville	Pikeville		42.05423	-78.04584	P	PPL	US		NY	003	01429		0	574	581	America/New_York	2017-05-23
5131289	Pilgrim Corners	Pilgrim Corners		41.46148	-74.44349	P	PPL	US		NY	071	77992		0	195	197	America/New_York	2017-05-23
5131293	Pilgrimport	Pilgrimport		43.09645	-76.96997	P	PPL	US		NY	117	43973		0	128	128	America/New_York	2017-05-23
5131296	Pillar Point	Pillar Point	Brooklyn,Pillar Point	43.97034	-76.12576	P	PPL	US		NY	045	10242		0	81	80	America/New_York	2017-05-23
5131300	Pilot Knob	Pilot Knob		43.5159	-73.62928	P	PPL	US		NY	115	26715		0	99	111	America/New_York	2017-05-23
5131306	Pinckney Heights	Pinckney Heights		40.91954	-73.81986	P	PPL	US		NY	119	49121		0	36	47	America/New_York	2017-05-23
5131308	Pindars Corners	Pindars Corners		42.43869	-74.96377	P	PPL	US		NY	025	19763		0	395	397	America/New_York	2017-05-23
5131309	Pine	Pine		43.25868	-75.63879	P	PPL	US		NY	065	77486		0	144	144	America/New_York	2017-05-23
5131311	Pine Aire	Pine Aire	Pine Aire,Pineaire	40.77065	-73.27401	P	PPL	US		NY	103	38000		0	27	31	America/New_York	2017-05-23
5131320	Pine Brook	Pine Brook		40.92454	-73.78458	P	PPL	US		NY	119	50617		0	13	15	America/New_York	2017-05-23
5131321	Pine Bush	Pine Bush	Crawford,Pine Bush,Pinebush	41.60815	-74.29904	P	PPL	US		NY	071	18916		1780	118	121	America/New_York	2017-05-23
5131322	Pine Bush	Pine Bush	Pine Bush,Pinebush	41.78204	-74.28987	P	PPL	US		NY	111	63011		0	112	116	America/New_York	2017-05-23
5131325	Pine City	Pine City		42.03674	-76.8694	P	PPL	US		NY	015	69617		0	305	305	America/New_York	2017-05-23
5131327	Pine Corners	Pine Corners		42.74923	-77.25665	P	PPL	US		NY	123	47020		0	249	250	America/New_York	2017-05-23
5131337	Pine Creek	Pine Creek		42.35952	-77.04219	P	PPL	US		NY	097	55156		0	457	462	America/New_York	2017-05-23
5131338	Pine Crest	Pine Crest		43.23896	-75.62268	P	PPL	US		NY	065	63418		0	136	135	America/New_York	2017-05-23
5131341	Pine Grove	Pine Grove		43.75174	-75.37685	P	PPL	US		NY	049	78729		0	235	237	America/New_York	2017-05-23
5131342	Pine Grove	Pine Grove		42.84062	-76.33438	P	PPL	US		NY	067	70057		0	264	283	America/New_York	2017-05-23
5131343	Pine Grove	Pine Grove		42.76313	-73.98679	P	PPL	US		NY	093	63935		0	97	98	America/New_York	2017-05-23
5131344	Pine Grove	Pine Grove		42.53063	-74.25819	P	PPL	US		NY	095	10154		0	555	562	America/New_York	2017-05-23
5131345	Pine Grove	Pine Grove		44.77423	-75.28521	P	PPL	US		NY	089	42631		0	98	98	America/New_York	2017-05-23
5131366	Pine Hill	Pine Hill		42.92006	-78.79337	P	PPL	US		NY	029	15011		0	201	203	America/New_York	2017-05-23
5131378	Pine Hill	Pine Hill		43.30757	-75.65213	P	PPL	US		NY	065	02253		0	219	223	America/New_York	2017-05-23
5131386	Pine Hill	Pine Hill	Pine Hill,Pinehill	42.13314	-74.48015	P	PPL	US		NY	111	66597		275	457	461	America/New_York	2017-05-23
5131399	Pine Hollow	Pine Hollow		42.66952	-76.47827	P	PPL	US		NY	011	28673		0	382	385	America/New_York	2017-05-23
5131405	Pine Island	Pine Island		41.29787	-74.45932	P	PPL	US		NY	071	78366		0	125	132	America/New_York	2017-05-23
5131434	Pine Meadows	Pine Meadows		43.5209	-75.91019	P	PPL	US		NY	075	55453		0	272	277	America/New_York	2017-05-23
5131452	Pine Neck	Pine Neck		40.84399	-72.5587	P	PPL	US		NY	103	68473		0	3	7	America/New_York	2017-05-23
5131453	Pine Neck	Pine Neck		40.99843	-72.34203	P	PPL	US		NY	103	68473		0	3	8	America/New_York	2017-05-23
5131457	Pine Plains	Pine Plains		41.97981	-73.65596	P	PPL	US		NY	027	58156		1353	143	145	America/New_York	2017-05-23
5131490	Pine Tavern	Pine Tavern		42.75367	-77.92862	P	PPL	US		NY	051	41883		0	278	278	America/New_York	2017-05-23
5131493	Pine Valley	Pine Valley		42.22535	-76.84551	P	PPL	US		NY	015	77310		813	284	289	America/New_York	2017-05-23
5131500	Pine Woods	Pine Woods		42.88701	-75.57907	P	PPL	US		NY	053	23305		0	348	349	America/New_York	2017-05-23
5131504	Pinebrook	Pinebrook		40.96288	-73.77624	P	PPL	US		NY	119	50617		0	63	69	America/New_York	2017-05-23
5131505	Pinebrook Heights	Pinebrook Heights		40.95315	-73.7768	P	PPL	US		NY	119	50617		0	45	50	America/New_York	2017-05-23
5131510	Pinehurst Resort	Pinehurst Resort		44.30366	-75.96412	P	PPL	US		NY	045	01176		0	76	75	America/New_York	2017-05-23
5131517	Pine Valley	Pine Valley		40.89593	-72.66621	P	PPL	US		NY	103	68473		0	22	21	America/New_York	2017-05-23
5131522	Pinesville	Pinesville	Pines Station,Pinesville,Pineville	42.15536	-75.1635	P	PPL	US		NY	025	78047		0	368	370	America/New_York	2017-05-23
5131524	Pineville	Pineville	Pineville,Salmon River	43.52896	-76.03909	P	PPL	US		NY	075	01055		0	165	167	America/New_York	2017-05-23
5131585	Piseco	Piseco	Pezceko,Piseco	43.4484	-74.51848	P	PPL	US		NY	041	02572		0	511	509	America/New_York	2017-05-23
5131597	Pitcairn	Pitcairn		44.18117	-75.28215	P	PPL	US		NY	089	58266		0	238	238	America/New_York	2017-05-23
5131600	Pitcher	Pitcher		42.5809	-75.86492	P	PPL	US		NY	017	58288		0	346	347	America/New_York	2017-05-23
5131601	Pitcher Hill	Pitcher Hill		43.11535	-76.14576	P	PPL	US		NY	067	64815		0	125	128	America/New_York	2017-05-23
5131604	Pitcher Springs	Pitcher Springs		42.59896	-75.82047	P	PPL	US		NY	017	58288		0	407	408	America/New_York	2017-05-23
5131612	Pittsfield	Pittsfield	Pecktown,Pittsfield	42.63869	-75.28128	P	PPL	US		NY	077	58343		0	352	354	America/New_York	2017-05-23
5131614	Pittsford	Pittsford	Pitsford,Питсфорд	43.09062	-77.515	P	PPL	US		NY	055	58365		1350	150	150	America/New_York	2017-05-23
5131618	Pittstown	Pittstown	Pittstown,Pittstown Corners	42.83508	-73.48511	P	PPL	US		NY	083	58398		0	173	177	America/New_York	2017-05-23
5131628	Plainedge	Plainedge		40.71732	-73.48374	P	PPL	US		NY	059	56000		8817	20	20	America/New_York	2017-05-23
5131630	Plainfield Center	Plainfield Center	Plainfield Center,Plainfield Centre	42.84035	-75.17433	P	PPL	US		NY	077	58420		0	532	532	America/New_York	2017-05-23
5131638	Plainview	Plainview	Manetto Hill,Plainview,Plejnvju,blynfyw,Плејнвју,بلينفيو	40.77649	-73.46735	P	PPL	US		NY	059	56000		26217	46	48	America/New_York	2017-05-23
5131641	Plainville	Plainville	Plainville,Wilson's Corners	43.15923	-76.44716	P	PPL	US		NY	067	44039		0	149	152	America/New_York	2017-05-23
5131642	Plandome	Plandome	Plandome,Planus Domus	40.80677	-73.70346	P	PPL	US		NY	059	53000		1405	22	26	America/New_York	2017-05-23
5131643	Plandome Heights	Plandome Heights		40.8026	-73.7043	P	PPL	US		NY	059	53000		1026	27	31	America/New_York	2017-05-23
5131644	Plandome Manor	Plandome Manor		40.81621	-73.69735	P	PPL	US		NY	059	53000		881	11	17	America/New_York	2017-05-23
5131651	Plants Corner	Plants Corner		42.70451	-78.41807	P	PPL	US		NY	121	66773		0	421	421	America/New_York	2017-05-23
5131652	Plantz Corners	Plantz Corners	La Plant Corners,La Plants Corners,Plantz Corners	43.66618	-75.91131	P	PPL	US		NY	075	07674		0	425	424	America/New_York	2017-05-23
5131653	Plasterville	Plasterville		42.58618	-75.52185	P	PPL	US		NY	017	53297		0	319	325	America/New_York	2017-05-23
5131657	Place Corners	Place Corners		42.36703	-73.99152	P	PPL	US		NY	039	30620		0	190	188	America/New_York	2017-05-23
5131660	Plato	Plato		42.35145	-78.67114	P	PPL	US		NY	009	22678		0	575	579	America/New_York	2017-05-23
5131666	Platte Clove	Platte Clove	Plaat Clove,Platt Clove,Platt Cove,Platte Clove	42.13453	-74.08875	P	PPL	US		NY	039	36178		0	572	572	America/New_York	2017-05-23
5131671	Plattekill	Plattekill	Plattekil,Plattekill,Platterkill,Pleasant Valley,The Valley	41.61759	-74.07598	P	PPL	US		NY	111	58552		1260	173	176	America/New_York	2017-05-23
5131678	Platten	Platten		43.31728	-78.3103	P	PPL	US		NY	073	83448		0	107	108	America/New_York	2017-05-23
5131686	Plaza Borinquen	Plaza Borinquen		40.80843	-73.92097	P	PPLX	US		NY	005			0	9	12	America/New_York	2007-02-14
5131688	Plaza De Los Angeles	Plaza De Los Angeles		40.82038	-73.91347	P	PPLX	US		NY	005			0	9	12	America/New_York	2007-02-14
5131692	Plattsburgh	Plattsburgh	Etsienhne,Etsiénhne,PBG,PLB,Platsbourg,Platsburg,Plattsburg,Plattsburgh,Sen-hah-lo-ne,Son-Halonek,blatsbwrgh,plats bwrg  nywywrk,pu la ci bao,purattsubagu,Платсбург,Платтсбург,بلاتسبورغ,پلاتس بورگ، نیویورک,プラッツバーグ,普拉茨堡	44.69949	-73.45291	P	PPLA2	US		NY	019	58574		19806	42	45	America/New_York	2017-05-23
5131696	Pleasant Brook	Pleasant Brook	Pleasant Brook,Pleasantbrook	42.71646	-74.76348	P	PPL	US		NY	077	63638		0	406	407	America/New_York	2017-05-23
5131712	Pleasant Hill	Pleasant Hill		42.20702	-75.7863	P	PPL	US		NY	007	25604		0	429	431	America/New_York	2017-05-23
5131714	Pleasant Plains	Pleasant Plains		41.84787	-73.86625	P	PPL	US		NY	027	16408		0	115	126	America/New_York	2017-05-23
5131715	Pleasant Plains	Pleasant Plains	Lemon Creek,Pleasant Plains	40.52399	-74.2157	P	PPL	US		NY	085			808	11	18	America/New_York	2017-04-16
5131717	Pleasant Point Crossing	Pleasant Point Crossing	Pleasant Point Crossing,Pleasant Point Station	43.49868	-76.33438	P	PPL	US		NY	075	50342		0	93	95	America/New_York	2017-05-23
5131718	Pleasant Ridge	Pleasant Ridge		41.64759	-73.64818	P	PPL	US		NY	027	76166		0	333	340	America/New_York	2017-05-23
5131719	Pleasant Ridge Corners	Pleasant Ridge Corners		44.65421	-73.49625	P	PPL	US		NY	019	58585		0	89	91	America/New_York	2017-05-23
5131725	Pleasant Valley	Pleasant Valley		41.74454	-73.82124	P	PPL	US		NY	027	58695		1145	57	78	America/New_York	2017-05-23
5131727	Pleasant Valley	Pleasant Valley		42.91868	-75.43295	P	PPL	US		NY	065	65134		0	360	363	America/New_York	2017-05-23
5131731	Pleasant Valley	Pleasant Valley		42.39257	-77.25748	P	PPL	US		NY	101	76496		0	244	247	America/New_York	2017-05-23
5131732	Pleasant Valley	Pleasant Valley		42.56202	-76.39744	P	PPL	US		NY	109	30972		0	391	391	America/New_York	2017-05-23
5131734	Pleasant Valley	Pleasant Valley		41.8262	-75.02544	P	PPL	US		NY	105	27573		0	446	451	America/New_York	2017-05-23
5131754	Pleasantdale	Pleasantdale	Pleasantdale,Pleasautdale	42.79647	-73.66678	P	PPL	US		NY	083	65486		0	13	14	America/New_York	2017-05-23
5131755	Pleasantside	Pleasantside		41.27759	-73.89597	P	PPL	US		NY	119	18410		0	119	125	America/New_York	2017-05-23
5131756	Pleasantville	Pleasantville		42.26089	-79.42838	P	PPL	US		NY	013	14069		0	429	433	America/New_York	2017-05-23
5131757	Pleasantville	Pleasantville	Clark's Corner,Clark's Corners,Mechanicsville,Pleasantville,Plezantvil,Plezuntvil,blysantfyl,Плезантвил,Плезънтвил,بليسانتفيل	41.13287	-73.79263	P	PPL	US		NY	119	49011		7173	89	94	America/New_York	2017-05-23
5131767	Plessis	Plessis	Flat Rock,Plessis	44.27033	-75.85439	P	PPL	US		NY	045	01176		164	123	120	America/New_York	2017-05-23
5131768	Pletchers Corners	Pletchers Corners		43.12033	-78.99727	P	PPL	US		NY	063	51033		0	183	183	America/New_York	2017-05-23
5131802	Plutarch	Plutarch		41.77815	-74.02708	P	PPL	US		NY	111	50562		0	105	113	America/New_York	2017-05-23
5131803	Plymouth	Plymouth	Frankville,Plymouth	42.61701	-75.60241	P	PPL	US		NY	017	58772		0	379	382	America/New_York	2017-05-23
5131810	Pocantico Hills	Pocantico Hills	Pocantico Hills,Tarrytown Heights	41.09454	-73.83597	P	PPL	US		NY	119	49011		0	117	126	America/New_York	2017-05-23
5131820	Podunk	Podunk		42.52424	-76.66273	P	PPL	US		NY	109	75990		0	286	293	America/New_York	2017-05-23
5131826	Poestenkill	Poestenkill		42.69036	-73.56456	P	PPL	US		NY	083	58805		1061	146	149	America/New_York	2017-05-23
5131828	Point Au Roche	Point Au Roche	Point Au Roche,Point au Rock	44.78337	-73.39124	P	PPL	US		NY	019	05485		0	50	49	America/New_York	2017-05-23
5131830	Point Breeze	Point Breeze	Point Breeze,Pointbreeze	43.37006	-78.1903	P	PPL	US		NY	073	12496		0	79	83	America/New_York	2017-05-23
5131837	Point Lookout	Point Lookout		40.59233	-73.58068	P	PPL	US		NY	059	34000		1219	1	3	America/New_York	2017-05-23
5131840	Point Peninsula	Point Peninsula	Point Peninsula,Wilcoxville	44.00589	-76.21909	P	PPL	US		NY	045	43863		0	77	78	America/New_York	2017-05-23
5131845	Point Pleasant	Point Pleasant		42.23839	-79.49449	P	PPL	US		NY	013	14069		0	400	402	America/New_York	2017-05-23
5131846	Point Rock	Point Rock	Point Rock,Pointrock	43.38063	-75.54712	P	PPL	US		NY	065	41762		0	310	308	America/New_York	2017-05-23
5131849	Point Stockholm	Point Stockholm		42.12006	-79.31755	P	PPL	US		NY	013	23976		0	400	403	America/New_York	2017-05-23
5131850	Point Vivian	Point Vivian		44.31616	-75.94995	P	PPL	US		NY	045	01176		0	82	82	America/New_York	2017-05-23
5131853	Point o'Woods	Point o'Woods	Point Wood,Point o'Woods,Point of Woods	40.65149	-73.12872	P	PPL	US		NY	103	10000		0	1	5	America/New_York	2017-05-23
5131857	Pokeville	Pokeville		42.59007	-76.13354	P	PPL	US		NY	023	18421		0	334	333	America/New_York	2017-05-23
5131860	Poland	Poland	Poland,Russia Flats	43.22562	-75.06127	P	PPL	US		NY	043	64254		500	216	220	America/New_York	2017-05-23
5131861	Poland Center	Poland Center	Poland Center,Poland Centre	42.13534	-79.12393	P	PPL	US		NY	013	58926		0	388	391	America/New_York	2017-05-23
5131877	Polkville	Polkville		42.51563	-75.50824	P	PPL	US		NY	017	53990		0	317	316	America/New_York	2017-05-23
5131878	Polkville	Polkville		43.0934	-76.03131	P	PPL	US		NY	067	45029		0	123	126	America/New_York	2017-05-23
5131894	Pomona	Pomona	Pomona,Помона	41.16704	-74.0432	P	PPL	US		NY	087	60510		3103	138	149	America/New_York	2017-05-23
5131895	Pomona Heights	Pomona Heights		41.16621	-74.06875	P	PPL	US		NY	087	60510		0	174	187	America/New_York	2017-05-23
5131896	Pompey	Pompey	Butler's Hill,De-is-wa-ga-ha,Pompey,Pompey Hill	42.89896	-76.01603	P	PPL	US		NY	067	59036		0	510	513	America/New_York	2017-05-23
5131897	Pompey Center	Pompey Center	Greens Corners,Pompey Center,Pompey Centre	42.92312	-75.95047	P	PPL	US		NY	067	59036		0	378	377	America/New_York	2017-05-23
5131903	Ponck Hockie	Ponck Hockie	Ponck Hockie,Ponckhockie,Ponk Hockie,Ponkhockie,Punthoekje	41.92481	-73.97292	P	PPL	US		NY	111	39727		0	17	20	America/New_York	2017-05-23
5131912	Pond Eddy	Pond Eddy		41.44037	-74.82322	P	PPL	US		NY	105	43786		0	170	176	America/New_York	2017-05-23
5131925	Pond Settlement	Pond Settlement		44.26034	-75.22215	P	PPL	US		NY	089	23646		0	250	249	America/New_York	2017-05-23
5131931	Ponquogue	Ponquogue		40.85649	-72.50509	P	PPL	US		NY	103	68473		0	3	6	America/New_York	2017-05-23
5131934	Pontiac	Pontiac		42.62395	-78.9692	P	PPL	US		NY	029	24801		0	217	221	America/New_York	2017-05-23
5131944	Poolsburg	Poolsburg		42.43675	-73.77123	P	PPL	US		NY	021	71850		0	12	20	America/New_York	2017-05-23
5131945	Poolville	Poolville		42.77563	-75.50657	P	PPL	US		NY	053	31720		0	339	341	America/New_York	2017-05-23
5131952	Pope	Pope		42.20923	-79.00476	P	PPL	US		NY	009	17684		0	401	405	America/New_York	2017-05-23
5131957	Pope Mills	Pope Mills	Pope Mills,Pope's Mills,Popes Mills	44.48478	-75.58078	P	PPL	US		NY	089	44391		0	85	88	America/New_York	2017-05-23
5131958	Popes Ravine	Popes Ravine		42.11841	-75.86936	P	PPL	US		NY	007	39837		0	346	351	America/New_York	2017-05-23
5131959	Poplar Beach	Poplar Beach	Poplar Beach,Poplar Shore	42.72618	-76.76106	P	PPL	US		NY	099	63440		0	124	126	America/New_York	2017-05-23
5131976	Poplar Ridge	Poplar Ridge		42.7384	-76.618	P	PPL	US		NY	011	77024		0	320	323	America/New_York	2017-05-23
5131988	Poquott	Poquott		40.95093	-73.084	P	PPL	US		NY	103	10000		947	20	24	America/New_York	2017-05-23
5131989	Porcaville	Porcaville		44.68338	-74.18655	P	PPL	US		NY	033	05716		0	398	402	America/New_York	2017-05-23
5132000	Port Ben	Port Ben	East Wawarsing,Port Ben,Port Benjamin,Wawarsing Station	41.74954	-74.34849	P	PPL	US		NY	111	78828		0	84	90	America/New_York	2017-05-23
5132001	Port Byron	Port Byron	Bucksville,Port Byron	43.03451	-76.62383	P	PPL	US		NY	011	46602		1243	124	124	America/New_York	2017-05-23
5132002	Port Chester	Port Chester	Port Chester,Portchester,Saw Log Swamp,Saw Pit,Saw Pitts,Sawpits,bwrt tshystyr,Порт Честер,بورت تشيستير,پورٹ چیسٹر، نیو یارک	41.00176	-73.66568	P	PPL	US		NY	119	64320		29620	13	18	America/New_York	2017-05-23
5132004	Port Crane	Port Crane		42.16424	-75.83353	P	PPL	US		NY	007	25604		0	271	272	America/New_York	2017-05-23
5132005	Port Dickinson	Port Dickinson	Carmansville,Port Dickinson	42.13341	-75.89631	P	PPL	US		NY	007	20588		1594	263	263	America/New_York	2017-05-23
5132006	Port Douglass	Port Douglass	Douglas,Douglass,Port Douglas,Port Douglass	44.48588	-73.41791	P	PPL	US		NY	031	15330		0	42	42	America/New_York	2017-05-23
5132008	Port Ewen	Port Ewen		41.90537	-73.97625	P	PPL	US		NY	111	24691		3546	56	58	America/New_York	2017-05-23
5132010	Port Gibson	Port Gibson		43.03451	-77.15748	P	PPL	US		NY	069	44864		453	145	146	America/New_York	2017-05-23
5132011	Port Henry	Port Henry	Port Khenri,bwrt hnry,Порт Хенри,بورت هنري	44.04839	-73.45985	P	PPL	US		NY	031	48428		1148	74	76	America/New_York	2017-05-23
5132012	Port Ivory	Port Ivory		40.64094	-74.18014	P	PPL	US		NY	085			0	5	8	America/New_York	2006-01-15
5132013	Port Jefferson	Port Jefferson	Drowned Meadow,Drowned Meadows,Port DZeferson,Port Jefferson,So-was-sett,Sowassett,bwrt jfrswn,jie fei xun gang,Порт Џеферсон,بورت جفرسون,杰斐遜港	40.94649	-73.06927	P	PPL	US		NY	103	10000		7842	1	2	America/New_York	2017-05-23
5132015	Port Jefferson Station	Port Jefferson Station	Echo,Port Jefferson,Port Jefferson Station	40.92538	-73.04733	P	PPL	US		NY	103	10000		7838	54	54	America/New_York	2017-05-23
5132016	Port Jervis	Port Jervis	Carpenter's Point,Mahackamack,Mahackemeck,Port DZervis,Port Jervis,bwrt jyrfys,pwrt jrwys  nywywrk,Порт Џервис,Порт Ҷервис,פארט דזשערוויס,بورت جيرفيس,پورت جرویس، نیویورک	41.37509	-74.69266	P	PPL	US		NY	071	59388		8609	136	134	America/New_York	2017-05-23
5132020	Port Kent	Port Kent		44.5281	-73.40708	P	PPL	US		NY	031	15330		0	47	36	America/New_York	2017-05-23
5132022	Port Leyden	Port Leyden	Kelsey's Mills,Port Leyden	43.58312	-75.34518	P	PPL	US		NY	049	42213		668	272	272	America/New_York	2017-05-23
5132023	Port Morris	Port Morris		40.80149	-73.90958	P	PPL	US		NY	005			1978	5	3	America/New_York	2017-04-16
5132025	Port Ontario	Port Ontario		43.56674	-76.18798	P	PPL	US		NY	075	61533		0	86	82	America/New_York	2017-05-23
5132026	Port Orange	Port Orange		41.48676	-74.57516	P	PPL	US		NY	071	19961		0	163	167	America/New_York	2017-05-23
5132028	Port Richmond	Port Richmond		40.63316	-74.13653	P	PPL	US		NY	085			15470	13	15	America/New_York	2017-04-16
5132029	Port Washington	Port Washington	Cow Bay,Port Voshington,Port Washington,Sinsinck,pwrt washyngtwn  nywywrk,Порт Вошингтон,پورت واشینگتون، نیویورک	40.82566	-73.69819	P	PPL	US		NY	059	53000		15846	30	33	America/New_York	2017-05-23
5132030	Port Washington North	Port Washington North		40.84482	-73.7018	P	PPL	US		NY	059	53000		3207	8	9	America/New_York	2017-05-23
5132037	Portageville	Portageville	Portage,Portageville,Schuyler	42.56979	-78.04001	P	PPL	US		NY	121	28596		0	340	343	America/New_York	2017-05-23
5132039	Porter	Porter		43.29369	-73.27761	P	PPL	US		NY	115	33040		0	176	175	America/New_York	2017-05-23
5132043	Porter Center	Porter Center		43.2495	-78.95754	P	PPL	US		NY	063	59267		0	93	94	America/New_York	2017-05-23
5132044	Porter Corner	Porter Corner		42.54757	-77.03469	P	PPL	US		NY	123	04594		0	447	452	America/New_York	2017-05-23
5132045	Porter Corners	Porter Corners	Porter Corners,Porter's Corners,Porters Corners	43.14841	-73.88651	P	PPL	US		NY	091	30444		0	202	204	America/New_York	2017-05-23
5132057	Porterville	Porterville	Bartoo's Mills,Porterville,Willis Mills	42.79034	-78.55363	P	PPL	US		NY	029	45601		0	284	288	America/New_York	2017-05-23
5132058	Portland	Portland	Centerville,Chatacouit,Portland,Portlend,Портленд	42.37978	-79.46755	P	PPL	US		NY	013	59421		4694	232	236	America/New_York	2017-05-23
5132059	Portland	Portland		42.52285	-76.52411	P	PPL	US		NY	109	41234		0	121	126	America/New_York	2017-05-23
5132062	Portlandville	Portlandville	Mumfordsville,Portlandville	42.53036	-74.9671	P	PPL	US		NY	077	47240		0	351	356	America/New_York	2017-05-23
5132065	Portville	Portville		42.03868	-78.34085	P	PPL	US		NY	009	59509		978	436	436	America/New_York	2017-05-23
5132073	Post Creek	Post Creek		42.23507	-76.95996	P	PPL	US		NY	015	12947		0	359	365	America/New_York	2017-05-23
5132103	Potsdam	Potsdam	Potsdam,Potsdam  New York,Te-wa-ten-e-ta-ren-ies,Tsi Tewate'nehtararenie's,Tsi Tewate'nehtararénie's,pwtsdam,qryt bwtsdam,قرية بوتسدام,پوتسدام	44.66978	-74.98131	P	PPL	US		NY	089	59575		9688	132	132	America/New_York	2017-05-23
5132107	Potter	Potter	Potter,Potter Center	42.70423	-77.20664	P	PPL	US		NY	123	59597		0	273	277	America/New_York	2017-05-23
5132118	Potter Hill	Potter Hill	Potter Hill,Potter's Hill,Potterhill	42.84536	-73.39428	P	PPL	US		NY	083	35463		0	273	276	America/New_York	2017-05-23
5132121	Potter Hollow	Potter Hollow	Potter Hollow,Potter's Hollow	42.42508	-74.2232	P	PPL	US		NY	001	61181		0	262	265	America/New_York	2017-05-23
5132137	Pottersville	Pottersville		43.73118	-73.8193	P	PPL	US		NY	113	15319		424	258	270	America/New_York	2017-05-23
5132138	Potterville	Potterville		41.83204	-74.37737	P	PPL	US		NY	111	63011		0	333	340	America/New_York	2017-05-23
5132143	Poughkeepsie	Poughkeepsie	POU,Pochkeepsie,Pokipsi,Poughkeepsie,Pougkipsi,Poukipzi,Pukipsij,bkbsy,bo qi pu xi,pokibsi,pokipushi,pwgkypsy  nywywrk,Покипси,Поугкипси,Поукипзи,Поукіпзі,Пъкипсий,بكبسي,پوگکیپسی، نیویورک,ポキプシー,波啟浦夕,포킵시	41.70037	-73.92097	P	PPLA2	US		NY	027	59641		30371	62	61	America/New_York	2017-05-23
5132148	Poughquag	Poughquag		41.60898	-73.6818	P	PPL	US		NY	027	05452		0	133	132	America/New_York	2017-05-23
5132152	Pound Ridge	Pound Ridge	Pound Ridge,Poundridge	41.20871	-73.57485	P	PPL	US		NY	119	59685		5104	189	191	America/New_York	2017-05-23
5132178	Powers Corner	Powers Corner		42.85951	-76.66439	P	PPL	US		NY	011	70376		0	178	179	America/New_York	2017-05-23
5132179	Powley Place	Powley Place		43.31201	-74.65293	P	PPL	US		NY	041	02572		0	510	510	America/New_York	2017-05-23
5132194	Pratt Corners	Pratt Corners		42.68757	-76.16882	P	PPL	US		NY	023	35287		0	354	354	America/New_York	2017-05-23
5132198	Prattham	Prattham		43.45618	-76.17993	P	PPL	US		NY	075	46822		0	121	122	America/New_York	2017-05-23
5132199	Pratts	Pratts		42.92146	-75.59018	P	PPL	US		NY	053	23305		0	338	343	America/New_York	2017-05-23
5132204	Pratts Hollow	Pratts Hollow	Pratt's Hollow,Pratts Hollow	42.92285	-75.60268	P	PPL	US		NY	053	23305		0	306	308	America/New_York	2017-05-23
5132205	Prattsburgh	Prattsburgh	Prattsburg,Prattsburgh	42.52396	-77.28887	P	PPL	US		NY	101	59718		656	446	451	America/New_York	2017-05-23
5132207	Prattsville	Prattsville		42.31481	-74.43293	P	PPL	US		NY	039	59751		355	354	354	America/New_York	2017-05-23
5132211	Pre-emption	Pre-emption		42.87784	-77.01636	P	PPL	US		NY	069	28651		0	196	199	America/New_York	2017-05-23
5132212	Preble	Preble	Preble,Preble Corners	42.73535	-76.14826	P	PPL	US		NY	023	59773		0	373	374	America/New_York	2017-05-23
5132230	Preston	Preston	Preston,Preston Corners	42.53396	-75.62324	P	PPL	US		NY	017	59817		0	448	449	America/New_York	2017-05-23
5132231	Preston Center	Preston Center		42.50785	-75.59796	P	PPL	US		NY	017	59817		0	470	467	America/New_York	2017-05-23
5132236	Preston Hollow	Preston Hollow	Monclova,Preston Hollow	42.44452	-74.20792	P	PPL	US		NY	001	61181		0	258	263	America/New_York	2017-05-23
5132243	Price Home	Price Home		42.10952	-76.21326	P	PPL	US		NY	107	55893		0	317	321	America/New_York	2017-05-23
5132255	Prendergast Point	Prendergast Point		42.19228	-79.44838	P	PPL	US		NY	013	14069		0	400	409	America/New_York	2017-05-23
5132259	Princes Bay	Princes Bay	Prince Bay,Prince's Bay,Princes Bay,Princess Bay,Princess Bay Station	40.52899	-74.19764	P	PPL	US		NY	085			0	17	21	America/New_York	2006-01-15
5132261	Princetown	Princetown		42.77896	-74.06457	P	PPL	US		NY	093	59861		0	128	140	America/New_York	2017-05-23
5132277	Progress	Progress		43.04313	-74.29708	P	PPL	US		NY	035	46217		0	287	290	America/New_York	2017-05-23
5132279	Prospect	Prospect		43.30424	-75.15211	P	PPL	US		NY	065	75280		291	361	361	America/New_York	2017-05-23
5132284	Prospect Heights	Prospect Heights		42.6173	-73.73956	P	PPL	US		NY	083	22117		0	54	55	America/New_York	2017-05-23
5132295	Prospect Hill	Prospect Hill		41.4587	-74.63849	P	PPL	US		NY	071	19961		0	322	325	America/New_York	2017-05-23
5132334	Prussian Settlement	Prussian Settlement		43.45257	-75.5074	P	PPL	US		NY	049	42125		0	491	494	America/New_York	2017-05-23
5133071	Puckerville	Puckerville		42.78673	-75.87547	P	PPL	US		NY	053	20401		0	398	398	America/New_York	2017-05-23
5133073	Pudding Hollow	Pudding Hollow		43.79729	-74.01153	P	PPL	US		NY	031	47669		0	533	541	America/New_York	2017-05-23
5133080	Protection	Protection	Protection,Protection Harbor	42.60867	-78.49419	P	PPL	US		NY	029	35122		0	416	420	America/New_York	2017-05-23
5133084	Pulaski	Pulaski	Pulaski,Richland	43.56701	-76.1277	P	PPL	US		NY	075	61533		2310	113	112	America/New_York	2017-05-23
5133098	Pulteney	Pulteney	Harmonyville,Pulteney	42.52507	-77.1672	P	PPL	US		NY	101	59982		0	321	325	America/New_York	2017-05-23
5133101	Pultneyville	Pultneyville		43.27979	-77.18609	P	PPL	US		NY	117	82040		698	83	82	America/New_York	2017-05-23
5133103	Pulvers	Pulvers		42.28036	-73.64818	P	PPL	US		NY	021	28871		0	88	91	America/New_York	2017-05-23
5133104	Pulvers Corners	Pulvers Corners	Pulvers Corner,Pulvers Corners	41.97676	-73.58457	P	PPL	US		NY	027	58156		0	245	243	America/New_York	2017-05-23
5133109	Pumpkin Hill	Pumpkin Hill		43.097	-78.06613	P	PPL	US		NY	037	11572		0	196	193	America/New_York	2017-05-23
5133115	Pumpkin Hollow	Pumpkin Hollow		42.12815	-73.61929	P	PPL	US		NY	021	73077		0	177	180	America/New_York	2017-05-23
5133117	Pumpkin Hollow	Pumpkin Hollow		43.3509	-74.2618	P	PPL	US		NY	041	79059		0	278	292	America/New_York	2017-05-23
5133118	Pumpkin Hook	Pumpkin Hook		43.01813	-73.29705	P	PPL	US		NY	115	81578		0	304	312	America/New_York	2017-05-23
5133130	Punkshire Corners	Punkshire Corners	Punkshers Corners,Punkshire Corners	42.6009	-78.44696	P	PPL	US		NY	121	02418		0	478	482	America/New_York	2017-05-23
5133135	Purchase	Purchase	Harrison's Purchase,Harrisons Purchase,Purchase,The Purchase,Thomasville	41.04093	-73.71457	P	PPL	US		NY	119	32413		4660	107	110	America/New_York	2017-05-23
5133143	Purdys	Purdys	Purdy,Purdy's Station,Purdys,Purdys Station	41.32593	-73.65513	P	PPL	US		NY	119	53517		0	77	86	America/New_York	2017-05-23
5133144	Purdys Grove	Purdys Grove		40.9926	-73.66596	P	PPL	US		NY	119	64320		0	22	24	America/New_York	2017-05-23
5133151	Purling	Purling	Purling,The Forge	42.28425	-74.00541	P	PPL	US		NY	039	11649		0	147	154	America/New_York	2017-05-23
5133157	Putnam	Putnam	Putnam,Putnam Center,Putnam Corners	43.74673	-73.39706	P	PPL	US		NY	115	60092		0	102	102	America/New_York	2017-05-23
5133171	Putnam Lake	Putnam Lake		41.46204	-73.54624	P	PPL	US		NY	079	56748		3844	156	159	America/New_York	2017-05-23
5133174	Putnam Station	Putnam Station	Putnam,Putnam Station	43.73423	-73.37484	P	PPL	US		NY	115	60092		0	36	42	America/New_York	2017-05-23
5133176	Putnam Valley	Putnam Valley		41.33593	-73.87403	P	PPL	US		NY	079	60147		0	51	65	America/New_York	2017-05-23
5133190	Pyrites	Pyrites		44.51478	-75.18576	P	PPL	US		NY	089	12342		0	153	154	America/New_York	2017-05-23
5133194	Quackenkill	Quackenkill	Quacken Kill,Quackenkill	42.76952	-73.519	P	PPL	US		NY	083	29674		0	283	286	America/New_York	2017-05-23
5133224	Quaker Ridge	Quaker Ridge		40.97093	-73.78013	P	PPL	US		NY	119	50617		0	68	72	America/New_York	2017-05-23
5133231	Quaker Hill	Quaker Hill		41.57954	-73.5429	P	PPL	US		NY	027	56825		0	369	375	America/New_York	2017-05-23
5133233	Quaker Settlement	Quaker Settlement		42.75507	-75.83908	P	PPL	US		NY	053	20401		0	426	428	America/New_York	2017-05-23
5133236	Quaker Springs	Quaker Springs		43.03952	-73.6429	P	PPL	US		NY	091	65244		0	87	89	America/New_York	2017-05-23
5133237	Quaker Street	Quaker Street		42.7348	-74.18624	P	PPL	US		NY	093	21006		0	310	312	America/New_York	2017-05-23
5133238	Quality Hill	Quality Hill		43.06701	-75.77491	P	PPL	US		NY	053	41905		0	165	165	America/New_York	2017-05-23
5133243	Quarry Heights	Quarry Heights		41.06926	-73.75097	P	PPL	US		NY	119	32413		0	154	158	America/New_York	2017-05-23
5133248	Quarryville	Quarryville		42.11981	-73.98708	P	PPL	US		NY	111	65299		0	121	120	America/New_York	2017-05-23
5133257	Queechy	Queechy		42.40481	-73.42122	P	PPL	US		NY	021	12056		0	313	322	America/New_York	2017-05-23
5133266	Queens	Queens		40.74982	-73.79763	P	PPLX	US		NY	081			0	13	14	America/New_York	2007-02-14
5133271	Queens Village	Queens Village	Brushville,Queens,Queens Village	40.72677	-73.74152	P	PPL	US		NY	081			51919	27	28	America/New_York	2017-04-16
5133273	Queens	Queens	Borough of Queens,Queens	40.68149	-73.83652	P	PPLA2	US		NY	081			2272771	12	13	America/New_York	2017-04-16
5133279	Queensbury	Queensbury	kuinzuberi,クイーンズベリー	43.37729	-73.61317	P	PPLA2	US		NY	113	60356		27703	96	101	America/New_York	2017-05-23
5133291	Quincetree Landing	Quincetree Landing	Quince Tree Landing,Quincetree Landing	41.02927	-72.01285	P	PPL	US		NY	103	22194		0	1	7	America/New_York	2017-05-23
5133298	Quinneville	Quinneville		42.24924	-75.7738	P	PPL	US		NY	017	30422		0	305	304	America/New_York	2017-05-23
5133300	Quigley Park	Quigley Park		42.13645	-79.39588	P	PPL	US		NY	013	52155		0	402	404	America/New_York	2017-05-23
5133302	Quogue	Quogue	Quaquanantuck,Quogue	40.82316	-72.60954	P	PPL	US		NY	103	68473		991	5	9	America/New_York	2017-05-23
5133311	Quiogue	Quiogue	Quiogue,Quioque	40.81982	-72.62898	P	PPL	US		NY	103	68473		816	7	10	America/New_York	2017-05-23
5133322	Raceville	Raceville		43.46618	-73.27066	P	PPL	US		NY	115	30037		0	124	122	America/New_York	2017-05-23
5133359	Rainbow Lake	Rainbow Lake		44.467	-74.17293	P	PPL	US		NY	033	08213		0	515	519	America/New_York	2017-05-23
5133361	Rainbow Shores	Rainbow Shores		43.61396	-76.19771	P	PPL	US		NY	075	61533		0	79	81	America/New_York	2017-05-23
5133365	Ralmar Park	Ralmar Park		42.8873	-73.91346	P	PPL	US		NY	093	29366		0	108	115	America/New_York	2017-05-23
5133371	Ramapo	Ramapo	Ramapo,Ramapo Works,ramapo,ראמאפא,ラマポ	41.14121	-74.16848	P	PPL	US		NY	087	60510		0	101	103	America/New_York	2017-05-23
5133376	Ramona Beach	Ramona Beach		43.54007	-76.2216	P	PPL	US		NY	075	61533		0	76	78	America/New_York	2017-05-23
5133378	Rampasture	Rampasture		40.85204	-72.52842	P	PPL	US		NY	103	68473		0	4	8	America/New_York	2017-05-23
5133385	Randall	Randall	Downing,Randall,Yatesville	42.91146	-74.44458	P	PPL	US		NY	057	63561		0	92	97	America/New_York	2017-05-23
5133392	Randall Corner	Randall Corner		43.2123	-73.79818	P	PPL	US		NY	091	18223		0	223	224	America/New_York	2017-05-23
5133396	Randall Crossing	Randall Crossing		42.61618	-76.94385	P	PPL	US		NY	123	47504		0	230	230	America/New_York	2017-05-23
5133402	Randallsville	Randallsville		42.79507	-75.56685	P	PPL	US		NY	053	41674		0	338	340	America/New_York	2017-05-23
5133403	Randelville	Randelville		41.34287	-74.34849	P	PPL	US		NY	071	78366		0	136	147	America/New_York	2017-05-23
5133416	Randolph	Randolph	Randol'f,Рандольф	42.16201	-78.97532	P	PPL	US		NY	009	60587		1286	389	391	America/New_York	2017-05-23
5133419	Ransomville	Ransomville	Quade's Corners,Ransomville	43.23867	-78.90976	P	PPL	US		NY	063	59267		1419	99	98	America/New_York	2017-05-23
5133423	Rapids	Rapids		43.09839	-78.64086	P	PPL	US		NY	063	43093		1636	180	181	America/New_York	2017-05-23
5133425	Raquette Lake	Raquette Lake	Racket Lake,Raquette Lake	43.81312	-74.65739	P	PPL	US		NY	041	43412		0	538	540	America/New_York	2017-05-23
5133430	Raquette River	Raquette River	Racket River,Raquette River	44.95116	-74.7938	P	PPL	US		NY	089	46030		0	70	69	America/New_York	2017-05-23
5133436	Rasbach Corner	Rasbach Corner		43.10618	-74.74181	P	PPL	US		NY	035	55101		0	292	294	America/New_York	2017-05-23
5133445	Rathbone	Rathbone		42.13396	-77.32109	P	PPL	US		NY	101	60653		0	305	307	America/New_York	2017-05-23
5133471	Ravena	Ravena	Coeymans Junction,Ravena	42.46841	-73.81624	P	PPL	US		NY	001	16694		3267	70	71	America/New_York	2017-05-23
5133473	Rawson	Rawson		42.32145	-78.30863	P	PPL	US		NY	003	50375		0	492	492	America/New_York	2017-05-23
5133479	Ray	Ray		42.93339	-78.29724	P	PPL	US		NY	037	01165		0	288	291	America/New_York	2017-05-23
5133483	Ray Brook	Ray Brook		44.30005	-74.08543	P	PPL	US		NY	031	51935		0	485	487	America/New_York	2017-05-23
5133485	Raymertown	Raymertown		42.81397	-73.53456	P	PPL	US		NY	083	58398		0	145	149	America/New_York	2017-05-23
5133486	Raymond	Raymond		43.107	-78.66725	P	PPL	US		NY	063	43093		0	185	184	America/New_York	2017-05-23
5133495	Raymondville	Raymondville	Racketon,Raymondville,Tsi Iakokiehtha,Tsi Iakokiéhtha,Tsi-ia-ko-on-tie-ta	44.83811	-74.97798	P	PPL	US		NY	089	51330		0	77	77	America/New_York	2017-05-23
5133496	Rays Corners	Rays Corners		42.26978	-79.0456	P	PPL	US		NY	009	41982		0	397	399	America/New_York	2017-05-23
5133501	Rayville	Rayville	Green Brook,Rayville	42.46425	-73.53845	P	PPL	US		NY	021	14014		0	226	235	America/New_York	2017-05-23
5133502	Readburn	Readburn		42.0112	-75.17406	P	PPL	US		NY	025	31951		0	351	352	America/New_York	2017-05-23
5133503	Reading Center	Reading Center	Reading,Reading Center,Reading Centre	42.43035	-76.93274	P	PPL	US		NY	097	60763		0	380	380	America/New_York	2017-05-23
5133516	Rector	Rector		43.75563	-75.67686	P	PPL	US		NY	049	48032		0	551	548	America/New_York	2017-05-23
5133518	Rectors	Rectors		42.8623	-74.01651	P	PPL	US		NY	093	29366		0	81	81	America/New_York	2017-05-23
5133522	Reber	Reber		44.32366	-73.47958	P	PPL	US		NY	031	82271		0	116	115	America/New_York	2017-05-23
5133527	Red Bunch Corners	Red Bunch Corners		43.07646	-74.2593	P	PPL	US		NY	035	46217		0	252	255	America/New_York	2017-05-23
5133536	Red Creek	Red Creek		40.90621	-72.55231	P	PPL	US		NY	103	68473		0	7	10	America/New_York	2017-05-23
5133538	Red Creek	Red Creek	Jacksonville,Red Creek,Redcreek	43.24729	-76.72356	P	PPL	US		NY	117	82689		513	104	106	America/New_York	2017-05-23
5133543	Red Falls	Red Falls		42.30953	-74.3907	P	PPL	US		NY	039	59751		0	398	390	America/New_York	2017-05-23
5133545	Red Hook	Red Hook	Lower Red Hook,Red Hook,Red Khuk,Redhook,Ред Хук	41.99509	-73.87541	P	PPL	US		NY	027	60905		1990	67	68	America/New_York	2017-05-23
5133547	Red Hook	Red Hook		40.6751	-74.00958	P	PPLX	US		NY	047			0	2	2	America/New_York	2006-08-15
5133550	Red Hook Mills	Red Hook Mills		42.01009	-73.87124	P	PPL	US		NY	027	60905		0	61	66	America/New_York	2017-05-23
5133554	Red House	Red House		42.11228	-78.80198	P	PPL	US		NY	009			0	408	412	America/New_York	2006-01-15
5133569	Red Mill	Red Mill		43.4184	-76.1427	P	PPL	US		NY	075	46822		0	134	141	America/New_York	2017-05-23
5133571	Red Mills	Red Mills		42.22092	-73.71179	P	PPL	US		NY	021	16045		0	51	56	America/New_York	2017-05-23
5133572	Red Mills	Red Mills	Gallooville,Gallopville,Galloupville,Red Mills	44.7584	-75.38633	P	PPL	US		NY	089	42631		0	83	82	America/New_York	2017-05-23
5133573	Red Mills	Red Mills		42.52757	-76.32132	P	PPL	US		NY	109	20962		0	323	324	America/New_York	2017-05-23
5133574	Red Mills	Red Mills		41.62815	-74.27237	P	PPL	US		NY	111	66674		0	91	95	America/New_York	2017-05-23
5133576	Red Oaks Mill	Red Oaks Mill		41.65565	-73.87486	P	PPL	US		NY	027	59652		3613	51	52	America/New_York	2017-05-23
5133584	Red Rock	Red Rock		43.13285	-76.28826	P	PPL	US		NY	067	44039		0	114	117	America/New_York	2017-05-23
5133593	Red Rock	Red Rock	Pilfershire,Red Rock	42.35703	-73.51039	P	PPL	US		NY	021	12056		0	262	289	America/New_York	2017-05-23
5133594	Redbird	Redbird		42.23034	-79.29921	P	PPL	US		NY	013	23976		0	392	397	America/New_York	2017-05-23
5133595	Redfield	Redfield	Center Square,Central Square,Centre Square,Redfield,Redfield Square	43.53313	-75.82158	P	PPL	US		NY	075	60873		573	289	293	America/New_York	2017-05-23
5133598	Redford	Redford	Redford,Редфорд	44.60838	-73.80431	P	PPL	US		NY	019	65211		477	357	357	America/New_York	2017-05-23
5133601	Redman Corners	Redman Corners		43.24617	-77.9639	P	PPL	US		NY	055	15957		0	130	131	America/New_York	2017-05-23
5133602	Redmond Corner	Redmond Corner		43.46451	-75.3899	P	PPL	US		NY	065	07366		0	426	428	America/New_York	2017-05-23
5133609	Redwood	Redwood	Jamesville,Redwood	44.30089	-75.80134	P	PPL	US		NY	045	01176		605	112	113	America/New_York	2017-05-23
5133612	Redwood	Redwood		40.99788	-72.31342	P	PPL	US		NY	103	68473		0	7	9	America/New_York	2017-05-23
5133614	Reed Corners	Reed Corners		42.45117	-79.30671	P	PPL	US		NY	013	58981		0	232	233	America/New_York	2017-05-23
5133615	Reed Corners	Reed Corners	Reed Corners,Reeds Corner,Reeds Corners	42.59979	-77.68166	P	PPL	US		NY	051	70101		0	445	450	America/New_York	2017-05-23
5133616	Reed Corners	Reed Corners	Reed Corners,Reed's Corners,Reeds Corners	42.83645	-77.21442	P	PPL	US		NY	069	29531		0	294	297	America/New_York	2017-05-23
5133626	Reedville	Reedville		44.10145	-75.65437	P	PPL	US		NY	045	82348		0	182	182	America/New_York	2017-05-23
5133633	Reeves Park	Reeves Park		40.97177	-72.71232	P	PPL	US		NY	103	61984		0	34	44	America/New_York	2017-05-23
5133640	Rego Park	Rego Park	Rigo-Park,lei ge gong yuan,rygw park,rygw park  kwyynz,Риго-Парк,ریگو پارک,ریگو پارک، کوئینز,レゴ・パーク地区,雷哥公園	40.72649	-73.85264	P	PPL	US		NY	081			43925	28	34	America/New_York	2017-04-16
5133642	Reidsville	Reidsville		42.56674	-74.02402	P	PPL	US		NY	001	06211		0	441	441	America/New_York	2017-05-23
5133648	Relius	Relius	Relius,Relius Station	42.92034	-76.65828	P	PPL	US		NY	011	03166		0	156	156	America/New_York	2017-05-23
5133651	Remington Corners	Remington Corners		44.1234	-75.36214	P	PPL	US		NY	049	20555		0	243	248	America/New_York	2017-05-23
5133657	Remsenburg	Remsenburg		40.8076	-72.70871	P	PPL	US		NY	103	68473		0	3	9	America/New_York	2017-05-23
5133662	Renchans	Renchans		42.44035	-77.32498	P	PPL	US		NY	101	81457		0	395	398	America/New_York	2017-05-23
5133664	Reniff	Reniff		42.11646	-76.54606	P	PPL	US		NY	107	04671		0	309	322	America/New_York	2017-05-23
5133667	Rensselaer	Rensselaer	Bath-on-the-Hudson,East Albany,Greenbusch,Greenbush,Renselaer,Rensler,Rensselaer,rnslyr  nywywrk,rynsylar,Ренселаер,Ренслер,رنسلیر، نیویورک,رينسيلار	42.64258	-73.7429	P	PPL	US		NY	083	61148		9433	5	5	America/New_York	2017-05-23
5133670	Rensselaer Falls	Rensselaer Falls	Canton Falls,Rensselaer Falls,Taitville,Tateville	44.59201	-75.3191	P	PPL	US		NY	089	12342		322	100	101	America/New_York	2017-05-23
5133675	Rensselaerville	Rensselaerville		42.51619	-74.13791	P	PPL	US		NY	001	61181		0	416	414	America/New_York	2017-05-23
5133678	Renwick	Renwick		42.46618	-76.49966	P	PPL	US		NY	109	38088		0	125	122	America/New_York	2017-05-23
5133698	Residence Park	Residence Park		40.90121	-73.78347	P	PPL	US		NY	119	50617		0	10	17	America/New_York	2017-05-23
5133699	Resort	Resort		43.22645	-76.92385	P	PPL	US		NY	117	37165		0	76	79	America/New_York	2017-05-23
5133704	Result	Result		42.35703	-73.94791	P	PPL	US		NY	039	18729		0	188	192	America/New_York	2017-05-23
5133710	Retsof	Retsof		42.83534	-77.87889	P	PPL	US		NY	051	84022		340	222	223	America/New_York	2017-05-23
5133716	Rexford	Rexford	Rexford,Rexford Flats,Rexford Flats Village	42.85313	-73.8879	P	PPL	US		NY	091	16353		0	76	78	America/New_York	2017-05-23
5133719	Rexleigh	Rexleigh		43.13535	-73.35483	P	PPL	US		NY	115	64782		0	136	136	America/New_York	2017-05-23
5133721	Rexville	Rexville		42.08424	-77.66221	P	PPL	US		NY	101	81105		0	561	562	America/New_York	2017-05-23
5133722	Reydon Shores	Reydon Shores		41.04677	-72.39897	P	PPL	US		NY	103	69463		0	2	11	America/New_York	2017-05-23
5133723	Reynales Basin	Reynales Basin	Reynale's Basin,Reynales Basin	43.20672	-78.54614	P	PPL	US		NY	063	64034		0	156	157	America/New_York	2017-05-23
5133724	Reynolds	Reynolds		42.89035	-73.66262	P	PPL	US		NY	083	65486		0	61	60	America/New_York	2017-05-23
5133728	Reynolds Corner	Reynolds Corner		44.09033	-76.04243	P	PPL	US		NY	045	16100		0	112	113	America/New_York	2017-05-23
5133729	Reynolds Corners	Reynolds Corners		43.25257	-73.64151	P	PPL	US		NY	091	48318		0	98	102	America/New_York	2017-05-23
5133737	Reynoldston	Reynoldston		44.74311	-74.44961	P	PPL	US		NY	033	07839		0	384	388	America/New_York	2017-05-23
5133738	Reynoldsville	Reynoldsville		42.46702	-76.77023	P	PPL	US		NY	097	33073		0	364	365	America/New_York	2017-05-23
5133740	Rheims	Rheims	Rheim's,Rheims	42.4009	-77.25387	P	PPL	US		NY	101	76496		0	245	257	America/New_York	2017-05-23
5133742	Rhinebeck	Rhinebeck		41.92676	-73.91264	P	PPL	US		NY	027	61357		2609	61	62	America/New_York	2017-05-23
5133746	Rhinecliff	Rhinecliff	Rajnklif,Rhinecliff,Rhineclift,Shatzell's Dock,Рајнклиф	41.91954	-73.95125	P	PPL	US		NY	027	61357		425	14	24	America/New_York	2017-05-23
5133747	Rhinelander Gardens (historical)	Rhinelander Gardens (historical)		40.73538	-73.99903	P	PPLX	US		NY	061			0	7	13	America/New_York	2009-03-09
5133749	Rhode Island	Rhode Island		42.67896	-75.79964	P	PPL	US		NY	017	55717		0	430	437	America/New_York	2017-05-23
5133753	Ricard	Ricard		43.49813	-75.92131	P	PPL	US		NY	075	82073		0	222	223	America/New_York	2017-05-23
5133764	Rice Grove	Rice Grove		42.85146	-76.25632	P	PPL	US		NY	067	55651		0	248	251	America/New_York	2017-05-23
5133767	Rice Mill	Rice Mill		43.23396	-76.85802	P	PPL	US		NY	117	37165		0	98	107	America/New_York	2017-05-23
5133776	Rices	Rices	Rice's,Rices	43.91756	-75.96992	P	PPL	US		NY	045	78619		0	147	146	America/New_York	2017-05-23
5133778	Riceville	Riceville		42.44256	-78.61475	P	PPL	US		NY	009	02759		0	439	443	America/New_York	2017-05-23
5133779	Riceville	Riceville		43.09368	-74.2818	P	PPL	US		NY	035	46217		0	255	253	America/New_York	2017-05-23
5133788	Richardsville	Richardsville		41.4637	-73.77513	P	PPL	US		NY	079	39331		0	293	290	America/New_York	2017-05-23
5133789	Richburg	Richburg	Richburg,Richburgh	42.0884	-78.15334	P	PPL	US		NY	003	82623		441	506	509	America/New_York	2017-05-23
5133791	Richfield	Richfield	Monticello,Richfield	42.85729	-75.05405	P	PPL	US		NY	077	61467		0	450	454	America/New_York	2017-05-23
5133795	Richfield Springs	Richfield Springs	Richfild Springs,rytshfyld sbrynghz,Ричфилд Спрингс,ريتشفيلد سبرينغز	42.85341	-74.98543	P	PPL	US		NY	077	61467		1225	400	402	America/New_York	2017-05-23
5133797	Richford	Richford		42.35563	-76.20076	P	PPL	US		NY	107	61511		0	340	340	America/New_York	2017-05-23
5133799	Richland	Richland	Richland,Richland Station	43.56951	-76.0477	P	PPL	US		NY	075	61533		5661	166	172	America/New_York	2017-05-23
5133803	Richmond	Richmond	Coccles Town,Cuckold's Town,Richmond,Richmond Town,Ричмонд	40.57399	-74.13042	P	PPLX	US		NY	085			0	17	22	America/New_York	2010-01-29
5133804	Richmond Center	Richmond Center		42.80812	-77.53277	P	PPL	US		NY	069	61544		0	254	253	America/New_York	2017-05-23
5133814	Richmond Valley	Richmond Valley		40.52011	-74.22931	P	PPL	US		NY	085			0	7	6	America/New_York	2006-01-15
5133816	Richmondville	Richmondville		42.63424	-74.56403	P	PPL	US		NY	095	61599		871	334	335	America/New_York	2017-05-23
5133818	Richs Corners	Richs Corners	Rich's Corners,Riches Corners,Richs Corners	43.23061	-78.14919	P	PPL	US		NY	073	01044		0	185	187	America/New_York	2017-05-23
5133823	Richville	Richville	Rich's Settlement,Riches Settlement,Richville	44.41728	-75.39188	P	PPL	US		NY	089	20038		320	124	124	America/New_York	2017-05-23
5133825	Richmond Hill	Richmond Hill		40.69983	-73.83125	P	PPL	US		NY	081			98984	18	20	America/New_York	2017-04-16
5133829	Riders Mills	Riders Mills	Mosher's Mills,Rider's Mills,Riders Mills	42.48092	-73.564	P	PPL	US		NY	021	14014		0	125	127	America/New_York	2017-05-23
5133831	Ridge	Ridge		42.67617	-77.91334	P	PPL	US		NY	051	48956		0	358	359	America/New_York	2017-05-23
5133832	Ridge	Ridge	Randallville,Ridge,Ridgeville	40.89399	-72.89594	P	PPL	US		NY	103	10000		13336	28	32	America/New_York	2017-05-23
5133838	Ridge Mills	Ridge Mills		43.24035	-75.43795	P	PPL	US		NY	065	63418		0	154	154	America/New_York	2017-05-23
5133845	Ridgebury	Ridgebury		41.38648	-74.45349	P	PPL	US		NY	071	78839		0	179	180	America/New_York	2017-05-23
5133847	Ridgeland	Ridgeland		43.0909	-77.61028	P	PPL	US		NY	055	34099		0	160	159	America/New_York	2017-05-23
5133848	Ridgelea Heights	Ridgelea Heights	Ridgelea,Ridgelea Heights	43.20117	-78.67503	P	PPL	US		NY	063	43093		0	132	131	America/New_York	2017-05-23
5133852	Ridgeway	Ridgeway	Ridgeway,Ridgeway Corners	43.26728	-78.38975	P	PPL	US		NY	073	61742		0	127	126	America/New_York	2017-05-23
5133853	Ridgeway	Ridgeway		41.00288	-73.76291	P	PPL	US		NY	119	81677		0	77	81	America/New_York	2017-05-23
5133857	Ridgewood	Ridgewood		43.25033	-78.64725	P	PPL	US		NY	063	50232		0	122	123	America/New_York	2017-05-23
5133858	Ridgewood	Ridgewood	Evergreen,Ridgewood,رج وڈ، کوئینز	40.7001	-73.90569	P	PPLX	US		NY	081			0	23	22	America/New_York	2009-11-17
5133863	Rifton	Rifton	Arnoldton,Rifton,Rifton Glen	41.83759	-74.03736	P	PPL	US		NY	111	24691		456	55	61	America/New_York	2017-05-23
5133866	Riga	Riga	Riga,Riga Center	43.06951	-77.8839	P	PPL	US		NY	055	61808		0	194	197	America/New_York	2017-05-23
5133870	Riggsville	Riggsville		41.87204	-74.33876	P	PPL	US		NY	111	63011		0	338	343	America/New_York	2017-05-23
5133872	Riders	Riders		42.47286	-73.54317	P	PPL	US		NY	021	14014		0	195	194	America/New_York	2017-05-23
5133873	Rigney Bluff	Rigney Bluff		43.27312	-77.63473	P	PPL	US		NY	055	30290		0	79	82	America/New_York	2017-05-23
5133881	Riley Cove	Riley Cove		43.01341	-73.76456	P	PPL	US		NY	091	44743		0	62	61	America/New_York	2017-05-23
5133892	Ripley	Ripley	Quincy,Ripley	42.267	-79.7106	P	PPL	US		NY	013	61885		872	224	225	America/New_York	2017-05-23
5133901	Rippleton	Rippleton		42.91201	-75.86825	P	PPL	US		NY	053	13156		0	378	376	America/New_York	2017-05-23
5133903	Riparius	Riparius	Riparius,Riverside	43.66173	-73.89707	P	PPL	US		NY	113	15319		0	269	274	America/New_York	2017-05-23
5133905	Risingville	Risingville		42.21924	-77.31498	P	PPL	US		NY	101	73836		0	404	408	America/New_York	2017-05-23
5133907	Ritchfield Junction	Ritchfield Junction		42.94507	-75.246	P	PPL	US		NY	065	56330		0	354	358	America/New_York	2017-05-23
5133916	Riverbank	Riverbank		43.60534	-73.7254	P	PPL	US		NY	113	07234		0	215	223	America/New_York	2017-05-23
5133917	Riverdale	Riverdale	Riverdale,Riverdale-On-Hudson	40.90056	-73.90639	P	PPL	US		NY	005			9174	55	68	America/New_York	2017-04-16
5133918	Riverdale	Riverdale		43.21035	-75.4324	P	PPL	US		NY	065	63418		0	140	139	America/New_York	2017-05-23
5133923	Riveredge Trailer Park	Riveredge Trailer Park		41.24871	-73.95875	P	PPL	US		NY	119	18410		0	3	3	America/New_York	2017-05-23
5133925	Rivergate	Rivergate	River Gate,Rivergate	44.18867	-75.78355	P	PPL	US		NY	045	73528		0	118	120	America/New_York	2017-05-23
5133926	Riverhead	Riverhead	A-que-bogue,Occapogue,Riverhead,ribaheddo,リバーヘッド	40.91704	-72.66204	P	PPLA2	US		NY	103	61984		13299	4	6	America/New_York	2017-05-23
5133931	Riverside	Riverside		42.00674	-75.76435	P	PPL	US		NY	007	39837		0	266	268	America/New_York	2017-05-23
5133932	Riverside	Riverside		42.91785	-73.67651	P	PPL	US		NY	091	71333		0	25	28	America/New_York	2017-05-23
5133933	Riverside	Riverside		42.15619	-77.08275	P	PPL	US		NY	101	18267		487	286	290	America/New_York	2017-05-23
5133934	Riverside	Riverside	Riversajd,Риверсайд	40.88121	-72.67787	P	PPL	US		NY	103	68473		2911	55	58	America/New_York	2017-05-23
5133970	Riverside Junction	Riverside Junction		42.0809	-78.64169	P	PPL	US		NY	009			0	423	429	America/New_York	2006-01-15
5133971	Riverside Manors	Riverside Manors		43.18561	-79.04643	P	PPL	US		NY	063	42158		0	101	100	America/New_York	2017-05-23
5133977	Riverside Park	Riverside Park		41.91537	-74.07653	P	PPL	US		NY	111	37143		0	64	67	America/New_York	2017-05-23
5133982	Riverview	Riverview		44.58282	-73.90653	P	PPL	US		NY	019	06761		0	358	359	America/New_York	2017-05-23
5133991	Roah Hook	Roah Hook		42.48397	-73.78929	P	PPL	US		NY	001	16694		0	7	5	America/New_York	2017-05-23
5133992	Roanoke	Roanoke	Orangeburgh,Roanoke	42.94367	-78.05196	P	PPL	US		NY	037	70607		0	284	284	America/New_York	2017-05-23
5134028	Robbins Rest	Robbins Rest		40.64343	-73.16456	P	PPL	US		NY	103	38000		0	1	4	America/New_York	2017-05-23
5134040	Roberts Corner	Roberts Corner	Roberts Corner,Roberts Corners	43.81645	-76.1202	P	PPL	US		NY	045	34055		0	148	148	America/New_York	2017-05-23
5134046	Roberts Hill	Roberts Hill		42.39536	-73.83679	P	PPL	US		NY	039	49935		0	107	104	America/New_York	2017-05-23
5134054	Robinson	Robinson		44.82282	-73.61542	P	PPL	US		NY	019	01583		0	292	296	America/New_York	2017-05-23
5134059	Robinson Corners	Robinson Corners		42.70368	-75.20377	P	PPL	US		NY	077	23613		0	379	384	America/New_York	2017-05-23
5134080	Rochdale	Rochdale	Rochdale,Whippleville	41.71843	-73.85263	P	PPL	US		NY	027	59652		0	61	65	America/New_York	2017-05-23
5134084	Rochelle Heights	Rochelle Heights		40.92565	-73.78152	P	PPL	US		NY	119	50617		0	28	32	America/New_York	2017-05-23
5134085	Rochelle Park	Rochelle Park		40.91788	-73.78569	P	PPL	US		NY	119	50617		0	20	21	America/New_York	2017-05-23
5134086	Rochester	Rochester	Ga-sko-sa-ga,Gaskosago,ROC,Rocestera,Rocesteris,Rocestro,Rochester,Rochesterville,Rochestur,Roffa,Rotsester,Roĉestro,Ročestera,Ročesteris,locheseuteo,luo che si te,racestara,rocestar,rocestara,rochesuta,rwchstr  nywywrk,rwtshstr,rwzstr,rx ches texr,Ρότσεστερ,Рочестер,Рочестър,רוצסטר,روتشستر,روچستر، نیویورک,روچسٹر,روچیسٹر، نیو یارک,रॉचेस्टर,रोचेस्टर,রচেস্টার,రోచెస్టర్,รอเชสเตอร์,ロチェスター,羅徹斯特,로체스터	43.15478	-77.61556	P	PPLA2	US		NY	055	63000		209802	154	156	America/New_York	2017-05-23
5134091	Robinwood	Robinwood		44.04339	-74.74768	P	PPL	US		NY	041	43412		0	537	540	America/New_York	2017-05-23
5134096	Rochester Junction	Rochester Junction		42.98395	-77.59305	P	PPL	US		NY	055	46558		0	189	191	America/New_York	2017-05-23
5134100	Rock Beach	Rock Beach		43.24534	-77.58222	P	PPL	US		NY	055	37726		0	78	85	America/New_York	2017-05-23
5134102	Rock City	Rock City		42.01451	-78.47447	P	PPL	US		NY	009	01297		0	716	719	America/New_York	2017-05-23
5134103	Rock City	Rock City		42.40425	-73.57734	P	PPL	US		NY	021	14014		0	222	227	America/New_York	2017-05-23
5134104	Rock City	Rock City		41.97037	-73.82097	P	PPL	US		NY	027	47207		0	102	114	America/New_York	2017-05-23
5134105	Rock City Falls	Rock City Falls	Rock City Falls,Rock Falls City	43.06202	-73.91707	P	PPL	US		NY	091	47537		0	138	134	America/New_York	2017-05-23
5134115	Rock Hill	Rock Hill	Rock Hill,Rockhill	41.62593	-74.59766	P	PPL	US		NY	105	73627		1742	420	423	America/New_York	2017-05-23
5134133	Rock Ledge Beach	Rock Ledge Beach		43.3695	-78.22085	P	PPL	US		NY	073	12496		0	82	87	America/New_York	2017-05-23
5134149	Rock Glen	Rock Glen	Rock Glen,Rockglen	42.6859	-78.1189	P	PPL	US		NY	121	27980		0	398	401	America/New_York	2017-05-23
5134153	Rock Rift	Rock Rift		42.09231	-75.19184	P	PPL	US		NY	025	74111		0	393	402	America/New_York	2017-05-23
5134158	Rock Stream	Rock Stream	Hathaway's Corners,Hurd's Corners,Rock Stream	42.47118	-76.92746	P	PPL	US		NY	123	70816		0	268	273	America/New_York	2017-05-23
5134161	Rock Tavern	Rock Tavern		41.4662	-74.19126	P	PPL	US		NY	071	50848		0	127	129	America/New_York	2017-05-23
5134163	Rock Valley	Rock Valley		41.88953	-75.08433	P	PPL	US		NY	025	31951		0	385	389	America/New_York	2017-05-23
5134170	Rockaway Park	Rockaway Park		40.58011	-73.83625	P	PPL	US		NY	081			0	2	5	America/New_York	2006-01-15
5134172	Rockaway Point	Rockaway Point		40.56066	-73.91514	P	PPL	US		NY	081			4096	2	3	America/New_York	2017-04-16
5134176	Rockdale	Rockdale		42.37813	-75.40768	P	PPL	US		NY	017	31148		0	315	314	America/New_York	2017-05-23
5134184	Rockhurst	Rockhurst		43.47396	-73.63539	P	PPL	US		NY	113	60356		0	106	99	America/New_York	2017-05-23
5134185	Rockland	Rockland	Rockland,Westfield Flats	41.94537	-74.91294	P	PPL	US		NY	105	63176		0	394	397	America/New_York	2017-05-23
5134192	Rockland Lake	Rockland Lake	Rockland Lake,Slaughter's Landing	41.13843	-73.93708	P	PPL	US		NY	087	15968		0	60	67	America/New_York	2017-05-23
5134199	Rockton	Rockton		42.95341	-74.17207	P	PPL	US		NY	057	02066		0	187	188	America/New_York	2017-05-23
5134200	Rockville	Rockville		42.30673	-78.16446	P	PPL	US		NY	003	05573		0	442	442	America/New_York	2017-05-23
5134201	Rockville	Rockville		41.48454	-74.41571	P	PPL	US		NY	071	77992		0	196	198	America/New_York	2017-05-23
5134203	Rockville Centre	Rockville Centre	Rockville,Rockville Center,Rockville Centre,Rokvil Center,rwkfyl syntr,rwkwyl sntr  nywywrk,Роквил Центер,روكفيل سينتر,روکویل سنتر، نیویورک	40.65871	-73.64124	P	PPL	US		NY	059	34000		24201	9	14	America/New_York	2017-05-23
5134212	Rockwells Mills	Rockwells Mills	Rockwell Mills,Rockwell's Mills,Rockwells Mills	42.44869	-75.3899	P	PPL	US		NY	017	31148		0	314	319	America/New_York	2017-05-23
5134213	Rockwood	Rockwood	Pleasant Valley,Rockwood	43.05813	-74.50403	P	PPL	US		NY	035	24603		0	319	320	America/New_York	2017-05-23
5134230	Rocky Point	Rocky Point		44.72254	-73.4118	P	PPL	US		NY	019	58585		0	36	36	America/New_York	2017-05-23
5134235	Rocky Point	Rocky Point	Rocky Point,Rockypoint	40.9526	-72.92538	P	PPL	US		NY	103	10000		14014	59	62	America/New_York	2017-05-23
5134239	Rocky Hill	Rocky Hill		41.22954	-74.35321	P	PPL	US		NY	071	78366		0	278	284	America/New_York	2017-05-23
5134242	Rodger Corner	Rodger Corner		43.16201	-76.15798	P	PPL	US		NY	067	16067		0	118	119	America/New_York	2017-05-23
5134245	Rodman	Rodman		43.85118	-75.94075	P	PPL	US		NY	045	63341		153	221	222	America/New_York	2017-05-23
5134252	Roe Park	Roe Park		41.30648	-73.88347	P	PPL	US		NY	119	18410		0	113	118	America/New_York	2017-05-23
5134257	Roessleville	Roessleville		42.69508	-73.80707	P	PPL	US		NY	001	17343		10753	74	77	America/New_York	2017-05-23
5134261	Rogers	Rogers		44.4581	-73.60653	P	PPL	US		NY	019	03221		0	151	149	America/New_York	2017-05-23
5134282	Rogersville	Rogersville		42.51479	-77.67083	P	PPL	US		NY	101	19675		0	401	401	America/New_York	2017-05-23
5134288	Rolling Meadows	Rolling Meadows		41.92315	-74.05292	P	PPL	US		NY	111	37143		0	92	96	America/New_York	2017-05-23
5134292	Rombout Ridge	Rombout Ridge		41.66259	-73.86597	P	PPL	US		NY	027	40299		0	57	65	America/New_York	2017-05-23
5134294	Rome	Rome		44.4406	-73.68819	P	PPL	US		NY	031	38396		0	174	176	America/New_York	2017-05-23
5134295	Rome	Rome	Lynchville,RME,Rim,Roma,Rome,Roum,lom,luo ma,rm  nywywrk,romu,rwm  nyw yark,rwmy,Рим,Роум,رم، نیویورک,روم، نیو یارک,رومي,ローム,羅馬,롬	43.21285	-75.45573	P	PPL	US		NY	065	63418		32573	139	141	America/New_York	2017-09-12
5134307	Romulus	Romulus		42.75229	-76.83357	P	PPL	US		NY	099	76958		409	219	223	America/New_York	2017-05-23
5134310	Rondout	Rondout	Bolton,Kingston Landing,Rondout,The Strand	41.92065	-73.98514	P	PPL	US		NY	111	39727		0	18	20	America/New_York	2017-05-23
5134316	Ronkonkoma	Ronkonkoma	Ronkonkoma,rwnkwnkwma,Ронконкома,رونكونكوما	40.81538	-73.11233	P	PPL	US		NY	103	10000		19082	34	37	America/New_York	2017-05-23
5134321	Roosa Gap	Roosa Gap	Roosa Gap,Roosa's Gap	41.59787	-74.42182	P	PPL	US		NY	105	44809		0	267	273	America/New_York	2017-05-23
5134323	Roosevelt	Roosevelt		40.67871	-73.58902	P	PPL	US		NY	059	34000		16258	12	12	America/New_York	2017-05-23
5134324	Roosevelt Beach	Roosevelt Beach		43.30756	-78.85837	P	PPL	US		NY	063	82370		0	83	81	America/New_York	2017-05-23
5134326	Roosevelt Corners	Roosevelt Corners		43.30451	-76.24048	P	PPL	US		NY	075	65618		0	127	131	America/New_York	2017-05-23
5134347	Rooseveltown	Rooseveltown	Naienton,Naiénton,Nyando,Rooseveltown	44.97283	-74.73102	P	PPL	US		NY	089	46030		0	63	62	America/New_York	2017-05-23
5134353	Root Center	Root Center		42.82313	-74.47569	P	PPL	US		NY	057	63561		0	270	272	America/New_York	2017-05-23
5134357	Rootville	Rootville		42.45702	-75.271	P	PPL	US		NY	077	11528		0	482	480	America/New_York	2017-05-23
5134366	Roscoe	Roscoe	Roscoe,Westfield Flats	41.93314	-74.9135	P	PPL	US		NY	105	63176		541	395	394	America/New_York	2017-05-23
5134369	Rose	Rose	Albion,Rose,Rose Valley,Valentine's	43.15368	-76.87857	P	PPL	US		NY	117	63605		0	128	128	America/New_York	2017-05-23
5134379	Rose Grove	Rose Grove		40.9576	-72.39231	P	PPL	US		NY	103	68473		0	6	17	America/New_York	2017-05-23
5134380	Rose Hill	Rose Hill		42.90729	-76.34243	P	PPL	US		NY	067	45491		0	378	375	America/New_York	2017-05-23
5134381	Rose Hill	Rose Hill		42.84951	-76.90968	P	PPL	US		NY	099	25505		0	177	177	America/New_York	2017-05-23
5134383	Rose Hill	Rose Hill		40.7426	-73.98375	P	PPLX	US		NY	061			0	11	51	America/New_York	2007-02-14
5134391	Rosebank	Rosebank		40.61399	-74.06625	P	PPL	US		NY	085			4152	13	13	America/New_York	2017-04-16
5134392	Roseboom	Roseboom		42.74174	-74.77654	P	PPL	US		NY	077	63638		0	393	397	America/New_York	2017-05-23
5134394	Rosecrans Park	Rosecrans Park		42.53036	-73.60706	P	PPL	US		NY	083	65541		0	128	133	America/New_York	2017-05-23
5134395	Rosedale	Rosedale	Foster's Meadow,Rosedale	40.66205	-73.73541	P	PPL	US		NY	081			25812	5	5	America/New_York	2017-04-16
5134396	Rosedale	Rosedale		40.89093	-73.79347	P	PPL	US		NY	119	50617		0	12	18	America/New_York	2017-05-23
5134397	Rosedale	Rosedale		40.99343	-73.74291	P	PPL	US		NY	119	81677		0	47	55	America/New_York	2017-05-23
5134399	Roseland	Roseland		43.18145	-77.38638	P	PPL	US		NY	055	57144		0	157	158	America/New_York	2017-05-23
5134401	Roseland Park	Roseland Park		42.87256	-77.25109	P	PPL	US		NY	069	12144		0	213	212	America/New_York	2017-05-23
5134404	Rosemont Park	Rosemont Park		42.65675	-73.71151	P	PPL	US		NY	083	61148		0	63	66	America/New_York	2017-05-23
5134410	Roses Point	Roses Point		41.45787	-74.60433	P	PPL	US		NY	071	19961		0	167	173	America/New_York	2017-05-23
5134411	Roseton	Roseton		41.55843	-73.98403	P	PPL	US		NY	071	50045		0	2	9	America/New_York	2017-05-23
5134414	Rosiere	Rosiere		44.12144	-76.2416	P	PPL	US		NY	045	12364		0	94	95	America/New_York	2017-05-23
5134415	Roslyn	Roslyn	Hempstead Harbor,Roslyn,Rozlin,rwslyn,Розлин,روسلين	40.79982	-73.65096	P	PPL	US		NY	059	53000		2795	14	17	America/New_York	2017-05-23
5134417	Roslyn Estates	Roslyn Estates		40.79427	-73.66041	P	PPL	US		NY	059	53000		1265	70	80	America/New_York	2017-05-23
5134419	Roslyn Harbor	Roslyn Harbor	Rozlin Kharbor,rwslyn harbwr,Розлин Харбор,روسلين هاربور	40.81649	-73.63707	P	PPL	US		NY	059	53000		1093	33	42	America/New_York	2017-05-23
5134420	Roslyn Heights	Roslyn Heights		40.78871	-73.64735	P	PPL	US		NY	059	53000		6577	53	57	America/New_York	2017-05-23
5134424	Ross Corners	Ross Corners		42.06757	-76.10048	P	PPL	US		NY	007	77255		0	257	260	America/New_York	2017-05-23
5134430	Ross Mills	Ross Mills		42.16006	-79.22227	P	PPL	US		NY	013	23998		0	385	385	America/New_York	2017-05-23
5134437	Rossburg	Rossburg	Mixville Landing,Rossburg,Wiscoy Landing	42.49729	-78.07001	P	PPL	US		NY	003	36112		0	354	354	America/New_York	2017-05-23
5134438	Rosses	Rosses		42.51951	-77.89139	P	PPL	US		NY	051	54089		0	402	404	America/New_York	2017-05-23
5134439	Rossie	Rossie	Howard's Mill,Howard's Mills,Rossie	44.37867	-75.65495	P	PPL	US		NY	089	63858		0	84	92	America/New_York	2017-05-23
5134441	Rossman	Rossman		42.33147	-73.74373	P	PPL	US		NY	021	71443		0	14	32	America/New_York	2017-05-23
5134447	Rosstown	Rosstown		42.02424	-76.84107	P	PPL	US		NY	015	69617		0	351	356	America/New_York	2017-05-23
5134448	Rossville	Rossville		41.59204	-74.06903	P	PPL	US		NY	071	50045		0	192	193	America/New_York	2017-05-23
5134449	Rossville	Rossville	Blazing Star,Rossville	40.55566	-74.21348	P	PPL	US		NY	085			18792	4	4	America/New_York	2017-04-16
5134453	Rotterdam	Rotterdam		42.78702	-73.97096	P	PPL	US		NY	093	63935		20652	103	101	America/New_York	2017-05-23
5134454	Rotterdam Junction	Rotterdam Junction		42.87452	-74.04652	P	PPL	US		NY	093	63935		0	76	76	America/New_York	2017-05-23
5134457	Rough and Ready	Rough and Ready		42.10757	-77.65221	P	PPL	US		NY	101	30741		0	518	521	America/New_York	2017-05-23
5134479	Round Lake	Round Lake	Round Lake,Roundlake	42.93869	-73.78984	P	PPL	US		NY	091	44743		621	50	51	America/New_York	2017-05-23
5134484	Rosendale	Rosendale		41.84398	-74.08209	P	PPL	US		NY	111	63737		0	20	20	America/New_York	2017-05-23
5134532	Round Top	Round Top		42.26898	-74.02736	P	PPL	US		NY	039	11649		0	184	185	America/New_York	2017-05-23
5134565	Rouses Point	Rouses Point	RSX,Rauzes Pojnt,Rouse Point,Rouse's Point,Rouses Point,rwss bwynt,Раузес Појнт,روسس بوينت	44.99393	-73.36486	P	PPL	US		NY	019	13750		2169	34	35	America/New_York	2017-05-23
5134569	Rowan Corners	Rowan Corners		42.98451	-75.81658	P	PPL	US		NY	053	25593		0	468	467	America/New_York	2017-05-23
5134575	Roxbury	Roxbury		40.56649	-73.89069	P	PPL	US		NY	081			0	2	3	America/New_York	2006-01-15
5134584	Royalton Center	Royalton Center	O-ge-a-wa-te-ka-e,Royalton,Royalton Center	43.16367	-78.53836	P	PPL	US		NY	063	64034		0	196	197	America/New_York	2017-05-23
5134588	Ruback Camp	Ruback Camp		43.02507	-74.06624	P	PPL	US		NY	091	28112		0	265	277	America/New_York	2017-05-23
5134589	Ruby	Ruby		42.01815	-74.01486	P	PPL	US		NY	111	75935		0	95	97	America/New_York	2017-05-23
5134590	Ruby Corner	Ruby Corner	Ruby Corner,Ruby Corners	44.45228	-75.59634	P	PPL	US		NY	089	44391		0	94	93	America/New_York	2017-05-23
5134592	Rudco	Rudco		41.65009	-73.94125	P	PPL	US		NY	027	59652		0	24	26	America/New_York	2017-05-23
5134595	Rudeston	Rudeston		43.43618	-74.50932	P	PPL	US		NY	041	02572		0	515	516	America/New_York	2017-05-23
5134604	Rumsey Ridge	Rumsey Ridge	Ramsey Ridge,Rumsey Ridge	43.16617	-79.01727	P	PPL	US		NY	063	42158		0	186	188	America/New_York	2017-05-23
5134623	Rural Grove	Rural Grove	Leatherville,Root,Rural Grove,Ruralgrove,Unionville	42.84813	-74.44097	P	PPL	US		NY	057	63561		0	285	280	America/New_York	2017-05-23
5134624	Rural Hill	Rural Hill	Buck Hill,Rural Hill	43.79423	-76.17326	P	PPL	US		NY	045	24086		0	125	126	America/New_York	2017-05-23
5134634	Rush Run	Rush Run		42.24591	-76.75718	P	PPL	US		NY	015	77310		0	433	438	America/New_York	2017-05-23
5134636	Rushford	Rushford	Kellogville,Rushford	42.39229	-78.25362	P	PPL	US		NY	003	64166		363	457	459	America/New_York	2017-05-23
5134641	Rushville	Rushville		42.76007	-77.22637	P	PPL	US		NY	123	59597		665	267	270	America/New_York	2017-05-23
5134644	Russ Mills	Russ Mills	Russ Mills,Russes Mill	43.36729	-76.24104	P	PPL	US		NY	075	56154		0	133	133	America/New_York	2017-05-23
5134647	Russell	Russell		44.42951	-75.14993	P	PPL	US		NY	089	64221		0	188	187	America/New_York	2017-05-23
5134653	Russell Gardens	Russell Gardens		40.78121	-73.72458	P	PPL	US		NY	059	53000		951	40	48	America/New_York	2017-05-23
5134661	Russia	Russia		44.67365	-73.78209	P	PPL	US		NY	019	65211		0	453	455	America/New_York	2017-05-23
5134662	Russia	Russia		43.25868	-75.08211	P	PPL	US		NY	043	64254		0	344	348	America/New_York	2017-05-23
5134673	Rutland Center	Rutland Center	Brooksville,Brookville,Rutland,Rutland Center	43.95451	-75.80686	P	PPL	US		NY	045	64265		0	295	295	America/New_York	2017-05-23
5134679	Rutsonville	Rutsonville		41.67065	-74.25126	P	PPL	US		NY	111	28255		0	132	138	America/New_York	2017-05-23
5134693	Rye	Rye	Hastings,Raj,Roj,Rye,ry,way  nywywrk,Рај,Рой,ري,وای، نیویورک	40.98065	-73.68374	P	PPL	US		NY	119	64309		16046	8	16	America/New_York	2017-05-23
5134696	Rye Brook	Rye Brook	Raj Bruk,ray brwk,Рај Брук,راي بروك	41.01926	-73.68346	P	PPL	US		NY	119	64320		9611	76	77	America/New_York	2017-05-23
5134715	Rynex Corners	Rynex Corners	Rynex Corners,Rynex's Corners	42.82146	-74.07124	P	PPL	US		NY	093	59861		0	305	309	America/New_York	2017-05-23
5134719	Sabael	Sabael		43.7284	-74.30571	P	PPL	US		NY	041	37374		0	532	539	America/New_York	2017-05-23
5134721	Sabattis	Sabattis	Long Lake West,Sabattis	44.08089	-74.70268	P	PPL	US		NY	041	43412		0	552	557	America/New_York	2017-05-23
5134723	Sabbath Day Point	Sabbath Day Point	Sabbath Day Point,Sebbathday Point	43.66756	-73.51401	P	PPL	US		NY	113	31335		0	102	105	America/New_York	2017-05-23
5134729	Sacandaga Park	Sacandaga Park		43.21618	-74.1893	P	PPL	US		NY	035	51407		0	263	266	America/New_York	2017-05-23
5134736	Sackets Harbor	Sackets Harbor	Gahuagojetwadaalote,Sacket Harbor,Sacket's Harbor,Sackets Harbor,Sackets Harbour,Sackett's Harbor,Sacketts Harbor,Sakits Kharbor,Сакитс Харбор	43.94617	-76.11909	P	PPL	US		NY	045	35782		1490	86	89	America/New_York	2017-05-23
5134742	Sacketts Harbor	Sacketts Harbor		42.79645	-77.72083	P	PPL	US		NY	051	28629		0	257	260	America/New_York	2017-05-23
5134789	Saddle Rock Estates	Saddle Rock Estates		40.79371	-73.7418	P	PPL	US		NY	059	53000		466	8	11	America/New_York	2017-05-23
5134800	Sag Harbor	Sag Harbor	Harbor of Sagg,Sag Harbor,Sag Kharbor,Sagaponack Harbor,Sagg Harbor,sa ge gang,sagh harbwr,Саг Харбор,ساغ هاربور,سگ ہاربر، نیو یارک,薩格港	40.99788	-72.29258	P	PPL	US		NY	103	68473		2282	8	10	America/New_York	2017-05-23
5134804	Sagamore	Sagamore		43.76451	-74.62822	P	PPL	US		NY	041	43412		0	596	600	America/New_York	2017-05-23
5134812	Sagaponack	Sagaponack		40.92538	-72.27814	P	PPL	US		NY	103	68473		325	7	8	America/New_York	2017-05-23
5134816	Saddle Rock	Saddle Rock		40.79427	-73.74847	P	PPL	US		NY	059	53000		877	24	24	America/New_York	2017-05-23
5134820	Sages Crossing	Sages Crossing		42.58535	-75.33489	P	PPL	US		NY	017	49957		0	331	333	America/New_York	2017-05-23
5134821	Sagetown	Sagetown		42.02674	-76.95719	P	PPL	US		NY	015	69617		0	377	380	America/New_York	2017-05-23
5134861	Saint Albans	Saint Albans		40.69844	-73.76069	P	PPL	US		NY	081			0	15	16	America/New_York	2006-01-15
5134881	Saint Andrew	Saint Andrew	Saint Andrew,Saint Andrew's,Saint Andrews	41.56926	-74.14542	P	PPL	US		NY	071	48153		0	123	126	America/New_York	2017-05-23
5135101	Saint Elmo	Saint Elmo		41.5887	-74.14153	P	PPL	US		NY	111	66674		0	133	137	America/New_York	2017-05-23
5135152	Saint George	Saint George		40.64455	-74.08014	P	PPL	US		NY	085			0	34	39	America/New_York	2006-01-15
5135185	Saint Huberts	Saint Huberts		44.15727	-73.77319	P	PPL	US		NY	031	39067		0	349	353	America/New_York	2017-05-23
5135192	Saint James	Saint James	Saint James,Saint Jamesville,Sent-Dzhejms,Sher-a-wog,St. James,Сент-Джеймс	40.87899	-73.15678	P	PPL	US		NY	103	68000		13338	46	52	America/New_York	2017-05-23
5135355	Saint Johnsburg	Saint Johnsburg	Johnsburg,Saint Johnsburg,Saint Johnsburgh	43.08867	-78.88976	P	PPL	US		NY	063	81380		0	175	176	America/New_York	2017-05-23
5135356	Saint Johnsville	Saint Johnsville		42.99813	-74.68292	P	PPL	US		NY	057			1732	100	101	America/New_York	2011-05-14
5135360	Saint Josen	Saint Josen		41.78148	-74.2082	P	PPL	US		NY	111	63011		0	82	80	America/New_York	2017-05-23
5135384	Saint Josephs	Saint Josephs		41.59009	-74.71016	P	PPL	US		NY	105	26528		0	440	445	America/New_York	2017-05-23
5135478	Saint Lawrence	Saint Lawrence		44.17727	-76.16772	P	PPL	US		NY	045	12364		0	107	107	America/New_York	2017-05-23
5135485	Saint Lawrence Park	Saint Lawrence Park		44.30977	-75.96301	P	PPL	US		NY	045	01176		0	83	81	America/New_York	2017-05-23
5135584	Saint Mary's Park Houses	Saint Mary's Park Houses		40.81482	-73.90958	P	PPLX	US		NY	005			0	13	21	America/New_York	2007-02-14
5135963	Saint Regis	Saint Regis		44.99727	-74.65102	P	PPL	US		NY	033			0	52	49	America/New_York	2006-01-15
5135964	Saint Regis Falls	Saint Regis Falls		44.67395	-74.5449	P	PPL	US		NY	033	78795		464	386	390	America/New_York	2017-05-23
5136086	Saintsville	Saintsville		43.08201	-75.96353	P	PPL	US		NY	067	45029		0	122	122	America/New_York	2017-05-23
5136087	Sala	Sala		43.4359	-76.33104	P	PPL	US		NY	075	50342		0	127	129	America/New_York	2017-05-23
5136088	Salamanca	Salamanca	Salamanka,Salamanko,salamanka,salamanka  nywywrk,Саламанка,Саламанко,سالامانكا,سالامانکا، نیویورک	42.15784	-78.71503	P	PPL	US		NY	009	64749		5586	421	417	America/New_York	2017-05-23
5136091	Salem	Salem	New Perth,Salem,Sejlem,White Creek,Сейлем	43.1723	-73.32761	P	PPL	US		NY	115	64782		929	147	149	America/New_York	2017-05-23
5136094	Salem Center	Salem Center	Salem Center,Salem Centre	41.32926	-73.59818	P	PPL	US		NY	119	53517		0	103	111	America/New_York	2017-05-23
5136097	Salem Corner	Salem Corner		42.95451	-75.9577	P	PPL	US		NY	067	59036		0	332	336	America/New_York	2017-05-23
5136106	Salisbury	Salisbury	Salisbury,Salisbury Corners	43.13424	-74.82404	P	PPL	US		NY	043	64837		0	372	375	America/New_York	2017-05-23
5136107	Salisbury	Salisbury		40.74566	-73.56013	P	PPL	US		NY	059	34000		12093	33	35	America/New_York	2017-05-23
5136108	Salisbury Center	Salisbury Center	Salisbury Center,Salisbury Centre	43.14257	-74.78654	P	PPL	US		NY	043	64837		0	327	329	America/New_York	2017-05-23
5136111	Salisbury Mills	Salisbury Mills		41.43065	-74.11903	P	PPL	US		NY	071	07003		536	93	96	America/New_York	2017-05-23
5136143	Salt Springville	Salt Springville	Salt Springsville,Salt Springville	42.85924	-74.7457	P	PPL	US		NY	057	47614		0	302	301	America/New_York	2017-05-23
5136144	Saltaire	Saltaire		40.63621	-73.19678	P	PPL	US		NY	103	38000		37	1	5	America/New_York	2017-05-23
5136151	Sammonsville	Sammonsville		42.98841	-74.43347	P	PPL	US		NY	035	38792		0	144	145	America/New_York	2017-05-23
5136154	Salt Point	Salt Point		41.80676	-73.79319	P	PPL	US		NY	027	58695		190	72	79	America/New_York	2017-05-23
5136159	Sampson	Sampson		42.72924	-76.90024	P	PPL	US		NY	099	63440		0	172	173	America/New_York	2017-05-23
5136170	Samsondale	Samsondale		41.20871	-73.97708	P	PPL	US		NY	087	32765		0	23	27	America/New_York	2017-05-23
5136171	Samsonville	Samsonville	Sampsonville,Samsonville	41.88759	-74.29404	P	PPL	US		NY	111	54749		0	262	262	America/New_York	2017-05-23
5136174	San Juan Hill	San Juan Hill		40.76732	-73.98431	P	PPLW	US		NY	061			0	24	46	America/New_York	2009-08-05
5136175	San Remo	San Remo		40.88204	-73.22067	P	PPL	US		NY	103	68000		0	49	53	America/New_York	2017-05-23
5136177	Sanborn	Sanborn		43.13672	-78.88476	P	PPL	US		NY	063	11803		1645	193	196	America/New_York	2017-05-23
5136190	Sand Hill	Sand Hill		43.05895	-78.55808	P	PPL	US		NY	029	50716		0	186	188	America/New_York	2017-05-23
5136192	Sand Hill	Sand Hill		42.94424	-74.6332	P	PPL	US		NY	057	47614		0	128	131	America/New_York	2017-05-23
5136193	Sand Hill	Sand Hill		42.37869	-75.26212	P	PPL	US		NY	077	76012		0	346	348	America/New_York	2017-05-23
5136209	Sand Lake	Sand Lake	East Sand Lake,Middletown,Sand Lake,Sand-Lake,Sandlake,Sliter's Corners,West Sand Lake	42.6373	-73.54067	P	PPL	US		NY	083	65013		0	238	240	America/New_York	2017-05-23
5136216	Sand Point	Sand Point		42.83395	-77.70333	P	PPL	US		NY	051	42961		0	250	247	America/New_York	2017-05-23
5136237	Sand Ridge	Sand Ridge		43.2559	-76.23021	P	PPL	US		NY	075	65618		849	132	134	America/New_York	2017-05-23
5136242	Sandfordville	Sandfordville		44.732	-74.89936	P	PPL	US		NY	089	71410		0	116	113	America/New_York	2017-05-23
5136245	Sands Point	Sands Point	Sands Pojnt,sandz bwynt,Сандс Појнт,ساندز بوينت	40.85177	-73.71874	P	PPL	US		NY	059	53000		2752	13	19	America/New_York	2017-05-23
5136252	Sandy Bay	Sandy Bay		43.20535	-76.08326	P	PPL	US		NY	067	15704		0	113	115	America/New_York	2017-05-23
5136254	Sandy Beach	Sandy Beach	Peach Haven,Peachhaven,Sandy Beach	43.05645	-78.95976	P	PPL	US		NY	029	29828		0	174	175	America/New_York	2017-05-23
5136259	Sandusky	Sandusky		42.4959	-78.38446	P	PPL	US		NY	009	27441		0	497	498	America/New_York	2017-05-23
5136263	Sandy Creek	Sandy Creek	Sandy Creek,Sandycreek,Washingtonville	43.64424	-76.08603	P	PPL	US		NY	075	65079		745	152	155	America/New_York	2017-05-23
5136265	Sandy Harbour Beach	Sandy Harbour Beach		43.35228	-77.89418	P	PPL	US		NY	055	31797		0	76	80	America/New_York	2017-05-23
5136274	Sandy Pond	Sandy Pond		43.6359	-76.18409	P	PPL	US		NY	075	65079		0	80	84	America/New_York	2017-05-23
5136278	Sanford	Sanford		42.01534	-78.23557	P	PPL	US		NY	003	28563		0	462	464	America/New_York	2017-05-23
5136279	Sanford	Sanford	Creek Settlement,Sanford	42.1023	-75.48351	P	PPL	US		NY	007	65112		0	359	360	America/New_York	2017-05-23
5136294	Sangerfield	Sangerfield	Sangerfield,Sangerfield Center,Skanawis	42.91396	-75.37906	P	PPL	US		NY	065	65134		0	380	379	America/New_York	2017-05-23
5136298	Sanitaria Springs	Sanitaria Springs	Osborne Hollow,Sanitaria Springs	42.16008	-75.76519	P	PPL	US		NY	007	17046		0	339	343	America/New_York	2017-05-23
5136300	Santa Clara	Santa Clara		44.63367	-74.45739	P	PPL	US		NY	033	65178		0	408	406	America/New_York	2017-05-23
5136318	Saranac	Saranac	Saranac,Saranac Hollow	44.65143	-73.74348	P	PPL	US		NY	019	65211		0	243	245	America/New_York	2017-05-23
5136321	Saranac Inn	Saranac Inn	Saranac Inn,Upper Saranac	44.34617	-74.31766	P	PPL	US		NY	033	65178		0	488	494	America/New_York	2017-05-23
5136322	Saranac Lake	Saranac Lake	SLK,sarank lyk,سارانك ليك	44.3295	-74.13127	P	PPL	US		NY	033	32314		5274	471	469	America/New_York	2017-05-23
5136329	Saratoga Lake	Saratoga Lake		43.05119	-73.72151	P	PPL	US		NY	091	65244		0	62	65	America/New_York	2017-05-23
5136334	Saratoga Springs	Saratoga Springs	Chi-co-pee,Salatogi,Saratoga Springs,Saratoga-Springs,Saratogo Springz,saeleotogaseupeulingseu,saratogasupuringu,saratwga aspryngz  nywywrk,saratwgha sbrynghs,Саратога Спрингс,Саратога-Спрингс,Саратого Спрингз,Саратоґа-Спрінгс,ساراتوغا سبرينغس,ساراتوگا اسپرینگز، نیویورک,サラトガスプリング,새러토가스프링스	43.08313	-73.78457	P	PPL	US		NY	091	65255		27765	91	96	America/New_York	2017-05-23
5136339	Sardinia	Sardinia	Sardina,Sardinia	42.54117	-78.50808	P	PPL	US		NY	029	65277		0	425	427	America/New_York	2017-05-23
5136345	Sarles Corners	Sarles Corners	Sarles Corner,Sarles Corners,Taylor's Corners	41.18426	-73.56929	P	PPL	US		NY	119	59685		0	116	124	America/New_York	2017-05-23
5136353	Saugerties	Saugerties	Saugerties,Ulster	42.07759	-73.95291	P	PPL	US		NY	111	65299		3903	47	48	America/New_York	2017-05-23
5136361	Sauquoit	Sauquoit	Sauquait,Sauquoit,West Sauquoit	43.00424	-75.25989	P	PPL	US		NY	065	56330		0	264	265	America/New_York	2017-05-23
5136368	Savannah	Savannah		43.06729	-76.75968	P	PPL	US		NY	117	65343		558	128	128	America/New_York	2017-05-23
5136370	Savilton	Savilton	Savil,Savill,Saville,Savilton	41.58315	-74.06848	P	PPL	US		NY	071	50045		0	157	160	America/New_York	2017-05-23
5136371	Savona	Savona	Mud Creek,Savona	42.28868	-77.21831	P	PPL	US		NY	101	04770		808	321	325	America/New_York	2017-05-23
5136380	Sawkill	Sawkill		41.98565	-74.03069	P	PPL	US		NY	111	39738		0	65	70	America/New_York	2017-05-23
5136384	Sawens	Sawens		42.92784	-78.35419	P	PPL	US		NY	037	19719		0	285	285	America/New_York	2017-05-23
5136397	Sawyer	Sawyer		42.06951	-78.09445	P	PPL	US		NY	003	07201		0	591	608	America/New_York	2017-05-23
5136398	Sawyer	Sawyer		43.06478	-78.84476	P	PPL	US		NY	063	53682		0	175	176	America/New_York	2017-05-23
5136399	Sawyer	Sawyer	Sawyer,Sawyers	43.3395	-78.16058	P	PPL	US		NY	073	12496		0	101	104	America/New_York	2017-05-23
5136410	Sawyers Corner	Sawyers Corner	Sawyers Corner,Throop	42.97257	-76.58772	P	PPL	US		NY	011	73770		0	172	171	America/New_York	2017-05-23
5136412	Saxe Corner	Saxe Corner		43.75979	-76.1077	P	PPL	US		NY	045	24086		0	141	140	America/New_York	2017-05-23
5136415	Saxton	Saxton		42.15787	-73.9943	P	PPL	US		NY	111	65299		0	117	121	America/New_York	2017-05-23
5136421	Sayville	Sayville	Sejvil,Сејвил	40.73593	-73.08206	P	PPL	US		NY	103	38000		16853	6	9	America/New_York	2017-05-23
5136427	Scarborough	Scarborough	Scarboro,Scarborough,Wescora	41.13593	-73.85847	P	PPL	US		NY	119	55541		0	42	53	America/New_York	2017-05-23
5136433	Scarsdale	Scarsdale	Skarsdejl,si ka si dai er,skyrdyl,Скарсдејл,سكيرديل,斯卡斯代爾	41.0051	-73.78458	P	PPL	US		NY	119	65442		17885	66	76	America/New_York	2017-05-23
5136437	Scarsdale Downs	Scarsdale Downs		40.98399	-73.78235	P	PPL	US		NY	119	50617		0	88	94	America/New_York	2017-05-23
5136439	Scarsdale Park	Scarsdale Park	Edgewood,Scarsdale Park	40.98343	-73.79319	P	PPL	US		NY	119	65442		0	74	82	America/New_York	2017-05-23
5136449	Schaghticoke	Schaghticoke	Hart's Falls,Harts Falls,Schaghticoke,Schaghticoke Point	42.90008	-73.58539	P	PPL	US		NY	083	65486		588	109	109	America/New_York	2017-05-23
5136454	Schenectady	Schenectady	SCH,Schenectady,Shinetadi,Skanehtati,Skanéhtati,Skenektadi,Skenektadis,Skunektadi,seukinegteodi,si ke nei ke ta di,sknktdy  nywywrk,sknyktady,sqnqtdy,sukenekutadi,Скенектади,Скенектаді,Скънектади,Шинетади,סקנקטדי,سكنيكتادي,سکنکتدی، نیویورک,سکینکٹڈی ، نیویارک,سکینیکٹیڈی، نیو یارک,スケネクタディ,斯克内克塔迪,스키넥터디	42.81424	-73.93957	P	PPLA2	US		NY	093	65508		65305	74	78	America/New_York	2017-05-23
5136465	Schenevus	Schenevus	Jacksonboro,Schenevus	42.54897	-74.82099	P	PPL	US		NY	077	45920		551	397	396	America/New_York	2017-05-23
5136467	Schaghticoke Hill	Schaghticoke Hill		42.87869	-73.60567	P	PPL	US		NY	083	65486		0	122	122	America/New_York	2017-05-23
5136469	Schepps Corners	Schepps Corners		43.11535	-76.00325	P	PPL	US		NY	067	45029		0	126	128	America/New_York	2017-05-23
5136472	Schermerhorn Landing	Schermerhorn Landing	Schemerhorn's Landing,Schermerhorn Landing	44.41283	-75.79051	P	PPL	US		NY	089	31841		0	75	73	America/New_York	2017-05-23
5136487	Schodack Center	Schodack Center	Schodack,Schodack Centre	42.55452	-73.67651	P	PPL	US		NY	083	65541		0	91	94	America/New_York	2017-05-23
5136494	Schoharie	Schoharie	Brunnen Dorp,Brunnendorf,Fountain Village,Schoharie,Sommersville	42.66591	-74.30958	P	PPLA2	US		NY	095	65596		838	183	188	America/New_York	2017-05-23
5136498	Schodack Landing	Schodack Landing	Schodack Landing,Shodack Landing	42.47953	-73.76957	P	PPL	US		NY	083	65541		0	18	17	America/New_York	2017-05-23
5136499	Schoharie Junction	Schoharie Junction		42.72258	-74.32485	P	PPL	US		NY	095	24724		0	185	181	America/New_York	2017-05-23
5136507	Scholes	Scholes		42.35201	-77.92056	P	PPL	US		NY	003	06717		0	497	495	America/New_York	2017-05-23
5136508	Schonowe	Schonowe		42.81008	-73.99401	P	PPL	US		NY	093	63935		0	90	94	America/New_York	2017-05-23
5137351	Schroon Falls	Schroon Falls		43.89923	-73.74874	P	PPL	US		NY	031	65629		0	259	257	America/New_York	2017-05-23
5137353	Schroon Lake	Schroon Lake	Schroon Lake,Skaniatarowa:nen Lake,Skaniatarowá:nen Lake	43.83867	-73.76096	P	PPL	US		NY	031	65629		833	265	264	America/New_York	2017-05-23
5137360	Schultzville	Schultzville		41.87759	-73.80402	P	PPL	US		NY	027	16408		0	118	124	America/New_York	2017-05-23
5137372	Schuyler Falls	Schuyler Falls	Schuyler Falls,Schuyler's Falls	44.62866	-73.55791	P	PPL	US		NY	019	65717		0	131	132	America/New_York	2017-05-23
5137376	Schuyler Lake	Schuyler Lake	Kaniatara:ke,Kaniatarà:ke,Schuyler Lake,Schuyler's Lake,Schuylers Lake	42.78035	-75.02794	P	PPL	US		NY	077	24845		0	399	399	America/New_York	2017-05-23
5137380	Schuylerville	Schuylerville	Old Saratoga,Saratoga,Schuylersville,Schuylerville,Skajlervil,shaylrfyl,Скајлервил,شايلرفيل	43.10008	-73.58178	P	PPL	US		NY	091	65244		1374	39	44	America/New_York	2017-05-23
5137392	Scio	Scio	Blood's,Scio	42.17146	-77.97861	P	PPL	US		NY	003	65772		609	444	445	America/New_York	2017-05-23
5137394	Sciola	Sciola		44.89587	-73.54931	P	PPL	US		NY	019	14113		0	114	116	America/New_York	2017-05-23
5137397	Scipio Center	Scipio Center	Scipio,Scipio Center	42.78368	-76.55911	P	PPL	US		NY	011	65816		0	363	364	America/New_York	2017-05-23
5137399	Scipioville	Scipioville	Fitch's Corners,Mechanicsville,Scipioville,Watkins Corner,Watkins Settlement	42.78201	-76.62494	P	PPL	US		NY	011	65816		0	300	302	America/New_York	2017-05-23
5137404	Sconondoa	Sconondoa		43.0959	-75.62351	P	PPL	US		NY	065	77178		0	136	137	America/New_York	2017-05-23
5137414	Scotch Church	Scotch Church		42.87174	-74.13513	P	PPL	US		NY	057	26308		0	294	295	America/New_York	2017-05-23
5137416	Scotch Hill	Scotch Hill		42.67313	-75.0646	P	PPL	US		NY	077	32589		0	502	502	America/New_York	2017-05-23
5137420	Scotchbrush	Scotchbrush	Scotchbrush,Scotchbush	43.07174	-74.57375	P	PPL	US		NY	035	24603		0	439	439	America/New_York	2017-05-23
5137421	Scotchtown	Scotchtown	Scotch Town,Scotchtown	41.48148	-74.36015	P	PPL	US		NY	071	77992		9212	220	224	America/New_York	2017-05-23
5137423	Scotia	Scotia	Skosha,skwtya,Скоша,سكوتيا	42.82647	-73.96429	P	PPL	US		NY	093	29366		7727	74	77	America/New_York	2017-05-23
5137424	Scott	Scott	Scott,Scott Center	42.72951	-76.24326	P	PPL	US		NY	023	65915		0	430	432	America/New_York	2017-05-23
5137426	Scotch Bush	Scotch Bush	Scotch Bush,Scotchbush	42.85757	-74.19541	P	PPL	US		NY	057	26308		0	216	218	America/New_York	2017-05-23
5137448	Scotts Corner	Scotts Corner	Scott's Corners,Scotts Corner	41.52565	-74.2007	P	PPL	US		NY	071	48153		0	126	128	America/New_York	2017-05-23
5137451	Scotts Corners	Scotts Corners	Scott Corners,Scotts Corners	41.18926	-73.55068	P	PPL	US		NY	119	59685		711	121	129	America/New_York	2017-05-23
5137453	Scottsburg	Scottsburg	Collartown,Scottsburg,Scottsburgh	42.66423	-77.71416	P	PPL	US		NY	051	70101		117	282	282	America/New_York	2017-05-23
5137454	Scottsville	Scottsville	Oatka,Scottsville,Skotsvil,skwtfyl,Скотсвил,سكوتفيل,سکاٹسویل، نیو یارک	43.0259	-77.74528	P	PPL	US		NY	055	81402		1977	185	190	America/New_York	2017-05-23
5137464	Scriba	Scriba	Scriba,Scriba Center,Scriba Corners	43.46535	-76.43049	P	PPL	US		NY	075	65992		0	112	120	America/New_York	2017-05-23
5137469	Scribner Corners	Scribner Corners		43.05424	-75.6324	P	PPL	US		NY	053	54837		0	172	170	America/New_York	2017-05-23
5137483	Sea Breeze	Sea Breeze		43.23062	-77.54222	P	PPL	US		NY	055	37726		0	98	105	America/New_York	2017-05-23
5137484	Sea Cliff	Sea Cliff	Carpenterville,Littleworth,Sea Cliff,Sea Cliff Grove,Si Klif,sy klyf,Си Клиф,سي كليف	40.84899	-73.64485	P	PPL	US		NY	059	56000		5025	57	58	America/New_York	2017-05-23
5137489	Scuttlehole	Scuttlehole		40.93538	-72.34008	P	PPL	US		NY	103	68473		0	11	11	America/New_York	2017-05-23
5137499	Seagate	Seagate		40.57594	-74.00931	P	PPL	US		NY	047			0	4	6	America/New_York	2006-01-15
5137500	Seager	Seager		42.06176	-74.5446	P	PPL	US		NY	111	32116		0	596	611	America/New_York	2017-05-23
5137507	Seaford	Seaford	Jerusalem South,Seaford	40.66593	-73.48818	P	PPL	US		NY	059	34000		15294	3	5	America/New_York	2017-05-23
5137517	Searingtown	Searingtown		40.77482	-73.65568	P	PPL	US		NY	059	53000		4915	39	43	America/New_York	2017-05-23
5137521	Sears Corners	Sears Corners		41.42871	-73.57735	P	PPL	US		NY	079	68924		0	148	151	America/New_York	2017-05-23
5137527	Searsburg	Searsburg	Searsburg,Searsburgh	42.5309	-76.73578	P	PPL	US		NY	097	33073		0	407	411	America/New_York	2017-05-23
5137528	Searsville	Searsville	Searsburgh,Searsville	41.5637	-74.3071	P	PPL	US		NY	071	18916		0	146	149	America/New_York	2017-05-23
5137529	Seaside	Seaside		40.58316	-73.82819	P	PPL	US		NY	081			12754	3	7	America/New_York	2017-04-16
5137534	Seaview	Seaview		40.64704	-73.149	P	PPL	US		NY	103	38000		0	1	5	America/New_York	2017-05-23
5137559	Second Milo	Second Milo		42.61479	-77.03858	P	PPL	US		NY	123	47504		0	323	325	America/New_York	2017-05-23
5137573	Secor Gardens	Secor Gardens		40.99454	-73.76097	P	PPL	US		NY	119	65442		0	63	69	America/New_York	2017-05-23
5137584	Seeley Creek	Seeley Creek	Seeley Creek,Seely Creek	42.01452	-76.89246	P	PPL	US		NY	015	69617		0	316	322	America/New_York	2017-05-23
5137598	Seifert Corners	Seifert Corners		43.22535	-75.53629	P	PPL	US		NY	065	63418		0	126	127	America/New_York	2017-05-23
5137600	Selden	Selden	Selden,Westfield,Селден	40.86649	-73.03566	P	PPL	US		NY	103	10000		19851	27	31	America/New_York	2017-05-23
5137604	Selkirk	Selkirk		42.5323	-73.79846	P	PPL	US		NY	001	06354		0	49	53	America/New_York	2017-05-23
5137605	Selkirk	Selkirk		43.57424	-76.20271	P	PPL	US		NY	075	61533		0	75	74	America/New_York	2017-05-23
5137611	Semans Corner	Semans Corner		42.66284	-77.38582	P	PPL	US		NY	069	49440		0	441	441	America/New_York	2017-05-23
5137612	Sempronius	Sempronius	Nonesuch,Sempronius,Vansville	42.72951	-76.31521	P	PPL	US		NY	011	66278		0	487	490	America/New_York	2017-05-23
5137617	Seneca Castle	Seneca Castle	Castleton,Seneca Castle	42.88701	-77.09608	P	PPL	US		NY	069	66289		0	232	237	America/New_York	2017-05-23
5137622	Seneca Falls	Seneca Falls	Seneca Falls,Shaseounse	42.91062	-76.79662	P	PPL	US		NY	099	66333		6681	137	138	America/New_York	2017-05-23
5137626	Seneca Heights	Seneca Heights		42.06895	-78.42669	P	PPL	US		NY	009	54716		0	435	436	America/New_York	2017-05-23
5137628	Seneca Hill	Seneca Hill		43.4009	-76.47022	P	PPL	US		NY	075	77662		0	120	121	America/New_York	2017-05-23
5137631	Seneca Knolls	Seneca Knolls		43.12007	-76.28632	P	PPL	US		NY	067	76760		2011	124	127	America/New_York	2017-05-23
5137635	Seneca Mills	Seneca Mills		42.66118	-77.00524	P	PPL	US		NY	123	47504		0	208	198	America/New_York	2017-05-23
5137653	Sentinel Heights	Sentinel Heights		42.95007	-76.11492	P	PPL	US		NY	067	54958		0	382	383	America/New_York	2017-05-23
5137657	Sennett	Sennett		42.99479	-76.53272	P	PPL	US		NY	011	66443		0	181	184	America/New_York	2017-05-23
5137663	Setauket	Setauket	Ashford,Setauket,Setawke	40.9351	-73.11844	P	PPL	US		NY	103	10000		0	8	14	America/New_York	2017-05-23
5137684	Seventh Day Hollow	Seventh Day Hollow		42.68423	-75.76186	P	PPL	US		NY	017	55717		0	407	407	America/New_York	2017-05-23
5137691	Severance	Severance		43.87589	-73.73041	P	PPL	US		NY	031	65629		0	256	255	America/New_York	2017-05-23
5137692	Severance	Severance		43.05034	-77.72806	P	PPL	US		NY	055	15462		0	163	165	America/New_York	2017-05-23
5137697	Sevey	Sevey		44.29756	-74.71685	P	PPL	US		NY	089	17409		0	467	466	America/New_York	2017-05-23
5137702	Seward	Seward	Neeley's Hollow,Neeleys Hollow,Seward,Seward Valley	42.72091	-74.60875	P	PPL	US		NY	095	66542		0	361	362	America/New_York	2017-05-23
5137727	Shackport	Shackport		42.38675	-74.9246	P	PPL	US		NY	025	46624		0	611	611	America/New_York	2017-05-23
5137731	Shadigee	Shadigee		43.37506	-78.38891	P	PPL	US		NY	073	83448		0	81	83	America/New_York	2017-05-23
5137736	Shady	Shady		42.06648	-74.15931	P	PPL	US		NY	111	83052		0	297	306	America/New_York	2017-05-23
5137737	Shady Corner Curve	Shady Corner Curve		44.21727	-73.93098	P	PPL	US		NY	031	51935		0	688	690	America/New_York	2017-05-23
5137746	Shaker Crossing	Shaker Crossing	Shaker,Shaker Crossing	42.73423	-77.84861	P	PPL	US		NY	051	48956		0	170	173	America/New_York	2017-05-23
5137750	Shaker Place	Shaker Place		43.32424	-74.52431	P	PPL	US		NY	041	02572		0	500	505	America/New_York	2017-05-23
5137753	Shakers	Shakers		42.73952	-73.81123	P	PPL	US		NY	001	17343		0	83	85	America/New_York	2017-05-23
5137762	Shamrock	Shamrock		42.9009	-76.3616	P	PPL	US		NY	067	67521		0	379	380	America/New_York	2017-05-23
5137763	Shandaken	Shandaken	Great Shandaken,Shandaken,Shandaken Center	42.12009	-74.39543	P	PPL	US		NY	111	66597		0	322	322	America/New_York	2017-05-23
5137767	Shandelee	Shandelee		41.87898	-74.87127	P	PPL	US		NY	105	11759		0	646	651	America/New_York	2017-05-23
5137787	Sharon Center	Sharon Center	Sharon Center,Sharon Centre	42.78007	-74.58653	P	PPL	US		NY	095	66641		0	439	440	America/New_York	2017-05-23
5137788	Sharon Springs	Sharon Springs	Sharon-Springs,Sheron Springs,sharwn sbrynghz,Шарон-Спрингс,Шарон-Спрінгс,Шерон Спрингс,شارون سبرينغز	42.79591	-74.61709	P	PPL	US		NY	095	66641		528	336	338	America/New_York	2017-05-23
5137789	Sharon Station	Sharon Station		41.88343	-73.52012	P	PPL	US		NY	027	51891		0	188	191	America/New_York	2017-05-23
5137802	Sharon	Sharon	Sharon,Sharon Hill	42.76119	-74.53264	P	PPL	US		NY	095	66641		0	361	358	America/New_York	2017-05-23
5137816	Shaw Corners	Shaw Corners		43.0823	-74.03207	P	PPL	US		NY	091	59949		0	360	360	America/New_York	2017-05-23
5137834	Shawnee	Shawnee		43.12811	-78.83781	P	PPL	US		NY	063	81380		0	189	190	America/New_York	2017-05-23
5137842	Sheenwater	Sheenwater		42.99533	-79.01588	P	PPL	US		NY	029	29828		0	177	180	America/New_York	2017-05-23
5137846	Sheds	Sheds		42.81118	-75.83019	P	PPL	US		NY	053	20401		0	440	438	America/New_York	2017-05-23
5137849	Sheepshead Bay	Sheepshead Bay		40.59122	-73.94458	P	PPL	US		NY	047			122534	3	4	America/New_York	2017-04-16
5137856	Shekomeko	Shekomeko	Shacameco,Shekomeko	41.92815	-73.59901	P	PPL	US		NY	027	51891		0	193	200	America/New_York	2017-05-23
5137859	Shelby Center	Shelby Center	Barnegat,Shelby,Shelby Center	43.1895	-78.39225	P	PPL	US		NY	073	66751		0	183	186	America/New_York	2017-05-23
5137861	Sheldon	Sheldon		42.73728	-78.41863	P	PPL	US		NY	121	66773		0	461	465	America/New_York	2017-05-23
5137864	Shelby Basin	Shelby Basin		43.21589	-78.43058	P	PPL	US		NY	073	66751		0	160	159	America/New_York	2017-05-23
5137866	Sheldon Center	Sheldon Center		42.73784	-78.38835	P	PPL	US		NY	121	66773		0	507	509	America/New_York	2017-05-23
5137874	Sheldrake	Sheldrake	Sheldrake,Sheldrake Point	42.66507	-76.70162	P	PPL	US		NY	099	55827		0	122	123	America/New_York	2017-05-23
5137876	Sheldon Hall	Sheldon Hall		42.11811	-79.31449	P	PPL	US		NY	013	23976		0	400	407	America/New_York	2017-05-23
5137881	Sheldrake Springs	Sheldrake Springs		42.6584	-76.75467	P	PPL	US		NY	099	55827		0	256	258	America/New_York	2017-05-23
5137894	Shelter Island	Shelter Island		41.06815	-72.33869	P	PPL	US		NY	103	66839		1333	16	21	America/New_York	2017-05-23
5137895	Shelter Island Heights	Shelter Island Heights		41.08399	-72.35592	P	PPL	US		NY	103	66839		1048	17	24	America/New_York	2017-05-23
5137905	Shenandoah	Shenandoah	Shenandoah,Shenandoah Corners	41.5287	-73.7893	P	PPL	US		NY	027	21996		0	114	125	America/New_York	2017-05-23
5137909	Shenorock	Shenorock	Lake Shenorock,Lake Shenrock,Shenorock	41.33176	-73.73819	P	PPL	US		NY	119	68308		1898	155	160	America/New_York	2017-05-23
5137918	Shepard Settlement	Shepard Settlement		42.99534	-76.38327	P	PPL	US		NY	067	67521		0	286	286	America/New_York	2017-05-23
5137924	Shepards Corner	Shepards Corner		43.10507	-76.8394	P	PPL	US		NY	117	28013		0	143	145	America/New_York	2017-05-23
5137925	Sherburne	Sherburne	Ganadadele,Sherburne	42.67813	-75.49851	P	PPL	US		NY	017	66894		1332	319	322	America/New_York	2017-05-23
5137926	Sherburne Four Corners	Sherburne Four Corners		42.64813	-75.54657	P	PPL	US		NY	017	58772		0	330	333	America/New_York	2017-05-23
5137929	Sheridan	Sheridan	Sheridan,Sheridan Center	42.48839	-79.23726	P	PPL	US		NY	013	66916		0	228	233	America/New_York	2017-05-23
5137938	Sherman	Sherman	Kipville,Millerville,Sherman,Шерман	42.15922	-79.59533	P	PPL	US		NY	013	66960		701	469	472	America/New_York	2017-05-23
5137940	Sherlock Corners	Sherlock Corners		42.89673	-76.56605	P	PPL	US		NY	011	26231		0	236	233	America/New_York	2017-05-23
5137952	Sherman Park	Sherman Park		41.12676	-73.77513	P	PPL	US		NY	119	49011		0	110	115	America/New_York	2017-05-23
5137956	Shermans Bay	Shermans Bay		42.09895	-79.3481	P	PPL	US		NY	013	11451		0	403	406	America/New_York	2017-05-23
5137957	Sherrill	Sherrill	Sherrill,Turikesreet,Turkey Street	43.07368	-75.59824	P	PPL	US		NY	065	66993		3066	151	151	America/New_York	2017-05-23
5137968	Sherwood	Sherwood		42.7609	-76.62133	P	PPL	US		NY	011	65816		0	321	323	America/New_York	2017-05-23
5137969	Sherwood Park	Sherwood Park		42.6048	-73.71762	P	PPL	US		NY	083	22117		0	78	77	America/New_York	2017-05-23
5137976	Sherwood Knolls	Sherwood Knolls		43.03757	-76.25909	P	PPL	US		NY	067	11913		0	178	181	America/New_York	2017-05-23
5137984	Shin Hollow	Shin Hollow		41.40482	-74.61544	P	PPL	US		NY	071	19961		0	212	218	America/New_York	2017-05-23
5138003	Shinhopple	Shinhopple		42.0387	-75.06767	P	PPL	US		NY	025	16793		0	324	329	America/New_York	2017-05-23
5138007	Shinnecock Hills	Shinnecock Hills		40.89093	-72.4637	P	PPL	US		NY	103	68473		2188	24	23	America/New_York	2017-05-23
5138021	Shirley	Shirley		42.57673	-78.91365	P	PPL	US		NY	029	51803		0	323	327	America/New_York	2017-05-23
5138022	Shirley	Shirley	Shirli,WSH,Ширли	40.80149	-72.8676	P	PPL	US		NY	103	10000		27854	16	18	America/New_York	2017-05-23
5138029	Shokan	Shokan	Ashocan,Ashokan,Ashokjan,Caseville,Shokaken,Shokan	41.97343	-74.21209	P	PPL	US		NY	111	54749		1183	216	221	America/New_York	2017-05-23
5138030	Sholam	Sholam		41.82093	-74.41043	P	PPL	US		NY	111	78828		0	379	382	America/New_York	2017-05-23
5138031	Shongo	Shongo	Beanville,Shongo	42.01812	-77.89694	P	PPL	US		NY	003	82095		0	488	493	America/New_York	2017-05-23
5138032	Shongo	Shongo		42.13867	-78.77809	P	PPL	US		NY	009			0	417	419	America/New_York	2006-01-15
5138040	Shore Acres	Shore Acres		42.15034	-79.38005	P	PPL	US		NY	013	23976		0	399	406	America/New_York	2017-05-23
5138041	Shore Acres	Shore Acres		43.347	-77.85084	P	PPL	US		NY	055	31797		0	76	79	America/New_York	2017-05-23
5138042	Shore Acres	Shore Acres		41.0026	-72.54981	P	PPL	US		NY	103	69463		0	5	19	America/New_York	2017-05-23
5138043	Shore Acres	Shore Acres		40.94704	-73.72402	P	PPL	US		NY	119	64320		0	11	15	America/New_York	2017-05-23
5138044	Shore Haven	Shore Haven		42.31395	-79.64171	P	PPL	US		NY	013	79950		0	190	193	America/New_York	2017-05-23
5138045	Shore Oaks	Shore Oaks		43.51868	-76.35716	P	PPL	US		NY	075	50342		0	78	84	America/New_York	2017-05-23
5138048	Shoreham	Shoreham		40.95732	-72.9076	P	PPL	US		NY	103	10000		535	20	27	America/New_York	2017-05-23
5138050	Shorelands	Shorelands		42.24922	-79.4681	P	PPL	US		NY	013	14069		0	403	407	America/New_York	2017-05-23
5138052	Shorewood	Shorewood		42.42868	-77.10247	P	PPL	US		NY	097	75924		0	336	340	America/New_York	2017-05-23
5138068	Short Tract	Short Tract		42.45229	-78.01445	P	PPL	US		NY	003	29905		0	495	496	America/New_York	2017-05-23
5138071	Shortsville	Shortsville	Shorts Mills,Shortsville	42.9559	-77.22081	P	PPL	US		NY	069	44864		1429	189	191	America/New_York	2017-05-23
5138077	Shrub Oak	Shrub Oak	Scrub Oak,Shrub Oak	41.32759	-73.81958	P	PPL	US		NY	119	84077		2011	134	144	America/New_York	2017-05-23
5138082	Shuetown	Shuetown		43.62035	-75.32851	P	PPL	US		NY	049	43995		0	295	295	America/New_York	2017-05-23
5138084	Shultis Corners	Shultis Corners		42.05037	-74.06875	P	PPL	US		NY	111	65299		0	132	133	America/New_York	2017-05-23
5138087	Shumaker Crossing	Shumaker Crossing		42.89451	-76.56966	P	PPL	US		NY	011	26231		0	224	223	America/New_York	2017-05-23
5138089	Shumla	Shumla		42.38672	-79.29865	P	PPL	US		NY	013	58981		0	299	304	America/New_York	2017-05-23
5138092	Shunpike	Shunpike		41.8287	-73.70846	P	PPL	US		NY	027	78388		0	159	161	America/New_York	2017-05-23
5138093	Shurtleff	Shurtleff		44.25534	-74.74463	P	PPL	US		NY	089	17409		0	458	459	America/New_York	2017-05-23
5138095	Shushan	Shushan		43.09035	-73.34289	P	PPL	US		NY	115	64782		0	143	149	America/New_York	2017-05-23
5138096	Shutter Corners	Shutter Corners	Shutter Corners,Shutter's Corners,Shutters Corners	42.67535	-74.25291	P	PPL	US		NY	095	83195		0	206	206	America/New_York	2017-05-23
5138106	Sibleyville	Sibleyville		42.96701	-77.61833	P	PPL	US		NY	055	46558		0	180	180	America/New_York	2017-05-23
5138113	Sidney	Sidney	SXY,Sidnej,Sidney,Susquehanna Flats,Сидней	42.3148	-75.39157	P	PPL	US		NY	025	67345		3755	302	303	America/New_York	2017-05-23
5138114	Sidney Center	Sidney Center	Sidney Center,Sidney Centre	42.29064	-75.25573	P	PPL	US		NY	025	67345		0	396	398	America/New_York	2017-05-23
5138123	Siegfield Park	Siegfield Park		40.84065	-72.93983	P	PPL	US		NY	103	10000		0	15	18	America/New_York	2017-05-23
5138126	Sierks	Sierks		42.82173	-78.30279	P	PPL	US		NY	121	03012		0	302	312	America/New_York	2017-05-23
5138127	Sigby Corners	Sigby Corners		42.86396	-75.4924	P	PPL	US		NY	053	44435		0	456	457	America/New_York	2017-05-23
5138139	Siloam	Siloam	Ellinwood Hollow,Siloam	42.98479	-75.64129	P	PPL	US		NY	053	67785		0	273	274	America/New_York	2017-05-23
5138142	Silver Bay	Silver Bay	Silver Bay,Silverbay	43.69645	-73.50567	P	PPL	US		NY	113	31335		0	106	117	America/New_York	2017-05-23
5138144	Silver Beach	Silver Beach		41.05038	-72.35619	P	PPL	US		NY	103	66839		0	3	14	America/New_York	2017-05-23
5138151	Silver Creek	Silver Creek		42.54423	-79.16671	P	PPL	US		NY	013	32050		2545	179	182	America/New_York	2017-05-23
5138175	Silver Lake	Silver Lake		42.60146	-75.33239	P	PPL	US		NY	077	58343		0	328	329	America/New_York	2017-05-23
5138183	Silver Lake	Silver Lake	Silver Lake,Silverlake	42.70173	-78.02195	P	PPL	US		NY	121	12782		0	419	427	America/New_York	2017-05-23
5138194	Silver Lake Junction	Silver Lake Junction		42.67228	-78.09334	P	PPL	US		NY	121	27980		0	430	429	America/New_York	2017-05-23
5138211	Silver Springs	Silver Springs		42.66062	-78.08556	P	PPL	US		NY	121	27980		750	431	433	America/New_York	2017-05-23
5138215	Silvernails	Silvernails		42.01481	-73.68318	P	PPL	US		NY	021	28068		0	149	151	America/New_York	2017-05-23
5138226	Simpsonville	Simpsonville		42.50397	-74.78265	P	PPL	US		NY	025	19763		0	420	420	America/New_York	2017-05-23
5138229	Sinclair Corner	Sinclair Corner		44.64367	-74.89103	P	PPL	US		NY	089	56374		0	190	188	America/New_York	2017-05-23
5138234	Sinclairville	Sinclairville	Sinclairville,Sinclearville	42.26395	-79.25866	P	PPL	US		NY	013	13860		565	427	429	America/New_York	2017-05-23
5138241	Sisson	Sisson		44.70561	-74.98686	P	PPL	US		NY	089	59575		0	119	117	America/New_York	2017-05-23
5138286	Skaneateles	Skaneateles	Skaneateles,Skania:tares,Skaniá:tares,Skeneatelas	42.94701	-76.4291	P	PPL	US		NY	067	67521		2474	266	266	America/New_York	2017-05-23
5138290	Skaneateles Junction	Skaneateles Junction	Hart Lot,Skaneateles Junction	43.01118	-76.45744	P	PPL	US		NY	067	23800		0	181	184	America/New_York	2017-05-23
5138293	Skanondaga Heights	Skanondaga Heights		42.87562	-76.4091	P	PPL	US		NY	067	67521		0	303	304	America/New_York	2017-05-23
5138295	Skaneateles Falls	Skaneateles Falls		42.99312	-76.45605	P	PPL	US		NY	067	67521		0	215	218	America/New_York	2017-05-23
5138299	Skerry	Skerry		44.76783	-74.38184	P	PPL	US		NY	033	07839		0	330	331	America/New_York	2017-05-23
5138317	Skinnerville	Skinnerville		44.7845	-74.81575	P	PPL	US		NY	089	71410		0	105	102	America/New_York	2017-05-23
5138326	Skunks Corner	Skunks Corner		42.362	-79.05893	P	PPL	US		NY	009	19840		0	395	396	America/New_York	2017-05-23
5138330	Sky Ranch	Sky Ranch		43.15007	-73.91762	P	PPL	US		NY	091	30444		0	342	348	America/New_York	2017-05-23
5138336	Skytop	Skytop		43.02034	-76.12326	P	PPL	US		NY	067	73000		0	176	180	America/New_York	2017-05-23
5138340	Slab City	Slab City		42.13367	-79.61783	P	PPL	US		NY	013	66960		0	461	462	America/New_York	2017-05-23
5138341	Slab City	Slab City		42.71868	-76.13493	P	PPL	US		NY	023	59773		0	359	362	America/New_York	2017-05-23
5138342	Slab City	Slab City	Bailey's Mills,Slab City	44.66978	-75.09215	P	PPL	US		NY	089	59575		0	106	109	America/New_York	2017-05-23
5138360	Slateville	Slateville		43.33063	-73.28928	P	PPL	US		NY	115	33040		0	185	185	America/New_York	2017-05-23
5138367	Slaterville Springs	Slaterville Springs	Dutch Settlement,Slaterville,Slaterville Springs	42.39563	-76.35049	P	PPL	US		NY	109	12606		0	339	341	America/New_York	2017-05-23
5138371	Sleepy Hollow	Sleepy Hollow	Beekmantown,North Tarrytown,Sleepy Hollow,Slipi Kholou,Slipi-Khollou,duan tou gu,seullipihollo,slyby halw,Слипи Холоу,Слипи-Холлоу,سليبي هالو,斷頭谷,슬리피홀로	41.08565	-73.85847	P	PPL	US		NY	119	49011		10242	27	34	America/New_York	2017-05-23
5138375	Sleepy Hollow Manor	Sleepy Hollow Manor		41.10565	-73.86319	P	PPL	US		NY	119	49011		0	20	29	America/New_York	2017-05-23
5138378	Sleggs Landing	Sleggs Landing		42.80645	-77.71694	P	PPL	US		NY	051	28629		0	253	256	America/New_York	2017-05-23
5138379	Sleightsburg	Sleightsburg	Sleightsberg,Sleightsburg	41.91676	-73.97653	P	PPL	US		NY	111	24691		0	27	31	America/New_York	2017-05-23
5138404	Slingerlands	Slingerlands	Normanskill,Red Hook,Slingerland,Slingerland's,Slingerlands,Slingerlands Station	42.62925	-73.86457	P	PPL	US		NY	001	06354		0	67	69	America/New_York	2017-05-23
5138409	Sloan	Sloan		42.89339	-78.79392	P	PPL	US		NY	029	15011		3601	187	188	America/New_York	2017-05-23
5138412	Sloansville	Sloansville		42.75702	-74.33041	P	PPL	US		NY	095	24724		0	207	204	America/New_York	2017-05-23
5138414	Sloatsburg	Sloatsburg	Pothat,Pothod,Sloatsburg,Sloatsburgh,Slotsberg,Sloutsburg,slatsbwrgh,surosubagu,Слотсберг,Слоутсбърг,سلاتسبورغ,スロースバーグ	41.15454	-74.19292	P	PPL	US		NY	087	60510		3135	105	106	America/New_York	2017-05-23
5138416	Sliters	Sliters	Sliter's Corners,Sliters,Sliters Corners	42.6048	-73.60623	P	PPL	US		NY	083	65013		0	181	184	America/New_York	2017-05-23
5138434	Slyboro	Slyboro		43.41202	-73.33178	P	PPL	US		NY	115	30037		0	198	199	America/New_York	2017-05-23
5138435	Small Corners	Small Corners		42.98035	-75.41906	P	PPL	US		NY	065	45755		0	248	250	America/New_York	2017-05-23
5138437	Smallwood	Smallwood		41.66537	-74.81933	P	PPL	US		NY	105	06310		580	366	370	America/New_York	2017-05-23
5138440	Smartville	Smartville		43.64146	-75.96242	P	PPL	US		NY	075	07674		0	370	370	America/New_York	2017-05-23
5138462	Smith Corner	Smith Corner		42.46536	-74.10097	P	PPL	US		NY	001	61181		0	350	351	America/New_York	2017-05-23
5138464	Smith Corners	Smith Corners	Smith Corners,Smiths Corners	42.9484	-74.8546	P	PPL	US		NY	043	70794		0	347	348	America/New_York	2017-05-23
5138466	Smith Corners	Smith Corners	Smith Corners,Smith's Corners	41.36982	-74.61488	P	PPL	US		NY	071	30631		0	309	314	America/New_York	2017-05-23
5138489	Smith Landing	Smith Landing	Smith Landing,Smith's Landing,Smiths Landing	42.13231	-73.91541	P	PPL	US		NY	039	13013		0	2	3	America/New_York	2017-05-23
5138494	Smith Mills	Smith Mills	Smith Mills,Smith's Mills,Smiths Mills	42.49506	-79.10559	P	PPL	US		NY	013	32050		0	307	308	America/New_York	2017-05-23
5138524	Smith Valley	Smith Valley		42.41396	-76.74106	P	PPL	US		NY	097	33073		0	382	384	America/New_York	2017-05-23
5138526	Smithboro	Smithboro	Smithboro,Smithsborough	42.03396	-76.40022	P	PPL	US		NY	107	73968		0	245	249	America/New_York	2017-05-23
5138529	Smithfield	Smithfield		41.88565	-73.60013	P	PPL	US		NY	027	01693		0	241	246	America/New_York	2017-05-23
5138534	Smiths Clove	Smiths Clove	Smith's Clove,Smiths Clove	41.3462	-74.2007	P	PPL	US		NY	071	07003		0	190	195	America/New_York	2017-05-23
5138535	Smiths Corner	Smiths Corner	Smiths Corner,Smiths Corners,Wethersfield	42.63173	-78.25224	P	PPL	US		NY	121	81325		0	561	563	America/New_York	2017-05-23
5138536	Smiths Corners	Smiths Corners		43.06424	-74.37569	P	PPL	US		NY	035	38792		0	280	280	America/New_York	2017-05-23
5138539	Smithtown	Smithtown	Head of the River,Smithtown,Smitstaun,smythtawn,Смитстаун,سميثتاون	40.85593	-73.20067	P	PPL	US		NY	103	68000		26470	18	24	America/New_York	2017-05-23
5138545	Smithville	Smithville		43.87617	-76.09993	P	PPL	US		NY	045	00210		0	111	114	America/New_York	2017-05-23
5138546	Smithville Center	Smithville Center		42.41229	-75.72825	P	PPL	US		NY	017	68055		0	419	422	America/New_York	2017-05-23
5138547	Smithville Flats	Smithville Flats	Big Flats,Smithville Flats	42.39507	-75.80797	P	PPL	US		NY	017	68055		351	312	314	America/New_York	2017-05-23
5138562	Smyrna	Smyrna	Smirna,Смирна	42.68729	-75.57074	P	PPL	US		NY	017	68110		207	367	374	America/New_York	2017-05-23
5138572	Snake Hill	Snake Hill		43.00341	-73.73429	P	PPL	US		NY	091	71333		0	67	73	America/New_York	2017-05-23
5138610	Snowdon	Snowdon		42.73257	-75.06321	P	PPL	US		NY	077	55695		0	523	524	America/New_York	2017-05-23
5138615	Snufftown	Snufftown		41.32315	-74.43016	P	PPL	US		NY	071	78366		0	122	122	America/New_York	2017-05-23
5138619	Snyder	Snyder	Snyder,Snyderville	42.96367	-78.78392	P	PPL	US		NY	029	02000		0	205	206	America/New_York	2017-05-23
5138638	Snyders Corner	Snyders Corner	Snyder's Corners,Snyders Corner,Snyders Corners	42.67008	-73.62039	P	PPL	US		NY	083	52100		0	135	134	America/New_York	2017-05-23
5138640	Snyders Corners	Snyders Corners		42.35895	-78.91392	P	PPL	US		NY	009	57331		0	467	466	America/New_York	2017-05-23
5138644	Snyderville	Snyderville	Mink Hollow,Snyderville,Weaver Hollow,West Gallatin	42.08453	-73.76596	P	PPL	US		NY	021	28068		0	139	154	America/New_York	2017-05-23
5138647	Snyder Crossing	Snyder Crossing		43.07534	-75.99103	P	PPL	US		NY	067	45029		0	124	127	America/New_York	2017-05-23
5138649	Sodom	Sodom	Sodom,South East Centre,Southeast Center	41.40204	-73.59124	P	PPL	US		NY	079	68924		0	112	117	America/New_York	2017-05-23
5138650	Sodom	Sodom	Sodom,Sodom Corners	43.63562	-73.99874	P	PPL	US		NY	113	38715		0	432	432	America/New_York	2017-05-23
5138652	Sodus	Sodus		43.23784	-77.06136	P	PPL	US		NY	117	68220		1755	133	135	America/New_York	2017-05-23
5138656	Sodus Center	Sodus Center	Sodus Center,Sodus Centre	43.20479	-77.02441	P	PPL	US		NY	117	68220		0	127	126	America/New_York	2017-05-23
5138660	Sodus Point	Sodus Point		43.27173	-76.98914	P	PPL	US		NY	117	68220		878	84	87	America/New_York	2017-05-23
5138662	Soft Maple	Soft Maple		43.92201	-75.2413	P	PPL	US		NY	049	19081		0	360	366	America/New_York	2017-05-23
5138666	Soldiers Place	Soldiers Place		42.92589	-78.87365	P	PPL	US		NY	029	11000		0	188	192	America/New_York	2017-05-23
5138667	Solon	Solon		42.59701	-76.01687	P	PPL	US		NY	023	68264		0	400	396	America/New_York	2017-05-23
5138673	Solsville	Solsville		42.91063	-75.51768	P	PPL	US		NY	053	44435		0	343	348	America/New_York	2017-05-23
5138674	Solvay	Solvay		43.05812	-76.20743	P	PPL	US		NY	067	28519		6425	152	155	America/New_York	2017-05-23
5138675	Somers	Somers	Somers,Somerstown Plains	41.32815	-73.68569	P	PPL	US		NY	119	68308		0	85	91	America/New_York	2017-05-23
5138682	Somerset	Somerset	Somerset,Somerset Corners	43.34756	-78.55586	P	PPL	US		NY	063	68330		0	93	95	America/New_York	2017-05-23
5138687	Somerville	Somerville		44.28312	-75.55661	P	PPL	US		NY	089	63858		0	140	141	America/New_York	2017-05-23
5138691	SoHo	SoHo	Hell's Hundred Acres,SoHo,SoKho,Socho,Sokho,niu yue su hao qu,soho,swhw,Σόχο,СоХо,Сохо,סאהא,סוהו,سوهو,სოჰო,ソーホー,紐約蘇豪區,소호	40.72241	-73.99961	P	PPLX	US		NY	061			0	9	21	America/New_York	2012-10-24
5138692	Sonora	Sonora		42.33396	-77.16664	P	PPL	US		NY	101	04770		0	338	339	America/New_York	2017-05-23
5138694	Sonyea	Sonyea		42.67895	-77.82722	P	PPL	US		NY	051	31016		0	200	200	America/New_York	2017-05-23
5138704	Sound Beach	Sound Beach		40.95621	-72.96788	P	PPL	US		NY	103	10000		7612	54	57	America/New_York	2017-05-23
5138708	Sour Spring Grove	Sour Spring Grove		43.01228	-78.92309	P	PPL	US		NY	029	29828		0	180	182	America/New_York	2017-05-23
5138711	South Addison	South Addison		42.08202	-77.26942	P	PPL	US		NY	101	75737		0	323	327	America/New_York	2017-05-23
5138712	South Alabama	South Alabama	Smithville,South Alabama	43.07367	-78.33558	P	PPL	US		NY	037	00474		0	226	228	America/New_York	2017-05-23
5138713	South Albany	South Albany		42.55147	-73.84568	P	PPL	US		NY	001	06354		0	50	51	America/New_York	2017-05-23
5138715	South Amenia	South Amenia		41.79898	-73.53596	P	PPL	US		NY	027	01693		0	141	147	America/New_York	2017-05-23
5138717	South Amsterdam	South Amsterdam		42.9348	-74.19596	P	PPL	US		NY	057	02066		0	83	84	America/New_York	2017-05-23
5138718	South Apalachin	South Apalachin		42.01924	-76.15521	P	PPL	US		NY	107	55893		0	296	297	America/New_York	2017-05-23
5138719	South Argyle	South Argyle		43.1848	-73.49372	P	PPL	US		NY	115	02561		0	130	134	America/New_York	2017-05-23
5138721	South Attica	South Attica		42.79339	-78.26363	P	PPL	US		NY	121	03012		0	448	451	America/New_York	2017-05-23
5138723	South Avon	South Avon		42.8659	-77.77084	P	PPL	US		NY	051	03364		0	223	224	America/New_York	2017-05-23
5138724	South Barre	South Barre		43.152	-78.14974	P	PPL	US		NY	073	04572		0	195	197	America/New_York	2017-05-23
5138732	South Bay	South Bay		43.15673	-75.74824	P	PPL	US		NY	053	41905		0	118	118	America/New_York	2017-05-23
5138738	South Bay	South Bay		43.52201	-73.50761	P	PPL	US		NY	115	26715		0	35	36	America/New_York	2017-05-23
5138744	South Beach	South Beach	Oude Dorp,South Beach	40.58329	-74.07609	P	PPL	US		NY	085			8029	2	1	America/New_York	2017-04-22
5138748	South Bethlehem	South Bethlehem	Jane's Corners,South Bethlehem	42.53175	-73.84735	P	PPL	US		NY	001	06354		0	65	66	America/New_York	2017-05-23
5138750	South Bloomfield	South Bloomfield		42.86118	-77.38943	P	PPL	US		NY	069	21699		0	265	267	America/New_York	2017-05-23
5138751	South Bolivar	South Bolivar	Honeoye Corners,Honeoye Forks,South Bolivar	42.0059	-78.11529	P	PPL	US		NY	003	07201		0	468	472	America/New_York	2017-05-23
5138752	South Bombay	South Bombay		44.89005	-74.55435	P	PPL	US		NY	033	07278		0	82	81	America/New_York	2017-05-23
5138754	South Bradford	South Bradford		42.31118	-77.12692	P	PPL	US		NY	101	07740		0	561	561	America/New_York	2017-05-23
5138790	South Brookfield	South Brookfield		42.7534	-75.31072	P	PPL	US		NY	053	08587		0	365	366	America/New_York	2017-05-23
5138794	South Butler	South Butler	Harrington's Corners,South Butler	43.13145	-76.76579	P	PPL	US		NY	117	11473		0	122	124	America/New_York	2017-05-23
5138795	South Byron	South Byron	Brusselville,South Byron	43.04839	-78.06557	P	PPL	US		NY	037	11572		0	206	207	America/New_York	2017-05-23
5138796	South Cairo	South Cairo		42.27703	-73.9568	P	PPL	US		NY	039	11649		0	61	65	America/New_York	2017-05-23
5138797	South Cambridge	South Cambridge		42.96424	-73.47678	P	PPL	US		NY	115	11836		0	145	144	America/New_York	2017-05-23
5138798	South Cameron	South Cameron		42.17396	-77.43026	P	PPL	US		NY	101	11880		0	546	546	America/New_York	2017-05-23
5138799	South Canisteo	South Canisteo		42.1959	-77.55054	P	PPL	US		NY	101	12265		0	448	455	America/New_York	2017-05-23
5138800	South Carrollton	South Carrollton		42.10312	-78.66197	P	PPL	US		NY	009			0	430	429	America/New_York	2006-01-15
5138802	South Centerville	South Centerville	Centerville,South Centerville,South Centreville	41.38565	-74.5221	P	PPL	US		NY	071	78839		0	187	190	America/New_York	2017-05-23
5138804	South Chili	South Chili		43.05395	-77.78112	P	PPL	US		NY	055	15462		0	177	178	America/New_York	2017-05-23
5138806	South Brooklyn	South Brooklyn		40.68399	-73.99542	P	PPLX	US		NY	047			0	14	16	America/New_York	2006-08-15
5138808	South Columbia	South Columbia		42.88924	-75.0071	P	PPL	US		NY	043	17431		0	445	444	America/New_York	2017-05-23
5138810	South Corinth	South Corinth	Chapman's Corners,South Corinth	43.19646	-73.86735	P	PPL	US		NY	091	18223		0	209	212	America/New_York	2017-05-23
5138811	South Corning	South Corning	Mossy Glen,South Corning	42.12174	-77.03719	P	PPL	US		NY	101	18267		1124	290	293	America/New_York	2017-05-23
5138812	South Cortland	South Cortland		42.56479	-76.22215	P	PPL	US		NY	023	18421		0	373	372	America/New_York	2017-05-23
5138817	South Colton	South Colton	South Colton,Three Falls	44.51062	-74.88769	P	PPL	US		NY	089	17409		0	285	289	America/New_York	2017-05-23
5138820	South Danby	South Danby	Beers Settlement,South Danby	42.30646	-76.44299	P	PPL	US		NY	109	19620		0	413	417	America/New_York	2017-05-23
5138821	South Dansville	South Dansville		42.46979	-77.65388	P	PPL	US		NY	101	19675		0	445	447	America/New_York	2017-05-23
5138822	South Dayton	South Dayton		42.36423	-79.05559	P	PPL	US		NY	009	19840		594	398	400	America/New_York	2017-05-23
5138827	South Dover	South Dover	South Dover,Wing's Station	41.66121	-73.55901	P	PPL	US		NY	027	20819		0	102	113	America/New_York	2017-05-23
5138829	South Durham	South Durham		42.32703	-74.09847	P	PPL	US		NY	039	11649		0	262	267	America/New_York	2017-05-23
5138830	South Easton	South Easton		42.97952	-73.52234	P	PPL	US		NY	115	22656		0	201	205	America/New_York	2017-05-23
5138831	South Edmeston	South Edmeston		42.68424	-75.31767	P	PPL	US		NY	077	23613		0	341	344	America/New_York	2017-05-23
5138832	South Edwards	South Edwards	Shawville,South Edwards	44.26756	-75.20715	P	PPL	US		NY	089	23646		0	223	227	America/New_York	2017-05-23
5138836	South Fallsburg	South Fallsburg	South Fallsburg,South Fallsburgh	41.72065	-74.63433	P	PPL	US		NY	105	25241		2870	386	394	America/New_York	2017-05-23
5138837	South Farmingdale	South Farmingdale		40.72066	-73.44012	P	PPL	US		NY	059	56000		14486	18	20	America/New_York	2017-05-23
5138840	South Floral Park	South Floral Park		40.71427	-73.70013	P	PPL	US		NY	059	34000		1787	21	22	America/New_York	2017-05-23
5138843	South Cuba	South Cuba		42.19979	-78.27335	P	PPL	US		NY	003	19367		0	480	482	America/New_York	2017-05-23
5138845	South Galway Corner	South Galway Corner		43.02063	-73.97151	P	PPL	US		NY	091	28112		0	166	168	America/New_York	2017-05-23
5138846	South Gilboa Station	South Gilboa Station	South Gilboa,South Gilboa Station	42.41091	-74.56265	P	PPL	US		NY	095	28981		0	544	544	America/New_York	2017-05-23
5138847	South Glens Falls	South Glens Falls	Clarks Mills,South Glen's Falls,South Glens Falls	43.29924	-73.63512	P	PPL	US		NY	091	48318		3580	105	104	America/New_York	2017-05-23
5138849	South Glenwood Landing	South Glenwood Landing		40.82288	-73.6468	P	PPL	US		NY	059	53000		0	3	2	America/New_York	2017-05-23
5138850	South Granby	South Granby		43.25118	-76.40438	P	PPL	US		NY	075	29729		0	112	115	America/New_York	2017-05-23
5138852	South Granville	South Granville		43.37146	-73.28511	P	PPL	US		NY	115	30037		0	133	136	America/New_York	2017-05-23
5138853	South Greece	South Greece		43.19089	-77.73195	P	PPL	US		NY	055	30290		0	153	155	America/New_York	2017-05-23
5138856	South Greenfield	South Greenfield		43.09535	-73.86207	P	PPL	US		NY	091	30444		0	179	179	America/New_York	2017-05-23
5138858	South Gilboa	South Gilboa		42.41508	-74.53126	P	PPL	US		NY	095	28981		0	610	607	America/New_York	2017-05-23
5138861	South Hammond	South Hammond		44.39922	-75.73301	P	PPL	US		NY	089	31841		0	106	102	America/New_York	2017-05-23
5138862	South Hannibal	South Hannibal	Hull's Corners,Hulls Corners,South Hannibal	43.26257	-76.52411	P	PPL	US		NY	075	32028		0	119	123	America/New_York	2017-05-23
5138864	South Hartford	South Hartford		43.34785	-73.40622	P	PPL	US		NY	115	32457		0	114	116	America/New_York	2017-05-23
5138865	South Hartwick	South Hartwick		42.61674	-75.05822	P	PPL	US		NY	077	32589		0	375	375	America/New_York	2017-05-23
5138866	South Haven	South Haven		40.79927	-72.8951	P	PPL	US		NY	103	10000		0	9	15	America/New_York	2017-05-23
5138869	South Hempstead	South Hempstead		40.68094	-73.61541	P	PPL	US		NY	059	34000		3243	13	14	America/New_York	2017-05-23
5138871	South Highland	South Highland		41.38148	-73.91236	P	PPL	US		NY	079	57584		0	184	186	America/New_York	2017-05-23
5138884	South Hill	South Hill		42.42924	-76.49494	P	PPL	US		NY	109	38077		6673	237	238	America/New_York	2017-05-23
5138890	South Hamilton	South Hamilton		42.76785	-75.4549	P	PPL	US		NY	053	31720		0	410	412	America/New_York	2017-05-23
5138891	South Hornell	South Hornell	South Hornell,Whittington	42.30201	-77.65582	P	PPL	US		NY	101	35683		0	353	365	America/New_York	2017-05-23
5138892	South Huntington	South Huntington		40.82371	-73.39873	P	PPL	US		NY	103	37000		9422	63	66	America/New_York	2017-05-23
5138893	South Ilion	South Ilion		42.99535	-75.04905	P	PPL	US		NY	043	28750		0	166	178	America/New_York	2017-05-23
5138896	South Horicon	South Horicon		43.65451	-73.76068	P	PPL	US		NY	113	35639		0	238	244	America/New_York	2017-05-23
5138899	South Jamesport	South Jamesport		40.93649	-72.57731	P	PPL	US		NY	103	61984		0	1	7	America/New_York	2017-05-23
5138900	South Jewett	South Jewett		42.22342	-74.25598	P	PPL	US		NY	039	38638		0	463	462	America/New_York	2017-05-23
5138901	South Junction	South Junction		44.6331	-73.45402	P	PPL	US		NY	019	58585		0	42	44	America/New_York	2017-05-23
5138903	South Kortright	South Kortright	Alameda,South Kortright	42.3423	-74.7171	P	PPL	US		NY	025	70629		0	460	463	America/New_York	2017-05-23
5138909	South Lansing	South Lansing		42.53785	-76.50577	P	PPL	US		NY	109	41234		0	257	259	America/New_York	2017-05-23
5138911	South Lebanon	South Lebanon		42.75923	-75.65796	P	PPL	US		NY	053	41674		0	439	440	America/New_York	2017-05-23
5138913	South Jefferson	South Jefferson		42.45091	-74.57765	P	PPL	US		NY	095	38440		0	580	578	America/New_York	2017-05-23
5138915	South Lima	South Lima	Hamiltons Station,South Lima	42.85534	-77.67528	P	PPL	US		NY	051	42334		240	271	274	America/New_York	2017-05-23
5138917	South Livonia	South Livonia		42.7709	-77.67111	P	PPL	US		NY	051	42961		0	373	374	America/New_York	2017-05-23
5138918	South Lockport	South Lockport		43.15006	-78.6967	P	PPL	US		NY	063	43093		8324	193	193	America/New_York	2017-05-23
5138921	South Manor	South Manor		40.85565	-72.8176	P	PPL	US		NY	103	10000		0	15	16	America/New_York	2017-05-23
5138935	South New Berlin	South New Berlin		42.52952	-75.38518	P	PPL	US		NY	017	49957		0	321	324	America/New_York	2017-05-23
5138936	South New Haven	South New Haven		43.45646	-76.35355	P	PPL	US		NY	075	50342		0	136	136	America/New_York	2017-05-23
5138937	South Newstead	South Newstead		42.96228	-78.51308	P	PPL	US		NY	029	50716		0	242	242	America/New_York	2017-05-23
5138940	South Nyack	South Nyack	Saut Najak,sawth nayak,Саут Најак,ساوث ناياك	41.08315	-73.92014	P	PPL	US		NY	087	55211		3535	22	29	America/New_York	2017-05-23
5138942	South Olean	South Olean		42.07395	-78.44085	P	PPL	US		NY	009	54716		0	432	434	America/New_York	2017-05-23
5138944	South Onondaga	South Onondaga	South Onondaga,South Onondaga Hollow,T'kah-en-too-tah	42.93034	-76.2127	P	PPL	US		NY	067	54958		0	180	181	America/New_York	2017-05-23
5138946	South Otselic	South Otselic		42.64673	-75.7813	P	PPL	US		NY	017	55717		0	374	374	America/New_York	2017-05-23
5138947	South Owego	South Owego		42.02452	-76.2141	P	PPL	US		NY	107	55893		0	460	464	America/New_York	2017-05-23
5138948	South Oxford	South Oxford		42.38813	-75.6213	P	PPL	US		NY	017	55959		0	307	304	America/New_York	2017-05-23
5138950	South Ozone Park	South Ozone Park		40.6701	-73.81902	P	PPL	US		NY	081			0	8	9	America/New_York	2006-01-15
5138957	South Plattsburgh	South Plattsburgh	Salmon River,South Plattsburg,South Plattsburgh	44.63643	-73.48791	P	PPL	US		NY	019	58585		0	76	72	America/New_York	2017-05-23
5138958	South Plymouth	South Plymouth	Frankville,Frinkville,South Plymouth	42.58146	-75.56435	P	PPL	US		NY	017	58772		0	347	349	America/New_York	2017-05-23
5138970	South Millbrook	South Millbrook		41.77426	-73.69791	P	PPL	US		NY	027	78388		0	166	172	America/New_York	2017-05-23
5138972	South Pulteney	South Pulteney	Bluffport,South Pulteney	42.5009	-77.18803	P	PPL	US		NY	101	59982		0	417	418	America/New_York	2017-05-23
5138978	South Ripley	South Ripley		42.19506	-79.7206	P	PPL	US		NY	013	61885		0	430	437	America/New_York	2017-05-23
5138980	South Russell	South Russell		44.37145	-75.12742	P	PPL	US		NY	089	64221		0	213	215	America/New_York	2017-05-23
5138981	South Salem	South Salem		41.27232	-73.5529	P	PPL	US		NY	119	42136		0	165	178	America/New_York	2017-05-23
5138985	South Schodack	South Schodack		42.51258	-73.70568	P	PPL	US		NY	083	65541		0	83	82	America/New_York	2017-05-23
5138990	South Schroon	South Schroon		43.79506	-73.79207	P	PPL	US		NY	031	65629		0	268	268	America/New_York	2017-05-23
5138991	South Scriba	South Scriba		43.42896	-76.38216	P	PPL	US		NY	075	65992		0	127	128	America/New_York	2017-05-23
5138992	South Setauket	South Setauket		40.91371	-73.10566	P	PPL	US		NY	103	10000		0	40	41	America/New_York	2017-05-23
5138994	South Schenectady	South Schenectady		42.78702	-73.97096	P	PPL	US		NY	093	63935		0	103	101	America/New_York	2017-05-23
5139002	South Sodus	South Sodus		43.16729	-76.98691	P	PPL	US		NY	117	68220		0	129	131	America/New_York	2017-05-23
5139003	South Spafford	South Spafford		42.77951	-76.21798	P	PPL	US		NY	067	70057		0	467	468	America/New_York	2017-05-23
5139006	South Stockton	South Stockton		42.2445	-79.31532	P	PPL	US		NY	013	71476		0	391	396	America/New_York	2017-05-23
5139009	South Thurston	South Thurston		42.20257	-77.29498	P	PPL	US		NY	101	73836		0	466	467	America/New_York	2017-05-23
5139010	South Trenton	South Trenton		43.2184	-75.17905	P	PPL	US		NY	065	75280		0	244	243	America/New_York	2017-05-23
5139011	South Troupsburg	South Troupsburg	South Troopsburgh,South Troupsburg	42.01785	-77.52138	P	PPL	US		NY	101	75440		0	443	441	America/New_York	2017-05-23
5139012	South Troy	South Troy		42.70091	-73.67262	P	PPL	US		NY	083	75484		0	102	99	America/New_York	2017-05-23
5139013	South Unadilla	South Unadilla		42.31341	-75.33851	P	PPL	US		NY	025	67345		0	308	308	America/New_York	2017-05-23
5139014	South Valley	South Valley		42.7073	-74.71042	P	PPL	US		NY	077	63638		0	481	479	America/New_York	2017-05-23
5139015	South Valley Stream	South Valley Stream		40.65594	-73.71763	P	PPL	US		NY	059	34000		5962	2	3	America/New_York	2017-05-23
5139017	South Vandalia	South Vandalia	South Vandailia,South Vandalia	42.0834	-78.5903	P	PPL	US		NY	009	12661		0	427	429	America/New_York	2017-05-23
5139018	South Vestal	South Vestal		42.00813	-76.00214	P	PPL	US		NY	007	77255		0	322	325	America/New_York	2017-05-23
5139020	South Wales	South Wales		42.70895	-78.57808	P	PPL	US		NY	029	77871		0	284	286	America/New_York	2017-05-23
5139021	South Warsaw	South Warsaw		42.71006	-78.13029	P	PPL	US		NY	121	78344		0	328	332	America/New_York	2017-05-23
5139023	South Westerlo	South Westerlo	Smith's Mills,South Westerlo	42.44786	-74.02708	P	PPL	US		NY	001	79851		0	257	256	America/New_York	2017-05-23
5139024	South Wilson	South Wilson		43.24172	-78.81309	P	PPL	US		NY	063	82370		0	110	108	America/New_York	2017-05-23
5139026	South Windsor	South Windsor		42.02758	-75.62241	P	PPL	US		NY	007	82535		0	283	284	America/New_York	2017-05-23
5139029	South Worcester	South Worcester		42.51785	-74.74988	P	PPL	US		NY	077	83129		0	419	416	America/New_York	2017-05-23
5139030	Southampton	Southampton	Agwam,Sautkhamptun,Sautkhempton,Southampton,Sud Hampton,Саутхамптън,Саутхемптон,Սաութհեմփթոն	40.88427	-72.38953	P	PPL	US		NY	103	68473		3265	8	13	America/New_York	2017-05-23
5139040	Southburg	Southburg		42.67284	-78.33779	P	PPL	US		NY	121	38341		0	479	485	America/New_York	2017-05-23
5139044	Southeast Owasco	Southeast Owasco		42.7584	-76.45938	P	PPL	US		NY	011	48307		0	218	232	America/New_York	2017-05-23
5139050	Southfields	Southfields		41.24482	-74.17542	P	PPL	US		NY	071	75781		0	154	161	America/New_York	2017-05-23
5139054	Southold	Southold	Southold,Southoule,Yennecock	41.06482	-72.4262	P	PPL	US		NY	103	69463		5748	7	11	America/New_York	2017-05-23
5139058	Southport	Southport		42.0548	-76.81912	P	PPL	US		NY	015	69617		7238	271	271	America/New_York	2017-05-23
5139059	Southport	Southport		40.90843	-72.54815	P	PPL	US		NY	103	68473		0	6	11	America/New_York	2017-05-23
5139070	Southville	Southville		44.67367	-74.85408	P	PPL	US		NY	089	71410		0	191	190	America/New_York	2017-05-23
5139071	Southwest Hoosick	Southwest Hoosick		42.87369	-73.40289	P	PPL	US		NY	083	35463		0	254	254	America/New_York	2017-05-23
5139072	Southwest Oswego	Southwest Oswego	South West Oswego,Southwest Oswego	43.41257	-76.57745	P	PPL	US		NY	075	55585		0	113	114	America/New_York	2017-05-23
5139080	Southwood	Southwood		42.99618	-76.10881	P	PPL	US		NY	067	54958		0	230	236	America/New_York	2017-05-23
5139084	Spackenkill	Spackenkill		41.65593	-73.91347	P	PPL	US		NY	027	59652		4123	50	50	America/New_York	2017-05-23
5139087	Spafford	Spafford	Spafford,Spafford Corners	42.80451	-76.26493	P	PPL	US		NY	067	70057		0	514	514	America/New_York	2017-05-23
5139091	Spafford Valley	Spafford Valley		42.82312	-76.24021	P	PPL	US		NY	067	70057		0	261	262	America/New_York	2017-05-23
5139097	Sparkill	Sparkill	Sparkill,Upper Piermont	41.03121	-73.92708	P	PPL	US		NY	087	55211		1565	16	18	America/New_York	2017-05-23
5139100	Spafford Landing	Spafford Landing		42.78646	-76.27437	P	PPL	US		NY	067	70057		0	263	274	America/New_York	2017-05-23
5139102	Sparrow Bush	Sparrow Bush	Honesville,Sparrow Bush,Sparrowbush	41.40009	-74.72322	P	PPL	US		NY	071	19961		0	155	155	America/New_York	2017-05-23
5139105	Sparta	Sparta		41.14482	-73.86347	P	PPL	US		NY	119	55541		0	17	28	America/New_York	2017-05-23
5139112	Spaulding Furnace	Spaulding Furnace		42.02787	-73.69485	P	PPL	US		NY	021	28068		0	153	167	America/New_York	2017-05-23
5139114	Spaulding Corner	Spaulding Corner		42.50091	-76.75023	P	PPL	US		NY	097	33073		0	423	430	America/New_York	2017-05-23
5139115	Spawn Hollow	Spawn Hollow		42.53952	-73.86679	P	PPL	US		NY	001	06354		0	93	92	America/New_York	2017-05-23
5139117	Speakers Corner	Speakers Corner		42.87006	-77.44805	P	PPL	US		NY	069	21699		0	325	322	America/New_York	2017-05-23
5139134	Speculator	Speculator	Lake Pleasant,Newton's Corners,Speculator	43.49729	-74.36181	P	PPL	US		NY	041	40794		314	530	530	America/New_York	2017-05-23
5139137	Speedsville	Speedsville	Jenksville,Speedsville	42.30368	-76.25438	P	PPL	US		NY	109	12606		0	340	342	America/New_York	2017-05-23
5139139	Speigletown	Speigletown	Dort,Speigletown	42.80452	-73.63428	P	PPL	US		NY	083	65486		0	126	127	America/New_York	2017-05-23
5139142	Spencer	Spencer		42.2098	-76.49327	P	PPL	US		NY	107	70178		731	303	303	America/New_York	2017-05-23
5139150	Spencer Settlement	Spencer Settlement		43.16924	-75.4824	P	PPL	US		NY	065	80533		0	159	160	America/New_York	2017-05-23
5139152	Spencerport	Spencerport	Spencer's Basin,Spencerport	43.18645	-77.8039	P	PPL	US		NY	055	54474		3589	169	172	America/New_York	2017-05-23
5139155	Spencertown	Spencertown		42.32342	-73.54595	P	PPL	US		NY	021	03287		0	209	213	America/New_York	2017-05-23
5139156	Speonk	Speonk		40.81954	-72.70538	P	PPL	US		NY	103	68473		0	9	11	America/New_York	2017-05-23
5139159	Spencer Corners	Spencer Corners		41.96343	-73.50235	P	PPL	US		NY	027	51891		0	257	257	America/New_York	2017-05-23
5139166	Sperryville	Sperryville		43.77312	-75.30657	P	PPL	US		NY	049	78729		0	376	382	America/New_York	2017-05-23
5139181	Spinnerville	Spinnerville		42.96757	-75.04016	P	PPL	US		NY	043	17431		0	384	386	America/New_York	2017-05-23
5139183	Split Rock	Split Rock	Split Rock,Splitrock	43.02423	-76.22326	P	PPL	US		NY	067	54958		0	211	213	America/New_York	2017-05-23
5139214	Spragues Corner	Spragues Corner		42.84867	-78.02723	P	PPL	US		NY	121	18696		0	301	302	America/New_York	2017-05-23
5139215	Spraguetown	Spraguetown		43.13285	-73.47817	P	PPL	US		NY	115	30686		0	149	151	America/New_York	2017-05-23
5139220	Sprakers	Sprakers	Spraker's Basin,Sprakers,Sprakers Basin	42.89146	-74.51347	P	PPL	US		NY	057	63561		0	92	91	America/New_York	2017-05-23
5139229	Spring Brook	Spring Brook	Spring Brook,Springbrook	42.81811	-78.67558	P	PPL	US		NY	029	24130		0	243	245	America/New_York	2017-05-23
5139241	Spring Brook Station	Spring Brook Station		42.83895	-78.68003	P	PPL	US		NY	029	24130		0	226	226	America/New_York	2017-05-23
5139242	Spring Cove	Spring Cove	Spring Cove,Springcove	44.57117	-74.456	P	PPL	US		NY	033	65178		0	420	425	America/New_York	2017-05-23
5139250	Spring Glen	Spring Glen	Homowack,Red Bank,Spring Glen,Springglen	41.66565	-74.42988	P	PPL	US		NY	111	78828		0	122	131	America/New_York	2017-05-23
5139253	Spring Lake	Spring Lake	Pineville,Spring Lake	43.12562	-76.68801	P	PPL	US		NY	011	17849		0	126	128	America/New_York	2017-05-23
5139266	Spring Mills	Spring Mills		42.00785	-77.7636	P	PPL	US		NY	003	37297		0	605	603	America/New_York	2017-05-23
5139278	Spring Valley	Spring Valley		41.16871	-73.83875	P	PPL	US		NY	119	55541		0	116	121	America/New_York	2017-05-23
5139283	Springfield	Springfield	Springfild,Спрингфилд	42.83618	-74.85348	P	PPL	US		NY	077	70310		1312	413	417	America/New_York	2017-05-23
5139285	Springfield Center	Springfield Center	Springfield Center,Springfield Centre	42.82896	-74.87654	P	PPL	US		NY	077	70310		0	384	386	America/New_York	2017-05-23
5139286	Springfield Four Corners	Springfield Four Corners		42.83785	-74.86987	P	PPL	US		NY	077	70310		0	392	392	America/New_York	2017-05-23
5139287	Springfield Gardens	Springfield Gardens	Springfield,Springfield Gardens	40.66312	-73.76221	P	PPL	US		NY	081			30515	9	7	America/New_York	2017-04-21
5139294	Springs	Springs	Springs,The Springs	41.01621	-72.15924	P	PPL	US		NY	103	22194		6592	3	7	America/New_York	2017-05-23
5139296	Springtown	Springtown		41.78232	-74.08681	P	PPL	US		NY	111	50562		0	54	58	America/New_York	2017-05-23
5139297	Springvale	Springvale		42.51952	-75.47351	P	PPL	US		NY	017	53990		0	425	427	America/New_York	2017-05-23
5139298	Springville	Springville	Fiddler's Green,Springvil,Springville,sbrynghfyl,Спрингвил,سبرينغفيل	42.5084	-78.66725	P	PPL	US		NY	029	17585		4339	405	408	America/New_York	2017-05-23
5139299	Springville	Springville		40.8676	-72.52787	P	PPL	US		NY	103	68473		0	6	10	America/New_York	2017-05-23
5139301	Spring Valley	Spring Valley	Pascack,Pot Cheese Hollow,Spring Vali,Spring Valley,Spring-Vehlli,sbryngh faly,sprng wyly  nyw yark,Спринг Вали,Спринг-Вэлли,ספרינג וועלי,سبرينغ فالي,سپرنگ ویلی، نیو یارک,スプリング・バレー	41.11315	-74.04375	P	PPL	US		NY	087	60510		32598	135	139	America/New_York	2017-05-23
5139303	Springwater	Springwater	Knowlesville,Springwater	42.63729	-77.59583	P	PPL	US		NY	051	70475		0	296	298	America/New_York	2017-05-23
5139310	Sprout Brook	Sprout Brook	Sprout Brook,Sproutbrook	42.85091	-74.68514	P	PPL	US		NY	057	12122		0	220	220	America/New_York	2017-05-23
5139353	Spruceton	Spruceton		42.19175	-74.30765	P	PPL	US		NY	039	42202		0	575	574	America/New_York	2017-05-23
5139356	Spuyten Duyvil	Spuyten Duyvil		40.88121	-73.91736	P	PPL	US		NY	005			10971	59	64	America/New_York	2017-04-16
5139372	Squassux Landing	Squassux Landing		40.77315	-72.89927	P	PPL	US		NY	103	10000		0	2	4	America/New_York	2017-05-23
5139388	Squiretown	Squiretown		40.89482	-72.52648	P	PPL	US		NY	103	68473		0	6	11	America/New_York	2017-05-23
5139398	Squirrels Corners	Squirrels Corners		41.59954	-74.74961	P	PPL	US		NY	105	26528		0	431	434	America/New_York	2017-05-23
5139399	Saint Bonaventure	Saint Bonaventure	St. Bonaventure	42.08034	-78.47502	P	PPL	US		NY	009	01297		2044	435	437	America/New_York	2017-05-23
5139401	Staatsburg	Staatsburg	Staatsboro,Staatsburg,Staatsburgh	41.84982	-73.93014	P	PPL	US		NY	027	37209		377	9	9	America/New_York	2017-05-23
5139405	Stacy Basin	Stacy Basin	Staceys Basin,Stacy Basin	43.19451	-75.62213	P	PPL	US		NY	065	77178		0	130	130	America/New_York	2017-05-23
5139413	Stafford	Stafford	Stafford,Transit	42.98173	-78.0739	P	PPL	US		NY	037	70607		0	272	276	America/New_York	2017-05-23
5139425	Stairs Corners	Stairs Corners		43.00619	-74.15235	P	PPL	US		NY	035	57353		0	245	246	America/New_York	2017-05-23
5139426	Stalbird	Stalbird		44.40006	-75.20632	P	PPL	US		NY	089	64221		0	179	181	America/New_York	2017-05-23
5139427	Staleyville	Staleyville		42.81174	-74.59903	P	PPL	US		NY	095	66641		0	250	251	America/New_York	2017-05-23
5139428	Stamford	Stamford	Devil's Halfacre,Stamford,Стамфорд	42.4073	-74.61432	P	PPL	US		NY	025	70629		1071	554	556	America/New_York	2017-05-23
5139434	Stanbro	Stanbro	Stambro,Stanbro	42.66812	-75.69324	P	PPL	US		NY	017	55717		0	463	460	America/New_York	2017-05-23
5139435	Standish	Standish		44.68921	-73.94903	P	PPL	US		NY	019	65211		0	518	516	America/New_York	2017-05-23
5139440	Stanford Heights	Stanford Heights		42.76563	-73.88901	P	PPL	US		NY	093	51264		0	106	108	America/New_York	2017-05-23
5139442	Stanfordville	Stanfordville		41.86732	-73.7143	P	PPL	US		NY	027	70662		0	109	111	America/New_York	2017-05-23
5139444	Stanley	Stanley	Gorham Station,Stanley,Stanleys Corners	42.82507	-77.09581	P	PPL	US		NY	069	66289		0	271	272	America/New_York	2017-05-23
5139448	Stanley Manor	Stanley Manor		43.03979	-76.25715	P	PPL	US		NY	067	11913		0	167	171	America/New_York	2017-05-23
5139450	Stannards	Stannards	Stanard,Stanard's Corners,Stannard,Stannard Corners,Stannard's Corners,Stannards,Stannards Corners	42.08646	-77.92222	P	PPL	US		NY	003	79103		798	472	473	America/New_York	2017-05-23
5139460	Stanwix	Stanwix		43.19313	-75.43434	P	PPL	US		NY	065	63418		0	135	135	America/New_York	2017-05-23
5139461	Stanwix Heights	Stanwix Heights		43.18424	-75.42851	P	PPL	US		NY	065	63418		0	162	165	America/New_York	2017-05-23
5139463	Stanwood	Stanwood		41.23898	-73.74652	P	PPL	US		NY	119	50078		0	102	114	America/New_York	2017-05-23
5139465	Stapleton	Stapleton		40.62649	-74.07764	P	PPL	US		NY	085			5365	3	6	America/New_York	2017-04-16
5139473	Star Lake	Star Lake	Star Lake,Starlake	44.15978	-75.03158	P	PPL	US		NY	089	25791		809	453	450	America/New_York	2017-05-23
5139486	Starbuckville	Starbuckville		43.6734	-73.77763	P	PPL	US		NY	113	15319		0	249	257	America/New_York	2017-05-23
5139496	Starkey	Starkey		42.53535	-76.92441	P	PPL	US		NY	123	70816		0	245	249	America/New_York	2017-05-23
5139499	Starks Knob	Starks Knob	Stark's Knob,Starks Knob	43.12174	-73.58762	P	PPL	US		NY	091	53737		0	40	40	America/New_York	2017-05-23
5139500	Starks Landing	Starks Landing		43.17146	-75.64824	P	PPL	US		NY	065	77178		0	129	131	America/New_York	2017-05-23
5139501	Starkville	Starkville		42.91924	-74.77487	P	PPL	US		NY	043	70794		0	207	208	America/New_York	2017-05-23
5139510	State Bridge	State Bridge	State Bridge,Statebridge	43.1459	-75.67657	P	PPL	US		NY	065	77178		0	130	129	America/New_York	2017-05-23
5139512	Stark	Stark		44.45034	-74.78158	P	PPL	US		NY	089	17409		0	392	396	America/New_York	2017-05-23
5139518	State Line	State Line		42.2445	-79.75866	P	PPL	US		NY	013	61885		0	234	237	America/New_York	2017-05-23
5139519	State Line	State Line		41.95843	-73.49346	P	PPL	US		NY	027	51891		0	232	233	America/New_York	2017-05-23
5139568	Staten Island	Staten Island	Borough of Staten Island,Staten Island	40.56233	-74.13986	P	PPLA2	US		NY	085			468730	21	23	America/New_York	2012-07-10
5139579	Steamburg	Steamburg	Steamburg,Steamburgh	42.10812	-78.9042	P	PPL	US		NY	009	16903		0	429	431	America/New_York	2017-05-23
5139586	Stebbins Corners	Stebbins Corners		42.16283	-79.52616	P	PPL	US		NY	013	52155		0	534	536	America/New_York	2017-05-23
5139591	Stedman	Stedman		42.1695	-79.47671	P	PPL	US		NY	013	52155		0	469	470	America/New_York	2017-05-23
5139595	Steele Corners	Steele Corners		43.06535	-74.14124	P	PPL	US		NY	035	08433		0	286	287	America/New_York	2017-05-23
5139612	Steinbeck Corners	Steinbeck Corners	Deuelsville,Steinbeck Corners	41.45565	-73.60207	P	PPL	US		NY	079	56748		0	145	157	America/New_York	2017-05-23
5139614	Steinway	Steinway	Ditmars,Steinway	40.77455	-73.90375	P	PPL	US		NY	081			1648	12	15	America/New_York	2017-04-16
5139617	Stella Niagara	Stella Niagara		43.202	-79.04227	P	PPL	US		NY	063	42158		0	97	95	America/New_York	2017-05-23
5139619	Stellaville	Stellaville	Stellaville,Stokes Mills,Stokesville	44.48062	-75.24299	P	PPL	US		NY	089	20038		0	116	122	America/New_York	2017-05-23
5139630	Stephentown	Stephentown		42.54869	-73.374	P	PPL	US		NY	083	71102		0	267	268	America/New_York	2017-05-23
5139631	Stephentown Center	Stephentown Center	Mechanicsville,Mechanicville,Stephentown Center,Stephentown Centre	42.56536	-73.41039	P	PPL	US		NY	083	71102		0	345	342	America/New_York	2017-05-23
5139636	Sterling	Sterling	Sterling,Sterling Center	43.3259	-76.64495	P	PPL	US		NY	011	71146		0	96	99	America/New_York	2017-05-23
5139641	Sterling Forest	Sterling Forest		41.18259	-74.31876	P	PPL	US		NY	071	78366		0	200	206	America/New_York	2017-05-23
5139647	Sterling Valley	Sterling Valley	Coopers Mills,Sterling Valley	43.34812	-76.6305	P	PPL	US		NY	011	71146		0	88	90	America/New_York	2017-05-23
5139650	Sterlington	Sterlington	Pierson's Depot,Sterling Junction,Sterlington,The Y	41.14537	-74.18876	P	PPL	US		NY	087	60510		0	101	114	America/New_York	2017-05-23
5139651	Sterlingville	Sterlingville	De Launey's Mill,Sterlingville	44.10312	-75.68715	P	PPL	US		NY	045	57562		0	174	173	America/New_York	2017-05-23
5139653	Stetsonville	Stetsonville		42.5998	-75.19683	P	PPL	US		NY	077	50485		0	387	383	America/New_York	2017-05-23
5139654	Steuben	Steuben	Steuben,Steuben Corners	43.32007	-75.28295	P	PPL	US		NY	065	71212		0	283	282	America/New_York	2017-05-23
5139660	Steuben Valley	Steuben Valley		43.29368	-75.24461	P	PPL	US		NY	065	71212		0	249	255	America/New_York	2017-05-23
5139668	Stevens Corners	Stevens Corners		42.56424	-76.29965	P	PPLL	US		NY	109	30972		0	363	362	America/New_York	2017-05-23
5139669	Stevens Landing	Stevens Landing		44.48727	-73.71209	P	PPL	US		NY	019	06761		0	376	372	America/New_York	2017-05-23
5139680	Stever Mill	Stever Mill		43.06646	-74.16208	P	PPL	US		NY	035	08433		0	251	256	America/New_York	2017-05-23
5139688	Stewart Corners	Stewart Corners		42.73924	-76.52438	P	PPL	US		NY	011	77024		0	396	397	America/New_York	2017-05-23
5139689	Stewart Corners	Stewart Corners		43.03368	-75.18433	P	PPL	US		NY	043	27199		0	409	408	America/New_York	2017-05-23
5139690	Stewart Corners	Stewart Corners		43.26951	-76.23909	P	PPL	US		NY	075	65618		0	132	129	America/New_York	2017-05-23
5139697	Stewart Landing	Stewart Landing		43.14257	-74.59348	P	PPL	US		NY	035	71784		0	472	476	America/New_York	2017-05-23
5139698	Stewart Manor	Stewart Manor		40.71927	-73.68846	P	PPL	US		NY	059	34000		1914	26	27	America/New_York	2017-05-23
5139709	Stickneys	Stickneys		42.46924	-77.29915	P	PPL	US		NY	101	81457		0	412	412	America/New_York	2017-05-23
5139711	Stiles	Stiles		43.11396	-76.2766	P	PPL	US		NY	067	76760		0	132	133	America/New_York	2017-05-23
5139713	Stilesville	Stilesville		42.08036	-75.39907	P	PPL	US		NY	025	20357		0	305	305	America/New_York	2017-05-23
5139720	Stillham	Stillham		42.76175	-73.36122	P	PPL	US		NY	083	57441		0	270	273	America/New_York	2017-05-23
5139727	Stillwater	Stillwater		43.85006	-74.05625	P	PPL	US		NY	031	47669		0	458	473	America/New_York	2017-05-23
5139729	Stillwater	Stillwater		43.89007	-75.03629	P	PPL	US		NY	043	78927		0	515	517	America/New_York	2017-05-23
5139730	Stillwater	Stillwater		43.56007	-75.93019	P	PPL	US		NY	075	55453		0	324	326	America/New_York	2017-05-23
5139731	Stillwater	Stillwater		41.35759	-73.7743	P	PPL	US		NY	079	12529		0	173	175	America/New_York	2017-05-23
5139732	Stillwater	Stillwater		42.93841	-73.65317	P	PPL	US		NY	091	71333		1732	28	30	America/New_York	2017-05-23
5139734	Stillwater	Stillwater		42.05895	-79.21866	P	PPL	US		NY	013	39507		0	389	389	America/New_York	2017-05-23
5139744	Stillwater Junction	Stillwater Junction		42.91897	-73.68428	P	PPL	US		NY	091	71333		0	38	41	America/New_York	2017-05-23
5139759	Stissing	Stissing	Stissing,Stissingville	41.90926	-73.68207	P	PPL	US		NY	027	70662		0	144	152	America/New_York	2017-05-23
5139762	Stittville	Stittville		43.22313	-75.28822	P	PPL	US		NY	065	45535		0	164	166	America/New_York	2017-05-23
5139764	Stockbridge	Stockbridge	Knoxville,Stockbridge	42.99118	-75.59935	P	PPL	US		NY	053	71399		0	204	206	America/New_York	2017-05-23
5139769	Stirling	Stirling		41.11399	-72.36786	P	PPL	US		NY	103	69463		0	5	7	America/New_York	2017-05-23
5139776	Stockholm Center	Stockholm Center	Stockholm Center,Stockholm Centre	44.7595	-74.83158	P	PPL	US		NY	089	71410		0	111	111	America/New_York	2017-05-23
5139777	Stockport	Stockport		42.30953	-73.74623	P	PPL	US		NY	021	71443		0	41	41	America/New_York	2017-05-23
5139782	Stockton	Stockton	Delanti,Stockton	42.31756	-79.35588	P	PPL	US		NY	013	71476		0	404	406	America/New_York	2017-05-23
5139786	Stockwell	Stockwell	Stockwell,Stockwell Settlement	42.87479	-75.38906	P	PPL	US		NY	065	65134		0	386	388	America/New_York	2017-05-23
5139793	Stokes Corner	Stokes Corner	Lee Corners,Nisbets Corners,Stokes,Stokes Corner	43.30368	-75.47323	P	PPL	US		NY	065	41762		0	195	193	America/New_York	2017-05-23
5139796	Stone Arabia	Stone Arabia		42.95368	-74.55847	P	PPL	US		NY	057	56099		0	253	258	America/New_York	2017-05-23
5139804	Stone Church	Stone Church		43.04895	-77.96279	P	PPL	US		NY	037	06057		0	208	208	America/New_York	2017-05-23
5139809	Stone Church Corner	Stone Church Corner		42.95562	-76.88246	P	PPL	US		NY	099	38858		0	152	153	America/New_York	2017-05-23
5139826	Stone Mills	Stone Mills	Collins Mills,Stone Mills	44.1145	-75.97382	P	PPL	US		NY	045	55398		0	110	107	America/New_York	2017-05-23
5139831	Stone Ridge	Stone Ridge		42.92118	-74.42764	P	PPL	US		NY	057	63561		0	96	97	America/New_York	2017-05-23
5139832	Stone Ridge	Stone Ridge	Stone Ridge,Stoneridge	41.85315	-74.13903	P	PPL	US		NY	111	45458		1173	111	111	America/New_York	2017-05-23
5139838	Stoneco	Stoneco	Camelot,Clinton Point,Stoneco	41.62093	-73.94819	P	PPL	US		NY	027	59652		0	5	7	America/New_York	2017-05-23
5139865	Stony Brook	Stony Brook	Stoni Bruk,Stony Brook,Stonybrook,Stouni-Bruk,Wopowag,astwny brwk  nywywrk,seutonibeulug,Стони Брук,Стоуни-Брук,استونی بروک، نیویورک,스토니브룩	40.92565	-73.14094	P	PPL	US		NY	103	10000		13740	27	30	America/New_York	2017-05-23
5139895	Stony Creek	Stony Creek	Creek Center,Creek Centre,Stony Creek,Stony Creek Center,Stonycreek	43.42424	-73.92985	P	PPL	US		NY	113	71641		0	252	259	America/New_York	2017-05-23
5139903	Stony Ford	Stony Ford	Stony Ford,Stonyford	41.45954	-74.30487	P	PPL	US		NY	071	77992		0	115	118	America/New_York	2017-05-23
5139910	Stony Hollow	Stony Hollow		41.97204	-74.07986	P	PPL	US		NY	111	75935		0	131	135	America/New_York	2017-05-23
5139925	Stony Point	Stony Point		42.55119	-73.74679	P	PPL	US		NY	083	65541		0	12	17	America/New_York	2017-05-23
5139927	Stony Point	Stony Point	Flora Falls,Florus Falls,North Haverstraw,Stoni Pojnt,Stony Point,Stonypoint,Стони Појнт	41.22954	-73.98708	P	PPL	US		NY	087	71674		12147	36	35	America/New_York	2017-05-23
5139942	Stoodley Corners	Stoodley Corners		42.86897	-73.93318	P	PPL	US		NY	093	29366		0	107	108	America/New_York	2017-05-23
5139948	Stormville	Stormville	Grape Hollow,Stormville,The Gore	41.57037	-73.74541	P	PPL	US		NY	027	21996		0	100	104	America/New_York	2017-05-23
5139953	Stottville	Stottville	Springville,Stottsville,Stottville	42.2862	-73.73873	P	PPL	US		NY	021	71443		1375	35	35	America/New_York	2017-05-23
5139956	Stow	Stow		42.15672	-79.40144	P	PPL	US		NY	013	52155		0	400	405	America/New_York	2017-05-23
5139963	Stowersville	Stowersville	Stowersville,Towers Forge	44.28672	-73.52124	P	PPL	US		NY	031	42114		0	142	146	America/New_York	2017-05-23
5139969	Straits Corners	Straits Corners	Straights Corners,Strait's Corners,Straits Corners	42.1498	-76.38077	P	PPL	US		NY	107	73968		0	324	328	America/New_York	2017-05-23
5139971	Stratford	Stratford	Nicholsville,Stratford	43.17979	-74.69681	P	PPL	US		NY	043	64837		0	325	326	America/New_York	2017-05-23
5139974	Strathmore	Strathmore		40.79205	-73.67735	P	PPL	US		NY	059	53000		0	65	74	America/New_York	2017-05-23
5139976	Stratton	Stratton		42.34702	-76.54105	P	PPL	US		NY	109	50254		0	204	206	America/New_York	2017-05-23
5139985	Street Road	Street Road	Street Road,Streetroad,Ticonderoga	43.88034	-73.44929	P	PPL	US		NY	031	73891		0	98	96	America/New_York	2017-05-23
5139993	Streeters Corners	Streeters Corners		43.20228	-78.82559	P	PPL	US		NY	063	11803		0	119	118	America/New_York	2017-05-23
5140008	Stroughs Crossing	Stroughs Crossing	Strough Crossing,Stroughs,Stroughs Crossing	44.19422	-75.86244	P	PPL	US		NY	045	73528		0	116	116	America/New_York	2017-05-23
5140009	Strykersville	Strykersville		42.70506	-78.44835	P	PPL	US		NY	121	66773		647	330	328	America/New_York	2017-05-23
5140031	Sturges Corner	Sturges Corner		42.44897	-74.75627	P	PPL	US		NY	025	40068		0	447	447	America/New_York	2017-05-23
5140035	Stuyvesant	Stuyvesant	Kinderhook Landing,Stuyvesant,Stuyvesant Landing	42.39036	-73.78151	P	PPL	US		NY	021	71850		0	32	33	America/New_York	2017-05-23
5140043	Stuyvesant Falls	Stuyvesant Falls		42.35536	-73.73096	P	PPL	US		NY	021	71850		0	64	67	America/New_York	2017-05-23
5140065	Sucker Brook	Sucker Brook		42.74673	-78.03417	P	PPL	US		NY	121	57254		0	427	430	America/New_York	2017-05-23
5140072	Suffern	Suffern	New Antrim,Point of the Mountains,Safern,Suffern,Suffrens,safan,swfrn,Саферн,سوفرن,サファーン	41.11482	-74.14959	P	PPL	US		NY	087	60510		11001	95	99	America/New_York	2017-05-23
5140074	Suffern Park	Suffern Park		41.11037	-74.12153	P	PPL	US		NY	087	60510		0	148	158	America/New_York	2017-05-23
5140099	Sugar Loaf	Sugar Loaf	Sugar Loaf,Sugarloaf	41.32093	-74.28543	P	PPL	US		NY	071	15308		0	155	156	America/New_York	2017-05-23
5140105	Sugarbush	Sugarbush		44.54171	-73.96987	P	PPL	US		NY	033	27243		0	491	495	America/New_York	2017-05-23
5140128	Sugartown	Sugartown	Sugar Town,Sugartown	42.23784	-78.59447	P	PPL	US		NY	009	30257		0	461	468	America/New_York	2017-05-23
5140130	Suicide Corners	Suicide Corners		42.90506	-78.10362	P	PPL	US		NY	037	06266		0	352	352	America/New_York	2017-05-23
5140131	Sullivan	Sullivan	Canaseraga,Sullivan	43.05451	-75.84686	P	PPL	US		NY	053	71993		0	139	141	America/New_York	2017-05-23
5140143	Sullivanville	Sullivanville		42.21007	-76.77023	P	PPL	US		NY	015	77310		0	325	325	America/New_York	2017-05-23
5140148	Sulphur Springs	Sulphur Springs		43.92562	-76.02937	P	PPL	US		NY	045	35782		0	116	118	America/New_York	2017-05-23
5140149	Sulphur Springs	Sulphur Springs	Chittenango Springs,Sulphur Springs	43.01757	-75.85102	P	PPL	US		NY	053	71993		0	158	171	America/New_York	2017-05-23
5140153	Summer Hill	Summer Hill	Plato,Summer Hill,Summerhill	42.63896	-76.32577	P	PPL	US		NY	011	72037		0	464	466	America/New_York	2017-05-23
5140157	Summerdale	Summerdale		42.21395	-79.57032	P	PPL	US		NY	013	14069		0	501	505	America/New_York	2017-05-23
5140162	Summerville	Summerville		43.25645	-77.60111	P	PPL	US		NY	055	37726		0	75	73	America/New_York	2017-05-23
5140164	Summit	Summit		42.57952	-74.5882	P	PPL	US		NY	095	72070		0	645	645	America/New_York	2017-05-23
5140167	Summit Hill	Summit Hill		42.05896	-75.91603	P	PPL	US		NY	007	06618		0	493	495	America/New_York	2017-05-23
5140176	Summit Park	Summit Park		41.15648	-74.04347	P	PPL	US		NY	087	60510		0	152	162	America/New_York	2017-05-23
5140183	Summitville	Summitville		41.62148	-74.45071	P	PPL	US		NY	105	44809		0	167	170	America/New_York	2017-05-23
5140185	Summit Crossing	Summit Crossing		42.68174	-75.02377	P	PPL	US		NY	077	32589		0	463	464	America/New_York	2017-05-23
5140189	Sun Haven	Sun Haven		40.92399	-73.77013	P	PPL	US		NY	119	50617		0	12	17	America/New_York	2017-05-23
5140191	Sun	Sun		44.95282	-74.18407	P	PPL	US		NY	033	11165		0	165	163	America/New_York	2017-05-23
5140193	Sundown	Sundown	Sundown,Sundown Valley	41.88787	-74.46015	P	PPL	US		NY	111	20247		0	312	319	America/New_York	2017-05-23
5140211	Sunny Brae	Sunny Brae		40.93093	-73.82374	P	PPL	US		NY	119	49121		0	41	45	America/New_York	2017-05-23
5140213	Sunny Shores	Sunny Shores		42.76201	-77.71194	P	PPL	US		NY	051	17618		0	254	261	America/New_York	2017-05-23
5140215	Sunnybank	Sunnybank		44.1656	-76.25355	P	PPL	US		NY	045	12364		0	81	80	America/New_York	2017-05-23
5140216	Sunnybrook	Sunnybrook		41.38509	-73.86041	P	PPL	US		NY	079	60147		0	202	202	America/New_York	2017-05-23
5140219	Sunnyside	Sunnyside	Sunny Side,Sunnyside	42.11811	-79.30199	P	PPL	US		NY	013	23976		0	399	403	America/New_York	2017-05-23
5140220	Sunnyside	Sunnyside		42.37786	-73.7304	P	PPL	US		NY	021	71850		0	67	68	America/New_York	2017-05-23
5140221	Sunnyside	Sunnyside		40.73982	-73.93542	P	PPL	US		NY	081			49833	5	6	America/New_York	2017-04-16
5140222	Sunnyside	Sunnyside		40.61622	-74.10375	P	PPL	US		NY	085			0	45	49	America/New_York	2006-01-15
5140241	Sunset Bay	Sunset Bay	Sunset Bay,Sunset Bay Park	42.56311	-79.13337	P	PPL	US		NY	013	32050		660	176	180	America/New_York	2017-05-23
5140246	Sunset Beach	Sunset Beach		43.31533	-78.8431	P	PPL	US		NY	063	82370		0	77	79	America/New_York	2017-05-23
5140247	Sunset Beach	Sunset Beach		43.37117	-78.27224	P	PPL	US		NY	073	12496		0	80	86	America/New_York	2017-05-23
5140262	Sunset Ridge	Sunset Ridge		40.97926	-73.7093	P	PPL	US		NY	119	32413		0	34	43	America/New_York	2017-05-23
5140269	Sunside	Sunside		42.34036	-74.07847	P	PPL	US		NY	039	21204		0	168	179	America/New_York	2017-05-23
5140278	Surprise	Surprise		42.39258	-73.94985	P	PPL	US		NY	039	30620		0	167	164	America/New_York	2017-05-23
5140293	Suttons Corner	Suttons Corner		43.32424	-76.28771	P	PPL	US		NY	075	56154		0	130	131	America/New_York	2017-05-23
5140294	Swain	Swain	Swain,Swain's Station,Swainsville,Swin	42.47784	-77.85333	P	PPL	US		NY	003	30994		0	401	405	America/New_York	2017-05-23
5140311	Swan Lake	Swan Lake	Stevensville,Swan Lake	41.75064	-74.77794	P	PPL	US		NY	105	42235		0	410	415	America/New_York	2017-05-23
5140317	Swancott Mill	Swancott Mill		43.46229	-75.60296	P	PPL	US		NY	049	42125		0	401	401	America/New_York	2017-05-23
5140328	Swartoutville	Swartoutville		41.56343	-73.84902	P	PPL	US		NY	027	78157		0	70	76	America/New_York	2017-05-23
5140330	Swartwood	Swartwood		42.22452	-76.60967	P	PPL	US		NY	015	76892		0	320	325	America/New_York	2017-05-23
5140334	Swastika	Swastika		44.5131	-73.7607	P	PPL	US		NY	019	06761		0	348	348	America/New_York	2017-05-23
5140353	Sweet Meadows	Sweet Meadows		41.99954	-74.04958	P	PPL	US		NY	111	39738		0	75	80	America/New_York	2017-05-23
5140355	Sweden Center	Sweden Center	Sweden,Sweden Center	43.17839	-77.94501	P	PPL	US		NY	055	72455		0	204	206	America/New_York	2017-05-23
5140359	Sweets	Sweets		42.72341	-75.30461	P	PPL	US		NY	017	17486		0	343	345	America/New_York	2017-05-23
5140360	Sweets Crossing	Sweets Crossing		43.18813	-74.19874	P	PPL	US		NY	035	51407		0	252	254	America/New_York	2017-05-23
5140361	Sweets Crossing	Sweets Crossing		43.02229	-76.36299	P	PPL	US		NY	067	11913		0	162	164	America/New_York	2017-05-23
5140364	Sweyze	Sweyze		40.91788	-72.72093	P	PPL	US		NY	103	61984		0	8	15	America/New_York	2017-05-23
5140365	Swift Corner	Swift Corner		42.86646	-76.02853	P	PPL	US		NY	067	59036		0	499	499	America/New_York	2017-05-23
5140370	Swifts Mills	Swifts Mills		43.05978	-78.51836	P	PPL	US		NY	029	50716		0	187	191	America/New_York	2017-05-23
5140385	Sycaway	Sycaway		42.74202	-73.65262	P	PPL	US		NY	083	10275		0	128	133	America/New_York	2017-05-23
5140387	Sylva	Sylva		41.63232	-74.10514	P	PPL	US		NY	111	58552		0	169	172	America/New_York	2017-05-23
5140389	Sylvan Beach	Sylvan Beach	Sylvan Beach,Sylvanbeach	43.19646	-75.73046	P	PPL	US		NY	065	77486		892	114	113	America/New_York	2017-05-23
5140390	Sylvan Beach	Sylvan Beach		42.46479	-77.1083	P	PPL	US		NY	101	78883		1059	342	345	America/New_York	2017-05-23
5140395	Sylvan Lake	Sylvan Lake		41.60759	-73.73457	P	PPL	US		NY	027	05452		0	106	107	America/New_York	2017-05-23
5140402	Syosset	Syosset	Little East Woods,Syosset	40.82621	-73.50207	P	PPL	US		NY	059	56000		18829	66	66	America/New_York	2017-05-23
5140405	Syracuse	Syracuse	Bogardus Corners,Cossitts Corners,Gorad Sirakjus,Kah-ya-hoo-neh,Ken-tue-ho-ne,Milan,Na-ta-dunk,SYR,Siracusa,Sirak'jus,Sirakjus,Sirakjuz,Sirakuso,Sirakuz,South Salina,Sy-kuse,Syracusae,Syracuse,Syracuse i New York,Tu-na-ten-tonk,sayrakywz,shirakyusu,shirakyuzu,sileokyuseu,sirekyuja,syrakywz,syrakywz  nyw yark,syrakywz  nywywrk,syrqywz,xi la qiu ci,Горад Сіракюс,Сиракуз,Сиракьюс,Сиракюз,Сиракјус,Сіракюс,סירקיוז,سائراکیوز,سيراكيوز,سیراکیوز، نیو یارک,سیراکیوز، نیویورک,सिरॅक्युज,სირაკიუსი,シラキュース,シラキューズ,锡拉丘兹,시러큐스	43.04812	-76.14742	P	PPLA2	US		NY	067	73000		144142	121	129	America/New_York	2017-05-23
5140412	Swormville	Swormville		43.03839	-78.69725	P	PPL	US		NY	029	02000		0	178	182	America/New_York	2017-05-23
5140417	Tabasco	Tabasco		41.84759	-74.30071	P	PPL	US		NY	111	63011		0	297	303	America/New_York	2017-05-23
5140418	Taberg	Taberg		43.30368	-75.61685	P	PPL	US		NY	065	02253		0	158	160	America/New_York	2017-05-23
5140426	Taborton	Taborton	Georgetown,Taborton	42.64619	-73.48511	P	PPL	US		NY	083	65013		0	435	433	America/New_York	2017-05-23
5140430	Tacoma	Tacoma		42.23536	-75.2799	P	PPL	US		NY	025	45964		0	498	495	America/New_York	2017-05-23
5140442	Taghkanic	Taghkanic	Taghkanic,Taghkanick	42.14231	-73.67735	P	PPL	US		NY	021	73077		0	221	225	America/New_York	2017-05-23
5140447	Tahawus	Tahawus	Lower Works,Sanford Mines,Tahawa,Tahawas,Tahawus	44.05061	-74.05098	P	PPL	US		NY	031	50144		0	538	545	America/New_York	2017-05-23
5140456	Talcottville	Talcottville	Leyden,Talcottville	43.5334	-75.36517	P	PPL	US		NY	049	42213		0	346	349	America/New_York	2017-05-23
5140457	Talcville	Talcville	Freemansburgh,Talcville	44.30978	-75.30604	P	PPL	US		NY	089	23646		0	198	200	America/New_York	2017-05-23
5140458	Tallette	Tallette		42.74007	-75.33322	P	PPL	US		NY	017	17486		0	396	396	America/New_York	2017-05-23
5140462	Tallman	Tallman		41.11121	-74.09986	P	PPL	US		NY	087	60510		0	151	154	America/New_York	2017-05-23
5140471	Tamarack	Tamarack	Platestown,Tamarac,Tamarack	42.77202	-73.54345	P	PPL	US		NY	083	10275		0	154	156	America/New_York	2017-05-23
5140511	Tannersville	Tannersville		42.19564	-74.13375	P	PPL	US		NY	039	36178		512	579	579	America/New_York	2017-05-23
5140532	Tappan	Tappan	Tapan,tappan,Тапан,タッパン	41.02204	-73.94736	P	PPL	US		NY	087	55211		6613	14	17	America/New_York	2017-05-23
5140537	Tarrytown	Tarrytown	Oniskethau,Onisquethau,Tarrytown	42.55897	-73.95096	P	PPL	US		NY	001	50672		0	192	192	America/New_York	2017-05-23
5140538	Tarrytown	Tarrytown	Alipkonk,Taritaun,Tarritaun,Tarry Town,Tarrytown,Tarwe Dorp,bai you cun,taelitaun,tarytawn,Таритаун,Тарритаун,تاريتاون,柏油村,태리타운	41.07621	-73.85875	P	PPL	US		NY	119			11560	37	45	America/New_York	2017-03-09
5140552	Taunton	Taunton		43.03062	-76.20882	P	PPL	US		NY	067	54958		0	153	154	America/New_York	2017-05-23
5140555	Taughannock Falls	Taughannock Falls		42.53202	-76.61189	P	PPL	US		NY	109	75990		0	258	260	America/New_York	2017-05-23
5140556	Taylor	Taylor	Bangall,Taylor,Taylorville	42.56701	-75.89325	P	PPL	US		NY	023	73220		0	338	340	America/New_York	2017-05-23
5140557	Taylor	Taylor		42.93701	-77.88056	P	PPL	US		NY	051	11715		0	212	213	America/New_York	2017-05-23
5140565	Taylor Center	Taylor Center	Taylor Center,Taylor Centre	42.61396	-75.92492	P	PPL	US		NY	023	73220		0	436	441	America/New_York	2017-05-23
5140574	Taylor Hollow	Taylor Hollow		42.51951	-78.92892	P	PPL	US		NY	029	17200		0	264	266	America/New_York	2017-05-23
5140589	Taylor Valley	Taylor Valley		42.59313	-75.95242	P	PPL	US		NY	023	73220		0	390	394	America/New_York	2017-05-23
5140591	Taylor Settlement	Taylor Settlement		43.78284	-76.07465	P	PPL	US		NY	045	24086		0	159	158	America/New_York	2017-05-23
5140593	Taylors Corner	Taylors Corner		44.76867	-74.62879	P	PPL	US		NY	089	41564		0	153	149	America/New_York	2017-05-23
5140595	Taylorshire	Taylorshire		42.74534	-78.65586	P	PPL	US		NY	029	03199		0	260	264	America/New_York	2017-05-23
5140596	Taylortown	Taylortown		42.76396	-74.98154	P	PPL	US		NY	077	55695		0	424	426	America/New_York	2017-05-23
5140604	Teall Beach	Teall Beach		42.81479	-76.9383	P	PPL	US		NY	099	25505		0	137	145	America/New_York	2017-05-23
5140609	Teboville	Teboville	Teboville,Whippleville Station	44.80672	-74.24434	P	PPL	US		NY	033	44721		0	331	332	America/New_York	2017-05-23
5140618	Teed Corners	Teed Corners		42.79867	-77.89639	P	PPL	US		NY	051	41883		0	214	216	America/New_York	2017-05-23
5140659	Tenantville	Tenantville		43.28452	-74.11541	P	PPL	US		NY	091	23591		0	437	440	America/New_York	2017-05-23
5140669	Tennanah Lake	Tennanah Lake		41.89509	-74.97655	P	PPL	US		NY	105	27573		0	608	616	America/New_York	2017-05-23
5140674	Terpening Corners	Terpening Corners		42.53841	-76.49272	P	PPL	US		NY	109	41234		0	290	290	America/New_York	2017-05-23
5140675	Terrace Heights	Terrace Heights		40.72149	-73.7693	P	PPL	US		NY	081			15421	50	52	America/New_York	2017-04-16
5140678	Terrace Park	Terrace Park		44.59812	-75.63496	P	PPL	US		NY	089	48582		0	91	94	America/New_York	2017-05-23
5140690	Terrys Corners	Terrys Corners	Terrys Corner,Terrys Corners	43.17422	-78.60031	P	PPL	US		NY	063	64034		0	186	189	America/New_York	2017-05-23
5140694	Terryville	Terryville		40.90899	-73.06511	P	PPL	US		NY	103	10000		11849	46	47	America/New_York	2017-05-23
5140695	Texas	Texas		43.98507	-75.50491	P	PPL	US		NY	049	19081		0	277	277	America/New_York	2017-05-23
5140696	Texas	Texas	Texas,Vera Cruz	43.51285	-76.25104	P	PPL	US		NY	075	46822		0	82	81	America/New_York	2017-05-23
5140703	Texas Valley	Texas Valley		42.48618	-75.97298	P	PPL	US		NY	023	45403		0	378	381	America/New_York	2017-05-23
5140707	Texaco Town	Texaco Town		42.90673	-78.06446	P	PPL	US		NY	037	56792		0	319	320	America/New_York	2017-05-23
5140710	Thayer Corners	Thayer Corners	Thayer Corners,Thayer's Corners	44.92171	-74.14073	P	PPL	US		NY	033	11165		0	233	233	America/New_York	2017-05-23
5140720	The Cape	The Cape		41.74759	-74.43321	P	PPL	US		NY	111	78828		0	316	314	America/New_York	2017-05-23
5140729	The Creek Beach	The Creek Beach		41.00954	-72.18119	P	PPL	US		NY	103	22194		0	2	11	America/New_York	2017-05-23
5140730	The Elms	The Elms		43.66396	-76.17243	P	PPL	US		NY	075	65079		0	77	80	America/New_York	2017-05-23
5140738	The Glen	The Glen		43.58396	-73.8629	P	PPL	US		NY	113	38715		0	231	233	America/New_York	2017-05-23
5140744	The Landing	The Landing		40.86149	-73.19678	P	PPL	US		NY	103	68000		0	31	35	America/New_York	2017-05-23
5140753	The Narrows	The Narrows		42.33645	-78.48697	P	PPL	US		NY	009	27342		0	515	520	America/New_York	2017-05-23
5140758	The Plains	The Plains		43.05285	-73.35844	P	PPL	US		NY	115	38143		0	154	156	America/New_York	2017-05-23
5140767	The Vly	The Vly		41.88648	-74.20431	P	PPL	US		NY	111	45458		0	258	266	America/New_York	2017-05-23
5140773	Thendara	Thendara		43.70007	-75.00184	P	PPL	US		NY	043	78927		0	520	523	America/New_York	2017-05-23
5140784	Theresa	Theresa		44.21533	-75.79717	P	PPL	US		NY	045	73528		843	124	129	America/New_York	2017-05-23
5140789	Thiells	Thiells	Thiell's Corners,Thiells,Thiells Corners	41.21065	-74.01764	P	PPL	US		NY	087	32765		5032	84	90	America/New_York	2017-05-23
5140848	Thomas Settlement	Thomas Settlement		43.81395	-76.07465	P	PPL	US		NY	045	00210		0	162	162	America/New_York	2017-05-23
5140849	Thomaston	Thomaston		40.78621	-73.71374	P	PPL	US		NY	059	53000		2639	60	69	America/New_York	2017-05-23
5140850	Thomasville	Thomasville		44.47477	-73.61403	P	PPL	US		NY	019	03221		0	207	201	America/New_York	2017-05-23
5140851	Thompson	Thompson	Thompson,Thompson Station	43.00312	-76.96385	P	PPL	US		NY	099	38858		0	132	134	America/New_York	2017-05-23
5140868	Thompson Ridge	Thompson Ridge	Thompson Ridge,Thompson's Ridge	41.56815	-74.32988	P	PPL	US		NY	071	18916		0	139	143	America/New_York	2017-05-23
5140876	Thompsons Corner	Thompsons Corner		43.2884	-75.76796	P	PPL	US		NY	065	77486		0	155	162	America/New_York	2017-05-23
5140878	Thompsons Lake	Thompsons Lake	Thompson's Lake,Thompsons Lake	42.64286	-74.04402	P	PPL	US		NY	001	06211		0	395	400	America/New_York	2017-05-23
5140879	Thompsonville	Thompsonville		41.66815	-74.62516	P	PPL	US		NY	105	73627		0	356	359	America/New_York	2017-05-23
5140880	Thomson	Thomson		43.12591	-73.58289	P	PPL	US		NY	115	30686		0	34	38	America/New_York	2017-05-23
5140884	Thorn Hill	Thorn Hill		42.89784	-76.34132	P	PPL	US		NY	067	45491		0	393	395	America/New_York	2017-05-23
5140887	Thompsons Crossing	Thompsons Crossing		42.78034	-78.14918	P	PPL	US		NY	121	78344		0	395	396	America/New_York	2017-05-23
5140889	Thornton	Thornton		42.26395	-79.15727	P	PPL	US		NY	013	15198		0	477	479	America/New_York	2017-05-23
5140890	Thornton Grove	Thornton Grove		42.88396	-76.40855	P	PPL	US		NY	067	67521		0	266	271	America/New_York	2017-05-23
5140891	Thornton Heights	Thornton Heights		42.88007	-76.40827	P	PPL	US		NY	067	67521		0	277	281	America/New_York	2017-05-23
5140894	Thorntons Corner	Thorntons Corner		43.17479	-77.01108	P	PPL	US		NY	117	68220		0	136	138	America/New_York	2017-05-23
5140895	Thornwood	Thornwood	Hillside,Nanahagen,Sherman Park,Thornwood	41.12343	-73.77902	P	PPL	US		NY	119	49011		3759	82	90	America/New_York	2017-05-23
5140905	Thousand Island Park	Thousand Island Park		44.28699	-76.02773	P	PPL	US		NY	045	55398		31	84	83	America/New_York	2017-05-23
5140916	Three Mile Bay	Three Mile Bay		44.08144	-76.19827	P	PPL	US		NY	045	43863		227	79	79	America/New_York	2017-05-23
5140923	Three Rivers	Three Rivers	Three River Point,Three Rivers	43.2009	-76.27799	P	PPL	US		NY	067	16067		0	114	113	America/New_York	2017-05-23
5140945	Throgs Neck	Throgs Neck	Throg's Neck,Throgs Neck	40.8226	-73.81958	P	PPL	US		NY	005			33683	6	10	America/New_York	2017-04-16
5140950	Throop	Throop	Throop,Throop Station	42.9759	-76.57078	P	PPL	US		NY	011	73770		0	167	169	America/New_York	2017-05-23
5140952	Throopsville	Throopsville		42.97312	-76.60189	P	PPL	US		NY	011	73770		0	158	162	America/New_York	2017-05-23
5140961	Threemile Harbor	Threemile Harbor	Three Mile Harbor,Threemile Harbor	41.01593	-72.17952	P	PPL	US		NY	103	22194		0	6	17	America/New_York	2017-05-23
5140963	Thurman	Thurman	Kenyontown,Thurman	43.5334	-73.91596	P	PPL	US		NY	113	73814		0	401	403	America/New_York	2017-05-23
5140969	Thurston	Thurston	Merchantville,Thurston	42.22285	-77.26414	P	PPL	US		NY	101	73836		0	385	387	America/New_York	2017-05-23
5140977	Tiana	Tiana		40.87204	-72.54148	P	PPL	US		NY	103	68473		0	3	3	America/New_York	2017-05-23
5141002	Ticonderoga	Ticonderoga	Cheonderoga,Lower Falls,Tajkonderoga,Teken'taro:ken,Teken'taró:ken,Ticonderoga,thi khxn de ro ka,Тајкондерога,ทิคอนเดโรกา	43.84867	-73.42345	P	PPL	US		NY	031	73891		3382	46	51	America/New_York	2017-05-23
5141013	Tilly Foster	Tilly Foster		41.41648	-73.6493	P	PPL	US		NY	079	68924		0	124	136	America/New_York	2017-05-23
5141025	Tillson	Tillson		41.82898	-74.06848	P	PPL	US		NY	111	63737		1586	71	73	America/New_York	2017-05-23
5141026	Timothy Heights	Timothy Heights		41.73926	-73.83819	P	PPL	US		NY	027	58695		0	94	93	America/New_York	2017-05-23
5141037	Tinker Tavern Corner	Tinker Tavern Corner		43.50674	-76.12798	P	PPL	US		NY	075	61533		0	127	124	America/New_York	2017-05-23
5141038	Tinkertown	Tinkertown		42.26785	-77.76777	P	PPL	US		NY	003	01209		0	485	489	America/New_York	2017-05-23
5141043	Tioga Center	Tioga Center	Teio:ken,Teió:ken,Tioga Center,Tioga Centre	42.05619	-76.34799	P	PPL	US		NY	107	73968		0	243	244	America/New_York	2017-05-23
5141054	Tip Top	Tip Top	Tip Top,Tip Top Summit	42.22313	-77.78972	P	PPL	US		NY	003	01209		0	551	548	America/New_York	2017-05-23
5141070	Tiplady	Tiplady		43.25202	-73.28372	P	PPL	US		NY	115	33040		0	204	205	America/New_York	2017-05-23
5141071	Titusville	Titusville		41.66759	-73.87402	P	PPL	US		NY	027	40299		811	47	49	America/New_York	2017-05-23
5141073	Tivoli	Tivoli	Madalin,Tivoli,Upper Red Hook Landing	42.05842	-73.9093	P	PPL	US		NY	027	60905		1099	46	47	America/New_York	2017-05-23
5141075	Toad Harbor	Toad Harbor		43.24146	-76.07492	P	PPL	US		NY	075	80500		0	115	122	America/New_York	2017-05-23
5141102	Toddsville	Toddsville		42.68785	-74.95821	P	PPL	US		NY	077	32589		0	379	379	America/New_York	2017-05-23
5141103	Toddville	Toddville		41.29371	-73.88847	P	PPL	US		NY	119	18410		0	101	113	America/New_York	2017-05-23
5141105	Toggletown	Toggletown		42.91867	-77.81278	P	PPL	US		NY	051	84022		0	185	186	America/New_York	2017-05-23
5141107	Toll Corner	Toll Corner		42.48035	-75.27878	P	PPL	US		NY	077	11528		0	390	388	America/New_York	2017-05-23
5141110	Toll Gate Corners	Toll Gate Corners		42.69563	-76.42021	P	PPL	US		NY	011	48307		0	231	232	America/New_York	2017-05-23
5141135	Tomantown	Tomantown		43.20063	-74.29514	P	PPL	US		NY	035	46217		0	396	402	America/New_York	2017-05-23
5141139	Tomhannock	Tomhannock	Reed's Corners,Reed's Hollow,Tomhannock	42.86897	-73.54373	P	PPL	US		NY	083	58398		0	129	129	America/New_York	2017-05-23
5141141	Toll Gate Corner	Toll Gate Corner		42.0259	-78.33863	P	PPL	US		NY	009	59509		0	436	438	America/New_York	2017-05-23
5141142	Tomkins Cove	Tomkins Cove	Lime Kilns,Thompkins Cove,Thompsons Cove,Tomkin's Cove,Tomkins Cove	41.25704	-73.98347	P	PPL	US		NY	087	71674		0	44	50	America/New_York	2017-05-23
5141144	Tomlinson Corners	Tomlinson Corners		42.96479	-77.5025	P	PPL	US		NY	055	46558		0	205	207	America/New_York	2017-05-23
5141149	Tompkins Corners	Tompkins Corners	Catlin,Tompkins Corners	42.20341	-76.88774	P	PPL	US		NY	015	12947		0	319	321	America/New_York	2017-05-23
5141150	Tompkins Corners	Tompkins Corners	Tomkins Corners,Tompkins Corners	41.39898	-73.80208	P	PPL	US		NY	079	60147		0	115	118	America/New_York	2017-05-23
5141151	Tompkins Corners	Tompkins Corners		41.19121	-73.78263	P	PPL	US		NY	119	50078		0	141	143	America/New_York	2017-05-23
5141165	Tompkinsville	Tompkinsville	Tompkinsville,Watering Place	40.63649	-74.08542	P	PPL	US		NY	085			8343	34	37	America/New_York	2017-04-16
5141168	Toms Landing	Toms Landing		43.34089	-78.22363	P	PPL	US		NY	073	12496		0	79	93	America/New_York	2017-05-23
5141175	Tonawanda	Tonawanda	Tonavonda,Tonawanda,Tonewanta,Tonovindo,tanawnda  nywywrk,twnawanda,Тонавонда,Тоновиндо,تاناوندا، نیویورک,توناواندا	43.02033	-78.88031	P	PPL	US		NY	029	74166		14907	175	177	America/New_York	2017-05-23
5141236	Tottenville	Tottenville	Arensville,Bentley,Bentley Dock,Manor of Bentley,Mount Hermon,The Neck,Totten's Landing,Tottenville,Unionville	40.50858	-74.23724	P	PPL	US		NY	085			0	16	17	America/New_York	2015-06-07
5141237	Towers Corners	Towers Corners		43.25811	-79.00921	P	PPL	US		NY	063	59267		0	92	92	America/New_York	2017-05-23
5141238	Towerville	Towerville		42.20867	-79.29532	P	PPL	US		NY	013	23976		0	398	401	America/New_York	2017-05-23
5141244	Towlesville	Towlesville		42.33368	-77.45582	P	PPL	US		NY	101	35837		0	552	551	America/New_York	2017-05-23
5141246	Town Line	Town Line		42.89061	-78.5778	P	PPL	US		NY	029	01099		2367	229	230	America/New_York	2017-05-23
5141252	Town Line Station	Town Line Station		42.90145	-78.57808	P	PPL	US		NY	029	01099		0	228	232	America/New_York	2017-05-23
5141255	Town Pump	Town Pump		43.15173	-77.85529	P	PPL	US		NY	055	54474		0	196	200	America/New_York	2017-05-23
5141260	Towners	Towners	Four Corners,Towers,Towner's,Towner's Station,Towners,Towners Station	41.47982	-73.61013	P	PPL	US		NY	079	56748		0	134	136	America/New_York	2017-05-23
5141264	Townsend	Townsend		42.34868	-76.95635	P	PPL	US		NY	097	20676		0	403	407	America/New_York	2017-05-23
5141273	Townsendville	Townsendville		42.57285	-76.78218	P	PPL	US		NY	099	43225		0	436	440	America/New_York	2017-05-23
5141276	Toziers Corner	Toziers Corner		42.73756	-78.36224	P	PPL	US		NY	121	66773		0	406	409	America/New_York	2017-05-23
5141281	Tracy Creek	Tracy Creek		42.01952	-76.07992	P	PPL	US		NY	007	77255		0	363	365	America/New_York	2017-05-23
5141320	Travis	Travis	Deckertown,Jersey Wharf,Linoleumville,Long Neck,New Blazing Star,Travis,Travisville	40.59316	-74.18792	P	PPL	US		NY	085			0	10	9	America/New_York	2006-01-15
5141322	Travers Corners	Travers Corners		43.15674	-73.73345	P	PPL	US		NY	091	82403		0	99	99	America/New_York	2017-05-23
5141329	Treadwell	Treadwell		42.3423	-75.05128	P	PPL	US		NY	025	27232		0	466	469	America/New_York	2017-05-23
5141342	Tremont	Tremont	Adamsville,Mount Hope,South Fordham,Tremont,Upper Morrisania	40.84954	-73.90569	P	PPL	US		NY	005			22870	31	35	America/New_York	2017-04-16
5141351	Tressmar	Tressmar		43.12673	-77.69	P	PPL	US		NY	055	28442		0	171	171	America/New_York	2017-05-23
5141359	Triangle	Triangle		42.3398	-75.8802	P	PPL	US		NY	007	75319		0	326	330	America/New_York	2017-05-23
5141365	Tribeca	Tribeca	Lower West Side,TriBeCa,Tribeca	40.71538	-74.00931	P	PPLX	US		NY	061			0	6	21	America/New_York	2009-08-12
5141366	Tribes Hill	Tribes Hill	Tribes Hill,Tribeshill	42.95535	-74.28513	P	PPL	US		NY	057	47834		1003	128	130	America/New_York	2017-05-23
5141417	Tripoli	Tripoli		42.73896	-75.96242	P	PPL	US		NY	023	19499		0	370	371	America/New_York	2017-05-23
5141418	Tripoli	Tripoli	Griswolds Mills,Tripoli	43.3909	-73.57956	P	PPL	US		NY	115	26715		0	86	87	America/New_York	2017-05-23
5141423	Tristates	Tristates		41.36065	-74.68183	P	PPL	US		NY	071	59388		0	132	140	America/New_York	2017-05-23
5141427	Trombley Landing	Trombley Landing		44.63672	-74.37572	P	PPL	US		NY	033	65178		0	436	437	America/New_York	2017-05-23
5141433	Trenton Falls	Trenton Falls	Date-wa-sunt-ha-go,Kuy-a-ho-ra,Trenton Falls	43.27146	-75.16016	P	PPL	US		NY	065	75280		0	230	237	America/New_York	2017-05-23
5141436	Troupsburg	Troupsburg	Troupsburg,Troupsburgh,Troupsburgh Center	42.04368	-77.5461	P	PPL	US		NY	101	75440		0	507	509	America/New_York	2017-05-23
5141459	Trout Creek	Trout Creek	Teedville,Trout Creek	42.20369	-75.27934	P	PPL	US		NY	025	74111		0	393	395	America/New_York	2017-05-23
5141488	Trout River	Trout River		44.99143	-74.30825	P	PPL	US		NY	033	17871		0	63	68	America/New_York	2017-05-23
5141492	Troutburg	Troutburg		43.3645	-77.99002	P	PPL	US		NY	055	31797		0	81	88	America/New_York	2017-05-23
5141500	Trudeau	Trudeau		44.34227	-74.12127	P	PPL	US		NY	031	64529		0	506	513	America/New_York	2017-05-23
5141502	Troy	Troy	Ashleys Ferry,Ferry Hook,Traj,Troj,Troja,Troy,Van Der Heyden Ferry,Van Der Heyden's Ferry,Vanderheydens Ferry,te luo yi,teuloi,toroi,trwy,trwy  nywywrk,Трай,Трой,Троя,Трој,Թրոյ,تروي,تروی، نیویورک,ٹرائے، نیو یارک,ٹراۓ، نیویارک,トロイ,特洛伊,트로이	42.72841	-73.69179	P	PPLA2	US		NY	083	75484		49906	10	17	America/New_York	2017-05-23
5141508	Trumansburg	Trumansburg	Tremain Village,Tremans Mill,Tremansburg,Tremansville,Trumansburg,Trumansburgh	42.54229	-76.66606	P	PPL	US		NY	109	75990		1828	294	303	America/New_York	2017-05-23
5141510	Truesdale Lake	Truesdale Lake		41.28371	-73.55957	P	PPL	US		NY	119	42136		0	165	175	America/New_York	2017-05-23
5141515	Truthville	Truthville		43.45035	-73.32483	P	PPL	US		NY	115	30037		0	104	100	America/New_York	2017-05-23
5141516	Truxton	Truxton		42.71201	-76.02853	P	PPL	US		NY	023	75550		0	351	353	America/New_York	2017-05-23
5141520	Tryons Corners	Tryons Corners		42.81728	-77.94167	P	PPL	US		NY	051	84022		0	305	304	America/New_York	2017-05-23
5141522	Trumbull Corners	Trumbull Corners	North Newfield,Rumsey Corners,Trumbull Corners,Trumbull's Corners,Trumbulls Corners	42.38368	-76.63245	P	PPL	US		NY	109	50254		0	415	420	America/New_York	2017-05-23
5141527	Tuckahoe	Tuckahoe		40.89899	-72.41092	P	PPL	US		NY	103	68473		1373	15	16	America/New_York	2017-05-23
5141528	Tuckahoe	Tuckahoe		40.95038	-73.82736	P	PPL	US		NY	119	21820		6643	34	43	America/New_York	2017-05-23
5141536	Tucker Heights	Tucker Heights		42.91008	-73.93707	P	PPL	US		NY	091	13926		0	123	131	America/New_York	2017-05-23
5141537	Tucker Terrace	Tucker Terrace		44.94866	-74.97326	P	PPL	US		NY	089	43588		0	79	80	America/New_York	2017-05-23
5141538	Tuckers Corner	Tuckers Corner	Tuckers Corner,Tuckers Corners	41.66759	-74.02903	P	PPL	US		NY	111	58552		0	207	211	America/New_York	2017-05-23
5141549	Tully	Tully		42.79812	-76.10937	P	PPL	US		NY	067	75638		870	381	382	America/New_York	2017-05-23
5141550	Tully Center	Tully Center		42.79896	-76.12215	P	PPL	US		NY	067	75638		0	382	382	America/New_York	2017-05-23
5141553	Tully Lake Park	Tully Lake Park		42.78423	-76.13604	P	PPL	US		NY	067	75638		0	364	369	America/New_York	2017-05-23
5141560	Tunnel	Tunnel		42.21619	-75.72658	P	PPL	US		NY	007	17046		0	423	420	America/New_York	2017-05-23
5141572	Turin	Turin	Turin,Turin Four Corners	43.62729	-75.41129	P	PPL	US		NY	049	75693		230	385	385	America/New_York	2017-05-23
5141580	Tupper Lake	Tupper Lake	Tsi skaniatare'ko:wa,Tsi skaniatare'kó:wa,Tupper Lake,Village of Tupper Lake	44.22395	-74.46406	P	PPL	US		NY	033	75676		3577	487	486	America/New_York	2017-05-23
5141595	Turnbull Corner	Turnbull Corner		44.77478	-75.14604	P	PPL	US		NY	089	44490		0	105	104	America/New_York	2017-05-23
5141607	Turnwood	Turnwood		42.02426	-74.70905	P	PPL	US		NY	111	32116		0	556	559	America/New_York	2017-05-23
5141619	Tuscan	Tuscan		42.58674	-74.76904	P	PPL	US		NY	077	83129		0	403	412	America/New_York	2017-05-23
5141620	Tuscarora	Tuscarora		42.63062	-77.86972	P	PPL	US		NY	051	48956		74	233	237	America/New_York	2017-05-23
5141635	Tusten	Tusten		41.55537	-75.01906	P	PPL	US		NY	105	75759		0	210	217	America/New_York	2017-05-23
5141640	Tuthill	Tuthill		41.68759	-74.16237	P	PPL	US		NY	111	28255		0	65	66	America/New_York	2017-05-23
5141648	Tuthilltown	Tuthilltown	Ganahgote,Tuthill,Tuthilltown,Tuttletown	41.68704	-74.17542	P	PPL	US		NY	111	28255		0	66	72	America/New_York	2017-05-23
5141653	Tuxedo Park	Tuxedo Park	P'taukseet-tough,Taksido Park,Tuxedo Park,taksydw park  nywywrk,twksydw bark,Таксидо Парк,تاکسیدو پارک، نیویورک,توكسيدو بارك,ٹکسیڈو پارک، نیو یارک,タキシード・パーク	41.19343	-74.18431	P	PPL	US		NY	071	75781		623	124	127	America/New_York	2017-05-23
5141659	Tuxedo Park	Tuxedo Park		42.81979	-77.69667	P	PPL	US		NY	051	42961		0	251	255	America/New_York	2017-05-23
5141664	Twelve Corners	Twelve Corners		43.12701	-77.56555	P	PPL	US		NY	055	08246		0	150	150	America/New_York	2017-05-23
5141677	Twilight Park	Twilight Park		42.18926	-74.08708	P	PPL	US		NY	039	36178		0	589	590	America/New_York	2017-05-23
5141711	Twin Orchard	Twin Orchard	Twin Orchard,Twin Orchards	42.0973	-76.02631	P	PPL	US		NY	007	77255		0	253	256	America/New_York	2017-05-23
5141732	Twin Lakes Village	Twin Lakes Village		41.29926	-73.56985	P	PPL	US		NY	119	42136		0	151	160	America/New_York	2017-05-23
5141746	Two Brooks	Two Brooks		44.57949	-73.9707	P	PPL	US		NY	033	27243		0	389	388	America/New_York	2017-05-23
5141767	Tylersville	Tylersville	South Rutland,Tylersville,Tylerville	43.9009	-75.79936	P	PPL	US		NY	045	64265		0	320	317	America/New_York	2017-05-23
5141768	Tylertown	Tylertown		41.62676	-74.94878	P	PPL	US		NY	105	16661		0	310	322	America/New_York	2017-05-23
5141770	Tyner	Tyner		42.43035	-75.66547	P	PPL	US		NY	017	68055		0	378	381	America/New_York	2017-05-23
5141772	Tyre	Tyre	Tyre,Tyre City	42.99118	-76.80218	P	PPL	US		NY	099	75902		0	125	127	America/New_York	2017-05-23
5141775	Tyrone	Tyrone		42.40813	-77.0583	P	PPL	US		NY	097	75924		0	357	360	America/New_York	2017-05-23
5141785	Ulster Heights	Ulster Heights		41.7737	-74.48377	P	PPL	US		NY	111	78828		0	324	328	America/New_York	2017-05-23
5141787	Ulster Landing	Ulster Landing	Heath,Ulster Landing	41.99731	-73.94764	P	PPL	US		NY	111	75935		0	13	17	America/New_York	2017-05-23
5141788	Ulster Park	Ulster Park	Amesville,Norris Corners,Ulster Park,Ulsterpark	41.85593	-73.97708	P	PPL	US		NY	111	24691		0	48	48	America/New_York	2017-05-23
5141790	Ulsterville	Ulsterville		41.61009	-74.33571	P	PPL	US		NY	111	66674		0	128	130	America/New_York	2017-05-23
5141796	Unadilla	Unadilla	De-u-na-dil'-lo,Ti-an-der-ra,Tianderah,Unadilla,Unedelly,Unendilla,Unidilly	42.32536	-75.3124	P	PPL	US		NY	077	76012		1088	308	313	America/New_York	2017-05-23
5141797	Unadilla Center	Unadilla Center		42.40425	-75.30878	P	PPL	US		NY	077	76012		0	536	536	America/New_York	2017-05-23
5141798	Unadilla Forks	Unadilla Forks		42.84174	-75.24016	P	PPL	US		NY	077	58420		0	358	360	America/New_York	2017-05-23
5141801	Tylers Corner	Tylers Corner		43.51368	-76.1627	P	PPL	US		NY	075	61533		0	99	98	America/New_York	2017-05-23
5141812	Underwood	Underwood		44.08783	-73.67624	P	PPL	US		NY	031	53077		0	334	340	America/New_York	2017-05-23
5141815	Underwood Corner	Underwood Corner		42.14867	-78.90365	P	PPL	US		NY	009	16903		0	447	447	America/New_York	2017-05-23
5141819	Uneeda Beach	Uneeda Beach		43.29478	-78.9206	P	PPL	US		NY	063	59267		0	81	79	America/New_York	2017-05-23
5141820	Union	Union		42.86784	-75.88714	P	PPL	US		NY	053	13156		0	383	388	America/New_York	2017-05-23
5141868	Union Center	Union Center	Union Center,Union Centre	42.15146	-76.06909	P	PPL	US		NY	007	76056		0	273	275	America/New_York	2017-05-23
5141869	Union Center	Union Center		41.8512	-73.99708	P	PPL	US		NY	111	24691		0	86	106	America/New_York	2017-05-23
5141878	Union Corners	Union Corners		42.89506	-77.97945	P	PPL	US		NY	037	56792		0	324	325	America/New_York	2017-05-23
5141879	Union Corners	Union Corners	Brushville,Union Corners	42.62756	-77.84111	P	PPL	US		NY	051	81006		0	305	307	America/New_York	2017-05-23
5141880	Union Corners	Union Corners		42.7284	-77.67277	P	PPL	US		NY	051	17618		0	368	372	America/New_York	2017-05-23
5141883	Union Falls	Union Falls	Union Falls,Unionfalls	44.50727	-73.91653	P	PPL	US		NY	019	06761		0	431	430	America/New_York	2017-05-23
5141895	Union Hill	Union Hill	Union Hill,Unionhill	43.22284	-77.37166	P	PPL	US		NY	117	55013		0	138	138	America/New_York	2017-05-23
5141898	Union Mills	Union Mills		43.0898	-74.13346	P	PPL	US		NY	035	08433		0	273	272	America/New_York	2017-05-23
5141911	Union Settlement	Union Settlement		43.32035	-76.04325	P	PPL	US		NY	075	80500		0	148	150	America/New_York	2017-05-23
5141912	Union Springs	Union Springs	Junion Springs,ywnyn sprngz  nyw yark,ywnywn sbrynghz,Јунион Спрингс,يونيون سبرينغز,یونین سپرنگز، نیو یارک	42.83979	-76.69328	P	PPL	US		NY	011	70376		1175	125	127	America/New_York	2017-05-23
5141920	Undercliff	Undercliff		44.33921	-73.96931	P	PPL	US		NY	031	51935		0	569	573	America/New_York	2017-05-23
5141921	Union Valley	Union Valley		42.63368	-75.88381	P	PPL	US		NY	023	73220		0	361	365	America/New_York	2017-05-23
5141923	Union Valley	Union Valley		42.32424	-75.54185	P	PPL	US		NY	017	04044		0	397	398	America/New_York	2017-05-23
5141927	Uniondale	Uniondale	East Meadow,Juniondejl,Turtle Hook,Union Dale,Uniondale,you ning dai er,yunieondeil,ywnywndayl,Јуниондејл,Юниондейл,Юніондейл,يونيوندايل,یونیوندایل,尤寧戴爾,유니언데일	40.70038	-73.59291	P	PPL	US		NY	059	34000		24759	16	18	America/New_York	2017-05-23
5141930	Unionport	Unionport	Union Port,Unionport	40.82732	-73.85013	P	PPL	US		NY	005			23895	11	12	America/New_York	2017-04-16
5141932	Unionville	Unionville	Union Church,Unionville	42.60119	-73.8879	P	PPL	US		NY	001	50672		0	72	74	America/New_York	2017-05-23
5141933	Unionville	Unionville		42.95173	-77.03747	P	PPL	US		NY	069	57529		0	146	149	America/New_York	2017-05-23
5141934	Unionville	Unionville		41.30204	-74.56155	P	PPL	US		NY	071	47713		593	163	162	America/New_York	2017-05-23
5141935	Unionville	Unionville	Union Settlement,Unionville	44.71284	-74.99686	P	PPL	US		NY	089	59575		0	113	112	America/New_York	2017-05-23
5141936	Unionville	Unionville		42.30313	-77.35665	P	PPL	US		NY	101	04770		0	482	487	America/New_York	2017-05-23
5141937	Unionville	Unionville		41.85704	-74.56321	P	PPL	US		NY	105	49847		0	318	342	America/New_York	2017-05-23
5141962	University Gardens	University Gardens		40.77732	-73.72263	P	PPL	US		NY	059	53000		4226	45	50	America/New_York	2017-05-23
5141963	University Heights	University Heights	Fordham Heights,University Heights	40.8601	-73.9093	P	PPL	US		NY	005			27935	52	54	America/New_York	2017-04-16
5141972	Upper Barbourville	Upper Barbourville		42.16008	-75.35545	P	PPL	US		NY	025	20357		0	428	424	America/New_York	2017-05-23
5141977	Upper Beechwood	Upper Beechwood		41.77703	-74.98961	P	PPL	US		NY	105	20104		0	466	464	America/New_York	2017-05-23
5141978	Upper Benson	Upper Benson	Benson Center,Upper Benson	43.24924	-74.33625	P	PPL	US		NY	041	05958		0	394	397	America/New_York	2017-05-23
5141980	Upper Brookville	Upper Brookville		40.83871	-73.56513	P	PPL	US		NY	059	56000		1753	48	58	America/New_York	2017-05-23
5141991	Upper Fairfield	Upper Fairfield		42.26924	-76.29049	P	PPL	US		NY	107	12221		0	415	418	America/New_York	2017-05-23
5141998	Upper Hollowville	Upper Hollowville		42.20676	-73.66429	P	PPL	US		NY	021	16045		0	138	144	America/New_York	2017-05-23
5141999	Upper Jay	Upper Jay		44.33644	-73.7757	P	PPL	US		NY	031	38396		0	205	212	America/New_York	2017-05-23
5142005	Upper Lisle	Upper Lisle		42.39618	-75.95714	P	PPL	US		NY	007	75319		0	315	319	America/New_York	2017-05-23
5142007	Upper Mongaup	Upper Mongaup		41.45759	-74.76489	P	PPL	US		NY	105	43786		0	270	278	America/New_York	2017-05-23
5142011	Upper Nyack	Upper Nyack	Sarvent's Landing,Upper Nyack	41.10704	-73.92014	P	PPL	US		NY	087	15968		2176	58	62	America/New_York	2017-05-23
5142020	Upper Red Hook	Upper Red Hook	Upper Red Hook,Upper Redhook	42.02981	-73.84458	P	PPL	US		NY	027	60905		0	70	69	America/New_York	2017-05-23
5142026	Upper Saint Regis	Upper Saint Regis		44.39783	-74.2696	P	PPL	US		NY	033	32314		0	501	502	America/New_York	2017-05-23
5142033	Upper Town Landing	Upper Town Landing	Upper Town Dock,Upper Town Landing	44.26171	-76.10856	P	PPL	US		NY	045	16100		0	82	78	America/New_York	2017-05-23
5142036	Upper West Side	Upper West Side	Aukstutinis Vestsaidas,Aukštutinis Vestsaidas,Verkhnij Vest-Sajd,eopeoweseuteusaideu,shang xi cheng,xap pexr west sid,Верхний Вест-Сайд,אפער וועסט סייד,אפר וסט סייד,อัปเปอร์เวสต์ไซด์,ზემო ვესტ-საიდი,アッパー・ウエスト・サイド,上西城,어퍼웨스트사이드	40.78705	-73.97542	P	PPLX	US		NY	061			0	27	32	America/New_York	2014-01-24
5142039	Upperville	Upperville		42.70035	-75.61518	P	PPL	US		NY	017	68110		0	393	395	America/New_York	2017-05-23
5142040	Upson Corners	Upson Corners		43.36174	-76.22826	P	PPL	US		NY	075	56154		0	153	154	America/New_York	2017-05-23
5142042	Upton	Upton	Camp Upton,Upton	40.86954	-72.88677	P	PPL	US		NY	103	10000		0	27	32	America/New_York	2017-05-23
5142046	Uptonville	Uptonville		43.20312	-77.64472	P	PPL	US		NY	055	63000		0	130	131	America/New_York	2017-05-23
5142047	Urbana	Urbana		42.45452	-77.18109	P	PPL	US		NY	101	76496		0	222	225	America/New_York	2017-05-23
5142055	Ushers	Ushers		42.90813	-73.77373	P	PPL	US		NY	091	31489		0	65	66	America/New_York	2017-05-23
5142056	Utica	Utica	Fort Schuyler,Gorad Jutyka,Iotekha,Iotékha,Jutika,Nundadasis,Old Fort Schuyler,Tevadahahtodague,Twa-dah-ah-lo-dah-que,UCA,Unungagages,Utica,Utika,Yanundadasis,ZUA,awtyka,you ti ka,yutika,ywtyka  nywywrk,ywtyqh,Јутика,Горад Ютыка,Утика,Ютика,Ютіка,יוטיקה,أوتيكا,یوتیکا، نیویورک,یوٹیکا، نیو یارک,ユーティカ,由提卡	43.1009	-75.23266	P	PPLA2	US		NY	065	76540		61100	139	143	America/New_York	2017-05-23
5142071	Vail Mills	Vail Mills	Vail Mills,Vail's Mills	43.05007	-74.21791	P	PPL	US		NY	035	46217		0	238	239	America/New_York	2017-05-23
5142073	Vails Gate	Vails Gate	Vail Gate,Vail's Gate,Vailgate,Vails Gate,Vailsgate	41.45426	-74.05764	P	PPL	US		NY	071	50848		3369	86	88	America/New_York	2017-05-23
5142074	Vails Gate Junction	Vails Gate Junction		41.46009	-74.06153	P	PPL	US		NY	071	50848		0	85	87	America/New_York	2017-05-23
5142075	Valatie	Valatie		42.41342	-73.67317	P	PPL	US		NY	021	39573		1911	73	73	America/New_York	2017-05-23
5142076	Valatie Colony	Valatie Colony		42.43592	-73.67206	P	PPL	US		NY	021	39573		0	96	96	America/New_York	2017-05-23
5142078	Utopia	Utopia		40.72732	-73.78652	P	PPL	US		NY	081			0	20	19	America/New_York	2006-01-15
5142087	Valentines Beach	Valentines Beach		43.19396	-76.03492	P	PPL	US		NY	067	15704		0	113	116	America/New_York	2017-05-23
5142090	Valhalla	Valhalla	Davis Brook,Kensico,Robbins Mills,Valhalla,Valkhala,Валхала	41.07482	-73.77513	P	PPL	US		NY	119	49011		3162	78	86	America/New_York	2017-05-23
5142099	Valley Brook	Valley Brook		42.92896	-74.65903	P	PPL	US		NY	057	47614		0	123	133	America/New_York	2017-05-23
5142101	Valley Cottage	Valley Cottage		41.11815	-73.95542	P	PPL	US		NY	087	15968		9107	54	61	America/New_York	2017-05-23
5142103	Valley Falls	Valley Falls	Pittstown Station,Valley Falls	42.90341	-73.56262	P	PPL	US		NY	083	58398		458	102	100	America/New_York	2017-05-23
5142105	Valley Mills	Valley Mills		43.01201	-75.58962	P	PPL	US		NY	053	71399		0	177	179	America/New_York	2017-05-23
5142106	Valley Pond Estates	Valley Pond Estates		41.30898	-73.72291	P	PPL	US		NY	119	68308		0	147	157	America/New_York	2017-05-23
5142109	Valley Stream	Valley Stream	Vali Strijm,Vali Strim,faly strym,wly astrym  nywywrk,Вали Стрийм,Вали Стрим,فالي ستريم,ولی استریم، نیویورک,ویلی سٹریم، نیو یارک	40.66427	-73.70846	P	PPL	US		NY	059	34000		37962	5	7	America/New_York	2017-05-23
5142111	Valcour	Valcour	Port Jackson,Valcour	44.60505	-73.43986	P	PPL	US		NY	019	57375		0	37	34	America/New_York	2017-05-23
5142113	Valley View	Valley View		42.73923	-77.25581	P	PPL	US		NY	123	47020		0	239	241	America/New_York	2017-05-23
5142122	Vallonia Springs	Vallonia Springs	Vallonia Springs,Valonia Springs	42.1798	-75.53685	P	PPL	US		NY	007	17046		0	350	351	America/New_York	2017-05-23
5142124	Valois	Valois		42.53479	-76.87718	P	PPL	US		NY	097	33073		0	188	191	America/New_York	2017-05-23
5142129	Van Allen Park	Van Allen Park		42.65508	-73.70845	P	PPL	US		NY	083	61148		0	68	69	America/New_York	2017-05-23
5142137	Van Buren Bay	Van Buren Bay		42.45034	-79.40643	P	PPL	US		NY	013	58981		0	178	181	America/New_York	2017-05-23
5142141	Van Buren Point	Van Buren Point		42.44895	-79.41838	P	PPL	US		NY	013	59421		0	178	189	America/New_York	2017-05-23
5142145	Van Burenville	Van Burenville		41.4987	-74.42766	P	PPL	US		NY	071	77992		0	201	203	America/New_York	2017-05-23
5142147	Van Buren	Van Buren		43.11368	-76.30215	P	PPL	US		NY	067	76760		0	152	150	America/New_York	2017-05-23
5142151	Van Cortlandtville	Van Cortlandtville	Bakers Landing,Cortlandtville,Sutton Mills,Suttons Mills,Van Cortlandt Manor,Van Cortlandtville,Van Cortlandville	41.31482	-73.90375	P	PPL	US		NY	119	18410		0	25	32	America/New_York	2017-05-23
5142155	Van Deusenville	Van Deusenville		42.84313	-74.68626	P	PPL	US		NY	057	12122		0	223	227	America/New_York	2017-05-23
5142156	Van Dorn Corner	Van Dorn Corner		42.45229	-76.59106	P	PPL	US		NY	109	24548		0	431	429	America/New_York	2017-05-23
5142164	Van Etten	Van Etten	Van Etten,Van Ettenville,Vanetten	42.19869	-76.55244	P	PPL	US		NY	015	76892		519	310	310	America/New_York	2017-05-23
5142166	Van Etten Junction	Van Etten Junction		42.18869	-76.55883	P	PPL	US		NY	015	76892		0	302	302	America/New_York	2017-05-23
5142171	Van Hornesville	Van Hornesville	Van Hornesville,Vanhornesville	42.89507	-74.82765	P	PPL	US		NY	043	70794		0	351	352	America/New_York	2017-05-23
5142173	Van Keuren	Van Keuren		41.59037	-74.3096	P	PPL	US		NY	071	18916		0	116	120	America/New_York	2017-05-23
5142176	Van Keurens	Van Keurens		41.64537	-73.94375	P	PPL	US		NY	027	59652		0	9	15	America/New_York	2017-05-23
5142182	Van Nest	Van Nest		40.84843	-73.86375	P	PPL	US		NY	005			23700	14	15	America/New_York	2017-04-16
5142195	Van Vleet	Van Vleet	Van Fleet,Van Vleet	42.03868	-77.28387	P	PPL	US		NY	101	75737		0	411	419	America/New_York	2017-05-23
5142224	Vandalia	Vandalia		42.09618	-78.57975	P	PPL	US		NY	009			0	428	428	America/New_York	2006-01-15
5142232	Varna	Varna		42.45507	-76.43799	P	PPL	US		NY	109	20962		0	285	288	America/New_York	2017-05-23
5142234	Varysburg	Varysburg	Varysburg,Varysburgh	42.76339	-78.30974	P	PPL	US		NY	121	66773		0	353	354	America/New_York	2017-05-23
5142249	Vega	Vega	Shackville,Vega	42.25536	-74.52987	P	PPL	US		NY	025	64001		0	555	555	America/New_York	2017-05-23
5142252	Vaughns Corners	Vaughns Corners	Vaughns,Vaughns Corners,Vaughs Corners	43.37202	-73.564	P	PPL	US		NY	115	39650		0	97	97	America/New_York	2017-05-23
5142256	Verbank	Verbank		41.72871	-73.71041	P	PPL	US		NY	027	76166		0	180	186	America/New_York	2017-05-23
5142257	Verbank Village	Verbank Village		41.72843	-73.72846	P	PPL	US		NY	027	76166		0	157	162	America/New_York	2017-05-23
5142258	Verdoy	Verdoy		42.76452	-73.80401	P	PPL	US		NY	001	17343		0	86	89	America/New_York	2017-05-23
5142266	Vermontville	Vermontville		44.45172	-74.06571	P	PPL	US		NY	033	27243		0	501	501	America/New_York	2017-05-23
5142269	Vernon	Vernon	Ska-nu-sunk,Skunaudowa,Vernon	43.07951	-75.53934	P	PPL	US		NY	065	77123		1157	193	194	America/New_York	2017-05-23
5142270	Vernon Center	Vernon Center	Skun-an-do-wa,Vernon Center,Vernon Centre	43.05229	-75.50156	P	PPL	US		NY	065	77123		0	244	250	America/New_York	2017-05-23
5142273	Vernon Park	Vernon Park		40.90982	-73.81819	P	PPL	US		NY	119	49121		0	13	18	America/New_York	2017-05-23
5142275	Vernon Valley	Vernon Valley		40.89954	-73.32901	P	PPL	US		NY	103	37000		0	24	29	America/New_York	2017-05-23
5142280	Vermilion	Vermilion	Vermilion,Vermillion	43.41701	-76.27771	P	PPL	US		NY	075	56154		0	126	128	America/New_York	2017-05-23
5142281	Verona Beach	Verona Beach	Fish Creek,Verona Beach	43.1909	-75.72907	P	PPL	US		NY	065	77178		0	114	115	America/New_York	2017-05-23
5142283	Verona Mills	Verona Mills		43.19729	-75.55879	P	PPL	US		NY	065	77178		0	135	132	America/New_York	2017-05-23
5142284	Verona Station	Verona Station		43.13368	-75.58657	P	PPL	US		NY	065	77178		0	142	143	America/New_York	2017-05-23
5142287	Verplanck	Verplanck		41.25287	-73.95986	P	PPL	US		NY	119	18410		1729	18	22	America/New_York	2017-05-23
5142292	Versailles	Versailles	Gus-tan-goh,Versailles	42.51895	-78.99587	P	PPL	US		NY	009	57298		0	233	233	America/New_York	2017-05-23
5142294	Vesper	Vesper		42.81757	-76.18132	P	PPL	US		NY	067	75638		0	412	414	America/New_York	2017-05-23
5142296	Vestal	Vestal	Crane's Ferry,Vestal,Vestal Mills	42.08507	-76.05381	P	PPL	US		NY	007	77255		0	253	256	America/New_York	2017-05-23
5142298	Vestal Center	Vestal Center	Vestal Center,Vestal Corner	42.03285	-76.01492	P	PPL	US		NY	007	77255		0	303	304	America/New_York	2017-05-23
5142303	Veteran	Veteran		42.08037	-73.9943	P	PPL	US		NY	111	65299		0	72	71	America/New_York	2017-05-23
5142315	Victor	Victor	Ga-o'sa-ga-o,Victor	42.98256	-77.40888	P	PPL	US		NY	069	77387		2759	176	180	America/New_York	2017-05-23
5142319	Victoria	Victoria		42.16422	-79.42727	P	PPL	US		NY	013	52155		0	412	423	America/New_York	2017-05-23
5142326	Victory Mills	Victory Mills	Victory,Victory Mills	43.08785	-73.594	P	PPL	US		NY	091	65244		621	62	63	America/New_York	2017-05-23
5142328	Victory Park	Victory Park		40.9526	-73.79402	P	PPL	US		NY	119	50617		0	62	65	America/New_York	2017-05-23
5142333	Verona	Verona	Hand's Village,Teonatale,Verona	43.13812	-75.57073	P	PPL	US		NY	065	77178		852	151	155	America/New_York	2017-05-23
5142334	Viewmonte	Viewmonte		42.0987	-73.87402	P	PPL	US		NY	021	28772		0	69	70	America/New_York	2017-05-23
5142343	Village Green	Village Green		43.1334	-76.31299	P	PPL	US		NY	067	76760		3891	134	135	America/New_York	2017-05-23
5142351	Village of the Branch	Village of the Branch	Smithtown Branch,Village of the Branch	40.85621	-73.18733	P	PPL	US		NY	103	68000		1811	19	22	America/New_York	2017-05-23
5142354	Vincent	Vincent		42.83534	-77.4011	P	PPL	US		NY	069	08378		0	277	278	America/New_York	2017-05-23
5142358	Vine Valley	Vine Valley		42.72368	-77.3247	P	PPL	US		NY	123	47020		0	218	217	America/New_York	2017-05-23
5142360	Vineyard	Vineyard		42.39284	-79.46255	P	PPL	US		NY	013	59421		0	203	204	America/New_York	2017-05-23
5142361	Vintonton	Vintonton		42.61063	-74.47431	P	PPL	US		NY	095	27826		0	440	443	America/New_York	2017-05-23
5142362	Viola	Viola	Mechanicsville,Viola	41.13648	-74.08236	P	PPL	US		NY	087	60510		6868	173	179	America/New_York	2017-05-23
5142364	Virgil	Virgil		42.51063	-76.19437	P	PPL	US		NY	023	77596		0	428	427	America/New_York	2017-05-23
5142374	Vischer Ferry	Vischer Ferry	Vischer Ferry,Vischer's Ferry	42.7973	-73.82845	P	PPL	US		NY	091	16353		0	65	68	America/New_York	2017-05-23
5142379	Vista	Vista		41.20232	-73.51012	P	PPL	US		NY	119	42136		0	170	176	America/New_York	2017-05-23
5142402	Voak	Voak		42.73146	-77.13303	P	PPL	US		NY	123	59597		0	357	356	America/New_York	2017-05-23
5142405	Vollentine	Vollentine		42.10478	-79.00865	P	PPL	US		NY	009	60587		0	592	592	America/New_York	2017-05-23
5142408	Volney	Volney	Volney,Volney Center,Volney Corners	43.34285	-76.35771	P	PPL	US		NY	075	77662		5801	135	137	America/New_York	2017-05-23
5142412	Volusia	Volusia		42.25117	-79.59921	P	PPL	US		NY	013	79950		0	473	475	America/New_York	2017-05-23
5142415	Voorheesville	Voorheesville	Farlin,Union Depot,Voorheesville	42.65397	-73.92874	P	PPL	US		NY	001	50672		2832	103	101	America/New_York	2017-05-23
5142420	Vorman Corners	Vorman Corners		42.50535	-74.55154	P	PPL	US		NY	095	38440		0	413	412	America/New_York	2017-05-23
5142421	Vosburg	Vosburg		42.07146	-78.08112	P	PPL	US		NY	003	07201		0	593	594	America/New_York	2017-05-23
5142428	Vorea	Vorea		43.6009	-75.97214	P	PPL	US		NY	075	55453		0	327	329	America/New_York	2017-05-23
5143010	Waccabuc	Waccabuc	Lake Waccabuc,Waccabuc	41.29065	-73.5954	P	PPL	US		NY	119	42136		0	169	177	America/New_York	2017-05-23
5143013	Vukote	Vukote		42.10617	-79.35977	P	PPL	US		NY	013	11451		0	401	405	America/New_York	2017-05-23
5143016	Waddington	Waddington	Hamilton,Kanateroken,Waddington	44.8645	-75.2041	P	PPL	US		NY	089	77739		968	83	85	America/New_York	2017-05-23
5143022	Wading River	Wading River		40.95038	-72.8426	P	PPL	US		NY	103	61984		7719	28	34	America/New_York	2017-05-23
5143024	Wadhams	Wadhams	Wadhams,Wadhams Mills	44.22977	-73.46041	P	PPL	US		NY	031	80775		0	89	102	America/New_York	2017-05-23
5143025	Wading River Landing	Wading River Landing	East Landing,Wading River Landing	40.96677	-72.85371	P	PPL	US		NY	103	61984		0	1	3	America/New_York	2017-05-23
5143027	Wadsworth	Wadsworth		42.82034	-77.89667	P	PPL	US		NY	051	84022		190	226	229	America/New_York	2017-05-23
5143029	Wadsworth Cove	Wadsworth Cove		42.79034	-77.72222	P	PPL	US		NY	051	28629		0	255	263	America/New_York	2017-05-23
5143042	Wagstaff Corner	Wagstaff Corner		44.76172	-74.71408	P	PPL	US		NY	089	41564		0	132	131	America/New_York	2017-05-23
5143046	Wainscott	Wainscott	Wainscott,Wainscut,Wenscoat	40.93677	-72.24286	P	PPL	US		NY	103	22194		650	7	13	America/New_York	2017-05-23
5143054	Wahmeda	Wahmeda		42.21645	-79.4781	P	PPL	US		NY	013	14069		0	412	419	America/New_York	2017-05-23
5143056	Wakefield	Wakefield		40.89788	-73.85236	P	PPL	US		NY	005			52201	45	52	America/New_York	2017-04-16
5143065	Walden	Walden		42.91172	-78.78448	P	PPL	US		NY	029	15011		0	198	197	America/New_York	2017-05-23
5143066	Walden	Walden	Volden,waldn,Волден,والدن	41.5612	-74.18848	P	PPL	US		NY	071	48153		6839	114	114	America/New_York	2017-05-23
5143067	Walden Cliffs	Walden Cliffs		42.72561	-78.95143	P	PPL	US		NY	029	31654		0	198	201	America/New_York	2017-05-23
5143077	Wales Center	Wales Center	Hall's Hollow,Wales Center,Wales Centre	42.76839	-78.53002	P	PPL	US		NY	029	77871		0	271	274	America/New_York	2017-05-23
5143078	Wales Hollow	Wales Hollow		42.74256	-78.48835	P	PPL	US		NY	029	77871		0	286	289	America/New_York	2017-05-23
5143081	Walesville	Walesville		43.11535	-75.36545	P	PPL	US		NY	065	81754		0	144	146	America/New_York	2017-05-23
5143083	Walker	Walker	East Hamlin,North Clarkson,Walker	43.29812	-77.86057	P	PPL	US		NY	055	31797		0	94	98	America/New_York	2017-05-23
5143084	Walker	Walker		43.48674	-76.44938	P	PPL	US		NY	075	65992		0	82	85	America/New_York	2017-05-23
5143097	Walker Valley	Walker Valley	Jamesburg,Walker Valley	41.6337	-74.37793	P	PPL	US		NY	111	66674		853	202	209	America/New_York	2017-05-23
5143101	Walkers Corners	Walkers Corners		43.12118	-75.77324	P	PPL	US		NY	053	41905		0	122	120	America/New_York	2017-05-23
5143102	Walkleys Landing	Walkleys Landing		42.7309	-77.70611	P	PPL	US		NY	051	17618		0	249	255	America/New_York	2017-05-23
5143107	Wallace	Wallace		42.44118	-77.45887	P	PPL	US		NY	101	03342		0	378	381	America/New_York	2017-05-23
5143114	Wallington	Wallington	Calciana,Wallington	43.22173	-77.01247	P	PPL	US		NY	117	68220		0	123	125	America/New_York	2017-05-23
5143115	Wallins Corners	Wallins Corners		42.97202	-74.17013	P	PPL	US		NY	057	02077		0	225	228	America/New_York	2017-05-23
5143116	Wallkill	Wallkill	Reeveton,Shawangunk,The Basin,Wallkill	41.60565	-74.18404	P	PPL	US		NY	111	66674		2288	80	88	America/New_York	2017-05-23
5143117	Wallkill Camp	Wallkill Camp		41.7162	-74.16209	P	PPL	US		NY	111	28255		0	97	97	America/New_York	2017-05-23
5143125	Walloomsac	Walloomsac	Walloomsac,Walloomsack,Wallumshack	42.92424	-73.32372	P	PPL	US		NY	083	35463		0	143	142	America/New_York	2017-05-23
5143129	Walmore	Walmore		43.12145	-78.93115	P	PPL	US		NY	063	81380		0	187	189	America/New_York	2017-05-23
5143156	Walton	Walton		42.16953	-75.12934	P	PPL	US		NY	025	78047		2930	368	373	America/New_York	2017-05-23
5143168	Walton Park	Walton Park		41.30982	-74.22904	P	PPL	US		NY	071	47999		2669	257	262	America/New_York	2017-05-23
5143174	Walworth	Walworth	Douglas's Corners,Walworth	43.13923	-77.27221	P	PPL	US		NY	117	78102		0	165	164	America/New_York	2017-05-23
5143186	Wampsville	Wampsville	Wampsville,Wempsville	43.07535	-75.70685	P	PPLA2	US		NY	053	41905		546	147	147	America/New_York	2017-05-23
5143188	Wanakena	Wanakena		44.13395	-74.92102	P	PPL	US		NY	089	25791		0	458	466	America/New_York	2017-05-23
5143194	Wango	Wango		42.41923	-79.09615	P	PPL	US		NY	013	77530		0	409	411	America/New_York	2017-05-23
5143198	Wantagh	Wantagh	Vonto,Вонто	40.68371	-73.51013	P	PPL	US		NY	059	34000		18871	7	12	America/New_York	2017-05-23
5143208	Wanakah	Wanakah		42.74617	-78.90309	P	PPL	US		NY	029	31654		3199	180	185	America/New_York	2017-05-23
5143211	Wappingers Falls	Wappingers Falls	Wappinger,Wappinger's Falls,Wappingers Falls,wabynghrz,waping-geoseupolseu,وابينغرز,와핑거스폴스	41.59648	-73.91097	P	PPL	US		NY	027	78157		5552	47	50	America/New_York	2017-05-23
5143242	Wardwell	Wardwell	Wardwell,Wardwell Settlement	43.76757	-76.06826	P	PPL	US		NY	045	24086		0	162	161	America/New_York	2017-05-23
5143259	Warners	Warners	Warner,Warner's,Warners,Warners Station	43.08534	-76.3291	P	PPL	US		NY	067	76760		0	131	136	America/New_York	2017-05-23
5143260	Warnerville	Warnerville	Cobleskill Center,Mann's Valley,Warnerville	42.66035	-74.50736	P	PPL	US		NY	095	61599		0	282	282	America/New_York	2017-05-23
5143262	Warren	Warren	Little Lakes,Warren	42.84729	-74.92099	P	PPL	US		NY	043	78278		0	418	420	America/New_York	2017-05-23
5143263	Warren	Warren		44.14977	-76.2016	P	PPL	US		NY	045	12364		0	101	98	America/New_York	2017-05-23
5143277	Warrens Corners	Warrens Corners	Warren's Corners,Warrens Corners	43.21617	-78.75476	P	PPL	US		NY	063	11803		0	119	120	America/New_York	2017-05-23
5143279	Warrensburg	Warrensburg	Warrensburg,Warrensburgh	43.49674	-73.77623	P	PPL	US		NY	113	78300		3103	227	230	America/New_York	2017-05-23
5143282	Warsaw	Warsaw	Chi-nose-heh-geh,Warsaw	42.74006	-78.13279	P	PPLA2	US		NY	121	78344		3376	309	310	America/New_York	2017-05-23
5143285	Warwick	Warwick	Baird's Tavern,Vorvik,Warwick,warwyk  nywywrk,Ворвик,وارویک، نیویورک	41.25648	-74.35988	P	PPL	US		NY	071	78366		6823	158	160	America/New_York	2017-05-23
5143307	Washington Heights	Washington Heights	Harlem Heights,Pen-a-bick,Washington Heights,washintonhaitsu,wosingteonhaicheu,ワシントンハイツ,워싱턴하이츠	40.8501	-73.93541	P	PPL	US		NY	061			152613	54	61	America/New_York	2017-04-16
5143308	Washington Heights	Washington Heights		41.47009	-74.41571	P	PPL	US		NY	071	77992		1689	203	212	America/New_York	2017-05-23
5143309	Washington Hollow	Washington Hollow		41.78204	-73.75791	P	PPL	US		NY	027	58695		0	100	111	America/New_York	2017-05-23
5143323	Washington Mills	Washington Mills	Checkerville,Washington Mills	43.05007	-75.27294	P	PPL	US		NY	065	50309		1183	189	190	America/New_York	2017-05-23
5143344	Washingtonville	Washingtonville	Little York,Matthews Field,Voshingtonvil,Washingtonville,washynghtwnfyl,Вошингтонвил,واشينغتونفيل	41.42787	-74.16598	P	PPL	US		NY	071	07003		5788	93	98	America/New_York	2017-05-23
5143349	Wassaic	Wassaic		41.80398	-73.55874	P	PPL	US		NY	027	01693		0	139	153	America/New_York	2017-05-23
5143363	Water Island	Water Island		40.67565	-73.02928	P	PPL	US		NY	103	10000		0	4	8	America/New_York	2017-05-23
5143364	Water Mill	Water Mill	Mill Neck,Water Mill,Water Mills	40.90593	-72.36203	P	PPL	US		NY	103	68473		1559	10	10	America/New_York	2017-05-23
5143366	Water Valley	Water Valley	Water Valley,Watervalley	42.70562	-78.85003	P	PPL	US		NY	029	31654		0	237	240	America/New_York	2017-05-23
5143367	Waterburg	Waterburg	Waterburg,Waterburgh	42.50563	-76.67606	P	PPL	US		NY	109	75990		0	293	300	America/New_York	2017-05-23
5143370	Waterford	Waterford	Half-Moon Point,Uoterford,Voterford,Waterford,Вотерфорд,Уотерфорд	42.79258	-73.68123	P	PPL	US		NY	091	78531		2037	21	24	America/New_York	2017-05-23
5143377	Waterloo Mills	Waterloo Mills	Waterloo,Waterloo Mills	41.32259	-74.57711	P	PPL	US		NY	071	47713		0	159	163	America/New_York	2017-05-23
5143380	Waterloo	Waterloo	New Hudson,Scauyes,Scauyz,Scawas,Scawyace,Vaterlo,Voterlu,Waterloo,qryt watrlw,Ватерло,Вотерлу,قرية واترلو,واٹرلو	42.90479	-76.86274	P	PPLA2	US		NY	099	78564		5036	138	139	America/New_York	2017-05-23
5143386	Water Mill	Water Mill	Water Mill,Watermill	40.91959	-72.34274	P	PPL	US		NY	103	68473		1559	3	5	America/New_York	2017-05-23
5143388	Waterport	Waterport		43.317	-78.25141	P	PPL	US		NY	073	12496		0	107	109	America/New_York	2017-05-23
5143390	Waterport Station	Waterport Station		43.32784	-78.24613	P	PPL	US		NY	073	12496		0	105	107	America/New_York	2017-05-23
5143395	Waterman Corner	Waterman Corner		42.22784	-79.3981	P	PPL	US		NY	013	23976		0	492	495	America/New_York	2017-05-23
5143396	Watertown	Watertown	ART,Uotertaun,Vatertaun,Votertaun,u~otataun,watrtawn  nywywrk,watyrtawn,Ватертаун,Вотертаун,Уотертаун,واترتاون، نیویورک,واتيرتاون,واٹر ٹاؤن,ウォータータウン	43.97478	-75.91076	P	PPLA2	US		NY	045	78608		26780	142	146	America/New_York	2017-05-23
5143397	Watertown Center	Watertown Center		43.94256	-75.91576	P	PPL	US		NY	045	78619		0	181	181	America/New_York	2017-05-23
5143402	Watervale	Watervale		42.95007	-75.98214	P	PPL	US		NY	067	59036		0	275	283	America/New_York	2017-05-23
5143403	Waterville	Waterville		43.74562	-75.92214	P	PPL	US		NY	045	43544		0	355	355	America/New_York	2017-05-23
5143404	Waterville	Waterville		42.84618	-74.59042	P	PPL	US		NY	057	12122		0	207	208	America/New_York	2017-05-23
5143405	Waterville	Waterville	Skanawis,The Huddle,Waterville	42.93118	-75.37989	P	PPL	US		NY	065	65134		1551	366	367	America/New_York	2017-05-23
5143406	Waterville	Waterville		41.01177	-72.53537	P	PPL	US		NY	103	69463		0	9	10	America/New_York	2017-05-23
5143417	Watson	Watson		43.7759	-75.43602	P	PPL	US		NY	049	78729		0	228	228	America/New_York	2017-05-23
5143419	Watkins Glen	Watkins Glen	Jefferson,Salubria,Votkins Glen,Watkins Glen,Watlins,watkyns,Воткинс Глен,واتكينس	42.38063	-76.87329	P	PPLA2	US		NY	097	20676		1859	141	139	America/New_York	2017-05-23
5143427	Watsonville	Watsonville		42.5848	-74.38958	P	PPL	US		NY	095	27826		0	211	218	America/New_York	2017-05-23
5143428	Wattlesburg	Wattlesburg		42.227	-79.68866	P	PPL	US		NY	013	61885		0	435	439	America/New_York	2017-05-23
5143429	Watts Flats	Watts Flats	Watts Flat,Watts Flats	42.03728	-79.41199	P	PPL	US		NY	013	32248		0	442	444	America/New_York	2017-05-23
5143431	Wautoma Beach	Wautoma Beach		43.34145	-77.80918	P	PPL	US		NY	055	31797		0	76	75	America/New_York	2017-05-23
5143434	Wave Crest	Wave Crest		40.59955	-73.76374	P	PPL	US		NY	081			0	3	6	America/New_York	2006-01-15
5143435	Waverly	Waverly	Loder,Villemont,Waverley,Waverly	42.01035	-76.52717	P	PPL	US		NY	107	04671		4264	247	251	America/New_York	2017-05-23
5143436	Waverly	Waverly		40.95593	-73.81319	P	PPL	US		NY	119	21820		0	61	67	America/New_York	2017-05-23
5143443	Wawarsing	Wawarsing	Warwasing,Wawarsing,Wawasink	41.75898	-74.35738	P	PPL	US		NY	111	78828		12925	90	91	America/New_York	2017-05-23
5143447	Wawbeek	Wawbeek		44.2545	-74.33655	P	PPL	US		NY	033	32314		0	496	501	America/New_York	2017-05-23
5143452	Wayne	Wayne		42.4709	-77.10553	P	PPL	US		NY	097	75924		0	356	356	America/New_York	2017-05-23
5143453	Wayne Center	Wayne Center	Wayne Center,Wayne Centre	43.1509	-76.95886	P	PPL	US		NY	117	63605		0	131	130	America/New_York	2017-05-23
5143458	Wayneport	Wayneport		43.07284	-77.3611	P	PPL	US		NY	117	44160		0	149	152	America/New_York	2017-05-23
5143462	Wayville	Wayville		43.00091	-73.7079	P	PPL	US		NY	091	71333		0	111	113	America/New_York	2017-05-23
5143468	Weaver Corner	Weaver Corner		43.12285	-75.92769	P	PPL	US		NY	053	71993		0	118	121	America/New_York	2017-05-23
5143474	Webatuck	Webatuck	Webatuck,Webotuck	41.65426	-73.55568	P	PPL	US		NY	027	20819		0	121	130	America/New_York	2017-05-23
5143484	Webb Mills	Webb Mills	Webb Mills,Webb's Mills,Webbs Mills	42.02369	-76.88135	P	PPL	US		NY	015	69617		0	339	340	America/New_York	2017-05-23
5143490	Webbs Crossing	Webbs Crossing	Webbs,Webbs Crossing	42.36646	-77.68221	P	PPL	US		NY	101	35683		0	358	359	America/New_York	2017-05-23
5143492	Weber Corners	Weber Corners		42.71507	-74.65542	P	PPL	US		NY	077	63638		0	392	387	America/New_York	2017-05-23
5143495	Webster	Webster	Vebster,Вебстер,ویبسٹر	43.21229	-77.42999	P	PPL	US		NY	055	78971		5534	136	134	America/New_York	2017-05-23
5143510	Websters Corners	Websters Corners	Webster's Corners,Websters Corners	42.78339	-78.74642	P	PPL	US		NY	029	55277		0	243	248	America/New_York	2017-05-23
5143511	Websters Crossing	Websters Crossing	Webster Crossing,Webster's Crossing,Websters Crossing	42.66979	-77.63499	P	PPL	US		NY	051	70475		69	408	411	America/New_York	2017-05-23
5143513	Webster Corners	Webster Corners		42.78173	-78.74586	P	PPL	US		NY	029	55277		0	245	249	America/New_York	2017-05-23
5143515	Wedgewood	Wedgewood		42.34202	-76.88663	P	PPL	US		NY	097	20676		0	342	345	America/New_York	2017-05-23
5143520	Weed Mines	Weed Mines		42.0712	-73.53429	P	PPL	US		NY	021	02099		0	185	186	America/New_York	2017-05-23
5143525	Weekes Corner	Weekes Corner		42.66618	-76.58411	P	PPL	US		NY	011	28673		0	345	348	America/New_York	2017-05-23
5143527	Weedsport	Weedsport	Weed's Basin,Weed's Port,Weedsport	43.04868	-76.56272	P	PPL	US		NY	011	10297		1761	126	126	America/New_York	2017-05-23
5143537	Wegatchie	Wegatchie	Caledonia,Churchs Mills,Howards Mills,Wegatchie	44.30423	-75.5855	P	PPL	US		NY	089	63858		0	108	110	America/New_York	2017-05-23
5143548	Welch Hill	Welch Hill		43.63618	-75.46046	P	PPL	US		NY	049	75693		0	586	585	America/New_York	2017-05-23
5143553	Welcome	Welcome		42.62369	-75.14461	P	PPL	US		NY	077	50485		0	522	524	America/New_York	2017-05-23
5143565	Wellington Corner	Wellington Corner		42.98701	-76.26021	P	PPL	US		NY	067	54958		0	299	300	America/New_York	2017-05-23
5143569	Wells	Wells		43.3959	-74.28958	P	PPL	US		NY	041	79059		0	308	308	America/New_York	2017-05-23
5143570	Wells Bridge	Wells Bridge	Wells Bridge,Wells' Bridge	42.36758	-75.24545	P	PPL	US		NY	077	76012		0	318	317	America/New_York	2017-05-23
5143576	Wells Corner	Wells Corner		43.01451	-75.4924	P	PPL	US		NY	065	03155		0	297	293	America/New_York	2017-05-23
5143585	Wellsburg	Wellsburg	Wellsburg,Wellsburgh	42.01619	-76.7269	P	PPL	US		NY	015	02781		555	252	256	America/New_York	2017-05-23
5143586	Wellsville	Wellsville	ELZ,Genesee,Gistaguat,Wellsville	42.12201	-77.94806	P	PPL	US		NY	003	79103		4533	461	461	America/New_York	2017-06-28
5143587	Wellsville	Wellsville		42.87591	-74.27235	P	PPL	US		NY	057	26308		4753	116	118	America/New_York	2017-05-23
5143590	Wellwood	Wellwood		43.4134	-76.25048	P	PPL	US		NY	075	46822		0	146	147	America/New_York	2017-05-23
5143597	Weltonville	Weltonville		42.19646	-76.2466	P	PPL	US		NY	107	12221		0	284	286	America/New_York	2017-05-23
5143600	Wende	Wende		42.93423	-78.54669	P	PPL	US		NY	029	01099		0	238	242	America/New_York	2017-05-23
5143601	Wendelville	Wendelville		43.07117	-78.77059	P	PPL	US		NY	063	57111		0	177	176	America/New_York	2017-05-23
5143605	Wemple	Wemple		42.57425	-73.77568	P	PPL	US		NY	001	06354		0	28	28	America/New_York	2017-05-23
5143607	Wesley	Wesley		42.37312	-78.95754	P	PPL	US		NY	009	19840		0	402	406	America/New_York	2017-05-23
5143610	Wesley Hills	Wesley Hills		41.15926	-74.06986	P	PPL	US		NY	087	60510		5935	164	169	America/New_York	2017-05-23
5143619	West Alabama	West Alabama		43.12645	-78.4578	P	PPL	US		NY	037	00474		0	195	195	America/New_York	2017-05-23
5143620	West Albany	West Albany	Spencerville,West Albany	42.68313	-73.77845	P	PPL	US		NY	001	01000		93794	61	59	America/New_York	2017-05-23
5143621	West Alden	West Alden		42.89173	-78.52336	P	PPL	US		NY	029	01099		0	258	259	America/New_York	2017-05-23
5143622	West Allen	West Allen		42.38034	-78.03862	P	PPL	US		NY	003	01319		0	514	519	America/New_York	2017-05-23
5143623	West Almond	West Almond		42.29951	-77.88306	P	PPL	US		NY	003	79202		0	565	568	America/New_York	2017-05-23
5143626	West Amboy	West Amboy		43.38451	-75.98547	P	PPL	US		NY	075	01649		0	178	176	America/New_York	2017-05-23
5143627	West Athens	West Athens		42.2862	-73.84207	P	PPL	US		NY	039	02913		0	39	38	America/New_York	2017-05-23
5143630	West Babylon	West Babylon		40.71816	-73.35429	P	PPL	US		NY	103	04000		43213	12	14	America/New_York	2017-05-23
5143635	West Bainbridge	West Bainbridge		42.31397	-75.54352	P	PPL	US		NY	017	04044		0	390	387	America/New_York	2017-05-23
5143637	West Bangor	West Bangor	Pottersville,West Bangor	44.80422	-74.43379	P	PPL	US		NY	033	04319		0	221	220	America/New_York	2017-05-23
5143640	West Barre	West Barre	Jackson's Corners,Manchester's Corners,West Barre	43.15284	-78.25363	P	PPL	US		NY	073	04572		0	205	208	America/New_York	2017-05-23
5143642	West Batavia	West Batavia		42.97978	-78.29946	P	PPL	US		NY	037	04726		0	272	274	America/New_York	2017-05-23
5143644	West Bay Shore	West Bay Shore		40.70871	-73.28123	P	PPL	US		NY	103	38000		4648	4	7	America/New_York	2017-05-23
5143649	West Beekmantown	West Beekmantown		44.77115	-73.55458	P	PPL	US		NY	019	05485		0	162	155	America/New_York	2017-05-23
5143650	West Bergen	West Bergen		43.06617	-78.00474	P	PPL	US		NY	037	06057		0	208	210	America/New_York	2017-05-23
5143651	West Berne	West Berne	Mechanicville,Peoria,West Berne	42.62897	-74.18402	P	PPL	US		NY	001	06211		0	286	286	America/New_York	2017-05-23
5143652	West Bethany	West Bethany		42.91395	-78.19224	P	PPL	US		NY	037	06266		0	304	305	America/New_York	2017-05-23
5143653	West Bloomfield	West Bloomfield	Ga-nun'da-ak,Ganundaok,West Bloomfield	42.9059	-77.53916	P	PPL	US		NY	069	79356		0	289	292	America/New_York	2017-05-23
5143655	West Branch	West Branch	West Branch,Westbranch	43.37201	-75.48212	P	PPL	US		NY	065	41762		0	308	314	America/New_York	2017-05-23
5143712	West Brighton	West Brighton		43.12145	-77.61972	P	PPL	US		NY	055	63000		0	174	175	America/New_York	2017-05-23
5143722	West Burlington	West Burlington		42.70757	-75.18766	P	PPL	US		NY	077	11209		0	386	390	America/New_York	2017-05-23
5143723	West Bush	West Bush		43.08313	-74.37819	P	PPL	US		NY	035	38792		0	347	351	America/New_York	2017-05-23
5143724	West Butler	West Butler		43.17868	-76.80801	P	PPL	US		NY	117	11473		0	135	136	America/New_York	2017-05-23
5143725	West Cambridge	West Cambridge		42.98952	-73.48067	P	PPL	US		NY	115	11836		0	161	161	America/New_York	2017-05-23
5143727	West Brookfield	West Brookfield		42.80785	-75.40462	P	PPL	US		NY	053	08587		0	489	490	America/New_York	2017-05-23
5143728	West Camp	West Camp	West Camp,Westcamp	42.12315	-73.93486	P	PPL	US		NY	111	65299		0	56	53	America/New_York	2017-05-23
5143730	West Cameron	West Cameron		42.22396	-77.41943	P	PPL	US		NY	101	11880		0	321	322	America/New_York	2017-05-23
5143732	West Canadice Corners	West Canadice Corners		42.73701	-77.55222	P	PPL	US		NY	069	12100		0	461	458	America/New_York	2017-05-23
5143735	West Candor	West Candor		42.22035	-76.41772	P	PPL	US		NY	107	70178		0	295	302	America/New_York	2017-05-23
5143737	West Carthage	West Carthage		43.97423	-75.61519	P	PPL	US		NY	045	13717		2065	237	236	America/New_York	2017-05-23
5143738	West Caton	West Caton		42.08119	-77.06386	P	PPL	US		NY	101	12991		0	426	435	America/New_York	2017-05-23
5143743	West Charlton	West Charlton		42.95924	-74.02707	P	PPL	US		NY	091	13926		0	209	210	America/New_York	2017-05-23
5143745	West Chazy	West Chazy		44.8206	-73.50708	P	PPL	US		NY	019	14113		529	92	91	America/New_York	2017-05-23
5143747	West Chenango	West Chenango		42.20063	-75.9627	P	PPL	US		NY	007	15110		0	419	417	America/New_York	2017-05-23
5143748	West Chili	West Chili		43.09617	-77.78917	P	PPL	US		NY	055	15462		0	167	171	America/New_York	2017-05-23
5143750	West Clarksville	West Clarksville	Clarksville Corners,West Clarksville	42.12812	-78.24307	P	PPL	US		NY	003	15990		0	484	490	America/New_York	2017-05-23
5143752	West Colesville	West Colesville		42.14341	-75.7488	P	PPL	US		NY	007	17046		0	458	454	America/New_York	2017-05-23
5143753	West Conesville	West Conesville	Strykersville,West Conesville	42.37786	-74.42237	P	PPL	US		NY	095	17651		0	386	385	America/New_York	2017-05-23
5143754	West Copake	West Copake	Anderson's Corners,West Copake	42.09592	-73.58234	P	PPL	US		NY	021	18102		0	169	172	America/New_York	2017-05-23
5143756	West Corners	West Corners		42.11063	-76.07159	P	PPL	US		NY	007	76056		0	256	258	America/New_York	2017-05-23
5143757	West Corners	West Corners		43.0198	-73.98846	P	PPL	US		NY	091	28112		0	184	185	America/New_York	2017-05-23
5143758	West Cornwall	West Cornwall		41.43093	-74.06848	P	PPL	US		NY	071	18300		0	98	109	America/New_York	2017-05-23
5143760	West Coxsackie	West Coxsackie		42.36064	-73.81679	P	PPL	US		NY	039	18729		0	40	41	America/New_York	2017-05-23
5143773	West Danby	West Danby		42.31896	-76.5255	P	PPL	US		NY	109	19620		0	288	289	America/New_York	2017-05-23
5143774	West Davenport	West Davenport	Ad-i-qua-tan-gie,Adaquightinge,West Davenport	42.44591	-74.96322	P	PPL	US		NY	025	19763		0	360	361	America/New_York	2017-05-23
5143775	West Day	West Day	Huntsville,West Day,Westday	43.26729	-74.06957	P	PPL	US		NY	091	23591		0	239	255	America/New_York	2017-05-23
5143777	West Delhi	West Delhi		42.29953	-75.00822	P	PPL	US		NY	025	20137		0	550	550	America/New_York	2017-05-23
5143781	West Durham	West Durham		42.39064	-74.2357	P	PPL	US		NY	039	21204		0	559	570	America/New_York	2017-05-23
5143782	West Eaton	West Eaton	Leeville,West Eaton	42.85451	-75.65602	P	PPL	US		NY	053	23305		0	414	419	America/New_York	2017-05-23
5143783	West Edmeston	West Edmeston		42.7634	-75.27822	P	PPL	US		NY	077	23613		0	342	347	America/New_York	2017-05-23
5143784	West Ellery	West Ellery		42.19534	-79.3981	P	PPL	US		NY	013	23976		0	488	492	America/New_York	2017-05-23
5143786	West Elmira	West Elmira		42.07813	-76.84524	P	PPL	US		NY	015	24240		4967	270	273	America/New_York	2017-05-23
5143788	West End	West End		42.45536	-75.096	P	PPL	US		NY	077	54892		0	340	342	America/New_York	2017-05-23
5143789	West End	West End		42.46869	-75.09378	P	PPL	US		NY	077	54892		1940	450	448	America/New_York	2017-05-23
5143793	West Exeter	West Exeter		42.80229	-75.14961	P	PPL	US		NY	077	24845		0	400	402	America/New_York	2017-05-23
5143794	West Falls	West Falls	Crockershire,West Falls,Westfalls	42.70145	-78.68225	P	PPL	US		NY	029	03199		0	282	286	America/New_York	2017-05-23
5143795	West Farms	West Farms		40.83982	-73.87764	P	PPL	US		NY	005			772	5	9	America/New_York	2017-04-16
5143800	West Dryden	West Dryden		42.51702	-76.41438	P	PPL	US		NY	109	20962		0	391	393	America/New_York	2017-05-23
5143803	West Fort Ann	West Fort Ann		43.40979	-73.57373	P	PPL	US		NY	115	26715		0	141	149	America/New_York	2017-05-23
5143806	West Frankfort	West Frankfort		43.08785	-75.16544	P	PPL	US		NY	043	27199		0	128	128	America/New_York	2017-05-23
5143807	West Fulton	West Fulton	Byrneville,Sapbush Hollow,West Fulton	42.56452	-74.46375	P	PPL	US		NY	095	27826		0	353	357	America/New_York	2017-05-23
5143808	West Gaines	West Gaines		43.28006	-78.29613	P	PPL	US		NY	073	27958		0	129	130	America/New_York	2017-05-23
5143809	West Galway	West Galway	Top Notch,West Galway	43.00369	-74.10124	P	PPL	US		NY	035	57353		0	257	256	America/New_York	2017-05-23
5143813	West Genesee Terrace	West Genesee Terrace		43.04784	-76.26048	P	PPL	US		NY	067	11913		0	171	178	America/New_York	2017-05-23
5143815	West Ghent	West Ghent		42.3187	-73.70012	P	PPL	US		NY	021	28871		0	69	69	America/New_York	2017-05-23
5143816	West Gilgo Beach	West Gilgo Beach	Sand Point,West Gilgo,West Gilgo Beach,West Gilgo Heading	40.61288	-73.41957	P	PPL	US		NY	103	04000		0	2	4	America/New_York	2017-05-23
5143817	West Glens Falls	West Glens Falls		43.30007	-73.68401	P	PPL	US		NY	113	60356		7071	116	117	America/New_York	2017-05-23
5143818	West Granville	West Granville		43.44785	-73.36261	P	PPL	US		NY	115	30037		0	100	100	America/New_York	2017-05-23
5143819	West Greece	West Greece		43.21867	-77.75778	P	PPL	US		NY	055	56561		0	130	132	America/New_York	2017-05-23
5143820	West Greenville	West Greenville		42.41175	-74.03902	P	PPL	US		NY	039	30620		0	208	208	America/New_York	2017-05-23
5143821	West Greenwood	West Greenwood		42.15368	-77.7136	P	PPL	US		NY	101	30741		0	686	687	America/New_York	2017-05-23
5143822	West Groton	West Groton		42.60424	-76.44549	P	PPL	US		NY	109	30972		0	370	374	America/New_York	2017-05-23
5143825	West Hampton Dunes	West Hampton Dunes		40.77593	-72.71538	P	PPL	US		NY	103	68473		58	2	3	America/New_York	2017-05-23
5143829	West Harpersfield	West Harpersfield		42.4348	-74.72349	P	PPL	US		NY	025	32281		0	481	483	America/New_York	2017-05-23
5143830	West Haverstraw	West Haverstraw	Samsondale,West Haverstraw	41.20954	-73.98542	P	PPL	US		NY	087	32765		10421	33	39	America/New_York	2017-05-23
5143831	West Hebron	West Hebron		43.23063	-73.37567	P	PPL	US		NY	115	33040		0	147	153	America/New_York	2017-05-23
5143832	West Hempstead	West Hempstead		40.70482	-73.65013	P	PPL	US		NY	059	34000		18862	20	21	America/New_York	2017-05-23
5143834	West Henrietta	West Henrietta		43.04006	-77.66167	P	PPL	US		NY	055	34099		0	184	187	America/New_York	2017-05-23
5143846	West Hill	West Hill		42.81563	-74.01235	P	PPL	US		NY	093	63935		0	182	182	America/New_York	2017-05-23
5143857	West Hills	West Hills		40.81621	-73.43234	P	PPL	US		NY	103	37000		5592	106	114	America/New_York	2017-05-23
5143861	West Fowler	West Fowler		44.26784	-75.4516	P	PPL	US		NY	089	27100		0	178	176	America/New_York	2017-05-23
5143862	West Hurley	West Hurley		41.99731	-74.10486	P	PPL	US		NY	111	37143		1939	182	185	America/New_York	2017-05-23
5143865	West Hoosick	West Hoosick		42.89952	-73.42511	P	PPL	US		NY	083	35463		0	163	163	America/New_York	2017-05-23
5143866	West Islip	West Islip		40.70621	-73.30623	P	PPL	US		NY	103	38000		28335	6	9	America/New_York	2017-05-23
5143869	West Jefferson	West Jefferson		42.47452	-74.65293	P	PPL	US		NY	095	38440		0	513	520	America/New_York	2017-05-23
5143870	West Jewett	West Jewett		42.2637	-74.32903	P	PPL	US		NY	039	38638		0	578	577	America/New_York	2017-05-23
5143873	West Junius	West Junius		42.95062	-76.97358	P	PPL	US		NY	069	57529		0	150	151	America/New_York	2017-05-23
5143875	West Kendall	West Kendall		43.33589	-78.07585	P	PPL	US		NY	073	39188		0	98	103	America/New_York	2017-05-23
5143879	West Kill	West Kill		42.20842	-74.38654	P	PPL	US		NY	039	42202		0	448	451	America/New_York	2017-05-23
5143882	West Kortright	West Kortright		42.40119	-74.8521	P	PPL	US		NY	025	40068		0	496	499	America/New_York	2017-05-23
5143890	West Laurens	West Laurens		42.5298	-75.17156	P	PPL	US		NY	077	41531		0	455	452	America/New_York	2017-05-23
5143891	West Lebanon	West Lebanon	Moffatt's Store,West Lebanon	42.48619	-73.46622	P	PPL	US		NY	021	50452		0	190	190	America/New_York	2017-05-23
5143892	West Lee	West Lee		43.30951	-75.54962	P	PPL	US		NY	065	41762		0	211	213	America/New_York	2017-05-23
5143893	West Leyden	West Leyden		43.45951	-75.46379	P	PPL	US		NY	049	42125		0	454	458	America/New_York	2017-05-23
5143896	West Lowville	West Lowville		43.7934	-75.54769	P	PPL	US		NY	049	43731		0	370	367	America/New_York	2017-05-23
5143897	West Mahopac	West Mahopac		41.37093	-73.79013	P	PPL	US		NY	079	12529		0	210	215	America/New_York	2017-05-23
5143899	West Martinsburg	West Martinsburg	West Martinsburg,West Martinsburgh	43.75951	-75.51741	P	PPL	US		NY	049	45854		0	384	384	America/New_York	2017-05-23
5143904	West Mecox Village	West Mecox Village		40.91732	-72.32814	P	PPL	US		NY	103	68473		0	6	6	America/New_York	2017-05-23
5143906	West Kilns	West Kilns		44.43866	-73.90098	P	PPL	US		NY	019	06761		0	518	511	America/New_York	2017-05-23
5143908	West Middleburgh	West Middleburgh	West Middleburg,West Middleburgh	42.59563	-74.35319	P	PPL	US		NY	095	46855		0	219	226	America/New_York	2017-05-23
5143909	West Middlebury	West Middlebury		42.86256	-78.1514	P	PPL	US		NY	121	46877		0	344	345	America/New_York	2017-05-23
5143911	West Meredith	West Meredith		42.34647	-75.02266	P	PPL	US		NY	025	46624		0	504	502	America/New_York	2017-05-23
5143913	West Milton	West Milton		43.03757	-73.92929	P	PPL	US		NY	091	47537		0	134	135	America/New_York	2017-05-23
5143915	West Monroe	West Monroe	Delft,West Monroe	43.2809	-76.06659	P	PPL	US		NY	075	80500		0	121	121	America/New_York	2017-05-23
5143936	West Mount Vernon	West Mount Vernon		40.91232	-73.84791	P	PPL	US		NY	119	49121		0	37	44	America/New_York	2017-05-23
5143939	West New Brighton	West New Brighton	Factoryville,North Shore,West Brighton,West New Brighton	40.63455	-74.11209	P	PPL	US		NY	085			0	23	30	America/New_York	2006-01-15
5143940	West Newark	West Newark		42.24313	-76.23632	P	PPL	US		NY	107	49913		0	299	300	America/New_York	2017-05-23
5143944	West Notch	West Notch		42.12562	-78.15529	P	PPL	US		NY	003	82623		0	584	583	America/New_York	2017-05-23
5143946	West Nyack	West Nyack	Clarkestown,Clarksville,Mont Moor,Nyack Turnpike,Vest Najak,West Nyack,Вест Најак	41.09649	-73.97292	P	PPL	US		NY	087	15968		3439	24	27	America/New_York	2017-05-23
5143947	West Oneonta	West Oneonta		42.4723	-75.11711	P	PPL	US		NY	077	54892		0	347	350	America/New_York	2017-05-23
5143949	West Parishville	West Parishville		44.61506	-74.94603	P	PPL	US		NY	089	56374		0	163	162	America/New_York	2017-05-23
5143950	West Park	West Park	West Park,Westpark	41.79454	-73.95958	P	PPL	US		NY	111	24691		0	31	31	America/New_York	2017-05-23
5143952	West Patterson	West Patterson	Fredericksburgh,West Patterson	41.51009	-73.63068	P	PPL	US		NY	079	56748		0	166	168	America/New_York	2017-05-23
5143953	West Pawling	West Pawling		41.58704	-73.66013	P	PPL	US		NY	027	56825		0	212	212	America/New_York	2017-05-23
5143954	West Perry	West Perry		42.72006	-78.03279	P	PPL	US		NY	121	57254		0	438	437	America/New_York	2017-05-23
5143955	West Perry Center	West Perry Center		42.74395	-78.07445	P	PPL	US		NY	121	78344		0	477	477	America/New_York	2017-05-23
5143956	West Perrysburg	West Perrysburg		42.47978	-79.0467	P	PPL	US		NY	009	57298		0	351	349	America/New_York	2017-05-23
5143957	West Perth	West Perth		43.01257	-74.26986	P	PPL	US		NY	035	57353		0	263	269	America/New_York	2017-05-23
5143958	West Phoenix	West Phoenix		43.22562	-76.30465	P	PPL	US		NY	067	44039		0	116	123	America/New_York	2017-05-23
5143960	West Pierrepont	West Pierrepont		44.49256	-75.05965	P	PPL	US		NY	089	57771		0	231	230	America/New_York	2017-05-23
5143965	West Plattsburgh	West Plattsburgh	West Plattsburg,West Plattsburgh	44.71365	-73.56819	P	PPL	US		NY	019	58585		0	134	136	America/New_York	2017-05-23
5143966	West Point	West Point	Promontorium Occidentale,Uest Pojnt,Vest Pojnt,West Point,Westpoint,u~esutopointo,weseuteupointeu,xi dian,Вест Појнт,Уест Пойнт,ویسٹ پوائنٹ، نیو یارک,ვესტ-პოინტი,ウェストポイント,西點,웨스트포인트	41.39148	-73.95597	P	PPL	US		NY	071	34550		6763	47	54	America/New_York	2017-05-23
5143976	West Portland	West Portland		42.35228	-79.52144	P	PPL	US		NY	013	59421		0	229	228	America/New_York	2017-05-23
5143977	West Potsdam	West Potsdam	Smith's Corners,Smiths Corners,West Potsdam	44.687	-75.08965	P	PPL	US		NY	089	59575		0	116	115	America/New_York	2017-05-23
5143979	West Richmondville	West Richmondville		42.65202	-74.61348	P	PPL	US		NY	095	61599		0	415	405	America/New_York	2017-05-23
5143981	West Ridgeway	West Ridgeway		43.26784	-78.41947	P	PPL	US		NY	073	61742		0	126	127	America/New_York	2017-05-23
5143984	West Rush	West Rush		42.97645	-77.69945	P	PPL	US		NY	055	64144		0	171	172	America/New_York	2017-05-23
5143985	West Saint Johnsville	West Saint Johnsville		42.99952	-74.70042	P	PPL	US		NY	057			0	101	101	America/New_York	2006-01-15
5143986	West Sand Lake	West Sand Lake	Ulinesville,West Sand Lake,West Sandlake	42.64341	-73.60873	P	PPL	US		NY	083	65013		2660	160	161	America/New_York	2017-05-23
5143987	West Saugerties	West Saugerties		42.11259	-74.04819	P	PPL	US		NY	111	65299		0	185	186	America/New_York	2017-05-23
5143988	West Sayville	West Sayville		40.72788	-73.09761	P	PPL	US		NY	103	38000		5011	4	10	America/New_York	2017-05-23
5143990	West Schuyler	West Schuyler		43.0984	-75.15127	P	PPL	US		NY	043	65695		0	129	129	America/New_York	2017-05-23
5143992	West Seneca	West Seneca	Limestone Hill,Vest Seneka,West Seneca,wyst synyka,Вест Сенека,ويست سينيكا	42.85006	-78.79975	P	PPL	US		NY	029	80918		44711	182	184	America/New_York	2017-05-23
5143995	West Settlement	West Settlement		42.28786	-74.61404	P	PPL	US		NY	025	64001		0	553	552	America/New_York	2017-05-23
5143996	West Settlement	West Settlement		42.33231	-74.36959	P	PPL	US		NY	039	02803		0	630	638	America/New_York	2017-05-23
5143999	West Shokan	West Shokan		41.96731	-74.28709	P	PPL	US		NY	111	54749		0	203	208	America/New_York	2017-05-23
5144004	West Slaterville	West Slaterville		42.39396	-76.36299	P	PPL	US		NY	109	12606		0	322	326	America/New_York	2017-05-23
5144005	West Somerset	West Somerset		43.32728	-78.60531	P	PPL	US		NY	063	68330		0	101	102	America/New_York	2017-05-23
5144006	West Sparta	West Sparta		42.62701	-77.77305	P	PPL	US		NY	051	81006		0	188	210	America/New_York	2017-05-23
5144010	West Stephentown	West Stephentown		42.57952	-73.47261	P	PPL	US		NY	083	71102		0	388	391	America/New_York	2017-05-23
5144012	West Stockholm	West Stockholm	Bicknelville,Bickneyville,West Stockholm	44.71367	-74.90075	P	PPL	US		NY	089	71410		0	117	115	America/New_York	2017-05-23
5144014	West Shelby	West Shelby		43.15923	-78.43697	P	PPL	US		NY	073	66751		0	205	209	America/New_York	2017-05-23
5144016	West Sweden	West Sweden	Sweden,West Sweden	43.14923	-77.98724	P	PPL	US		NY	055	72455		0	204	205	America/New_York	2017-05-23
5144018	West Taghkanic	West Taghkanic	Lapham's,Miller's Corners,Millers Corners,West Taghkanic	42.12398	-73.72068	P	PPL	US		NY	021	73077		0	96	97	America/New_York	2017-05-23
5144019	West Tiana	West Tiana		40.85982	-72.5437	P	PPL	US		NY	103	68473		0	9	11	America/New_York	2017-05-23
5144020	West Township	West Township		42.69952	-74.15096	P	PPL	US		NY	001	40002		0	383	383	America/New_York	2017-05-23
5144024	West Union	West Union		42.09507	-77.72555	P	PPL	US		NY	101	81105		0	688	692	America/New_York	2017-05-23
5144027	West Valley	West Valley		42.40284	-78.61003	P	PPL	US		NY	009	02759		518	464	469	America/New_York	2017-05-23
5144032	West Webster	West Webster		43.20478	-77.49639	P	PPL	US		NY	055	78971		0	131	131	America/New_York	2017-05-23
5144033	West Windsor	West Windsor	Stillson Hollow,West Windsor	42.09897	-75.76408	P	PPL	US		NY	007	82535		0	401	404	America/New_York	2017-05-23
5144034	West Winfield	West Winfield		42.88535	-75.19322	P	PPL	US		NY	043	82568		873	363	362	America/New_York	2017-05-23
5144035	West Woodstock	West Woodstock		42.84701	-75.88158	P	PPL	US		NY	053	13156		0	435	437	America/New_York	2017-05-23
5144038	Westbrookville	Westbrookville	West Brookville,Westbrookville	41.4987	-74.55849	P	PPL	US		NY	071	19961		0	154	156	America/New_York	2017-05-23
5144039	Westbury	Westbury		43.21479	-76.71078	P	PPL	US		NY	117	11473		0	122	122	America/New_York	2017-05-23
5144040	Westbury	Westbury	Vestberi,Westbury,Westbury Station,wstbary,Вестбери,وستباري	40.75566	-73.58763	P	PPL	US		NY	059	53000		15379	31	33	America/New_York	2017-05-23
5144043	Westbury South	Westbury South		40.75232	-73.56179	P	PPL	US		NY	059	34000		0	35	37	America/New_York	2017-05-23
5144045	Westchester	Westchester	Oostorp,Westchester	40.84722	-73.85528	P	PPL	US		NY	005			0	20	22	America/New_York	2006-01-15
5144054	West Walworth	West Walworth		43.14673	-77.34554	P	PPL	US		NY	117	78102		0	165	166	America/New_York	2017-05-23
5144068	Westdale	Westdale		43.38785	-75.81519	P	PPL	US		NY	065	11858		0	168	170	America/New_York	2017-05-23
5144069	Westerlea	Westerlea		43.04784	-76.27493	P	PPL	US		NY	067	11913		0	168	172	America/New_York	2017-05-23
5144070	Westerleigh	Westerleigh		40.62121	-74.13181	P	PPL	US		NY	085			8927	19	21	America/New_York	2017-04-16
5144071	Westerlo	Westerlo	Chesterville,Westerlo	42.51508	-74.04541	P	PPL	US		NY	001	79851		0	355	358	America/New_York	2017-05-23
5144080	Westernville	Westernville		43.30563	-75.38295	P	PPL	US		NY	065	79862		0	171	176	America/New_York	2017-05-23
5144083	Westfield	Westfield	The Crossroads,Uehstfild,Vestfild,Westfield,Вестфилд,Вестфілд,Уэстфилд,ویسٹ فیلڈ	42.32228	-79.5781	P	PPL	US		NY	013	79950		3090	227	230	America/New_York	2017-05-23
5144087	Westford	Westford		42.65008	-74.79765	P	PPL	US		NY	077	79972		0	476	476	America/New_York	2017-05-23
5144089	Westhampton	Westhampton		40.82454	-72.66621	P	PPL	US		NY	103	68473		3079	11	11	America/New_York	2017-05-23
5144090	Westhampton Beach	Westhampton Beach	FOK,West Hampton Beach,Westhampton Beach	40.80316	-72.61454	P	PPL	US		NY	103	68473		1721	2	4	America/New_York	2017-08-29
5144097	Westmere	Westmere		42.69119	-73.86873	P	PPL	US		NY	001	31104		7284	89	90	America/New_York	2017-05-23
5144101	Westminster Park	Westminster Park	Westminister Park,Westminster Park	44.35616	-75.92968	P	PPL	US		NY	045	01176		0	84	90	America/New_York	2017-05-23
5144103	Westmoreland	Westmoreland	Hampton,Westmoreland	43.11618	-75.40378	P	PPL	US		NY	065	80533		427	159	160	America/New_York	2017-05-23
5144104	Westmoreland	Westmoreland		41.05816	-72.36981	P	PPL	US		NY	103	66839		0	5	14	America/New_York	2017-05-23
5144109	Weston	Weston		42.42091	-77.07469	P	PPL	US		NY	097	75924		0	366	364	America/New_York	2017-05-23
5144110	Weston Mills	Weston Mills		42.0759	-78.37252	P	PPL	US		NY	009	59509		1472	446	445	America/New_York	2017-05-23
5144114	Westons Mills	Westons Mills	Weston Mills,Weston's Mills,Westons,Westons Mills,Westonville	42.06229	-78.37724	P	PPL	US		NY	009	59509		1750	439	443	America/New_York	2017-05-23
5144115	Westover	Westover		42.11591	-75.97548	P	PPL	US		NY	007	76056		0	254	255	America/New_York	2017-05-23
5144121	Westtown	Westtown		41.33676	-74.53988	P	PPL	US		NY	071	47713		0	153	159	America/New_York	2017-05-23
5144123	Westvale	Westvale		43.04757	-76.22048	P	PPL	US		NY	067	28519		4963	154	154	America/New_York	2017-05-23
5144124	Westview	Westview	West View,Westview	42.55673	-77.82528	P	PPL	US		NY	051	55508		0	507	506	America/New_York	2017-05-23
5144127	Westview Manor	Westview Manor		43.04396	-76.26909	P	PPL	US		NY	067	11913		0	179	182	America/New_York	2017-05-23
5144128	Westville	Westville		44.96254	-74.41686	P	PPL	US		NY	033	81215		0	61	62	America/New_York	2017-05-23
5144129	Westville	Westville		42.6273	-74.88043	P	PPL	US		NY	077	79972		0	374	372	America/New_York	2017-05-23
5144130	Westville Center	Westville Center	Westville Center,Westville Centre	44.94477	-74.39602	P	PPL	US		NY	033	81215		0	70	67	America/New_York	2017-05-23
5144137	Wethersfield Springs	Wethersfield Springs		42.68589	-78.20585	P	PPL	US		NY	121	81325		0	522	527	America/New_York	2017-05-23
5144140	Westport	Westport	Bessboro,North West Bay,Northwest Bay,Vestport,Westport,Вестпорт	44.18394	-73.43568	P	PPL	US		NY	031	80775		518	37	54	America/New_York	2017-05-23
5144145	Wevertown	Wevertown	Nobles Corners,Weavertown,Wevertown	43.6334	-73.94124	P	PPL	US		NY	113	38715		0	325	325	America/New_York	2017-05-23
5144147	Weyer	Weyer		42.72839	-78.91587	P	PPL	US		NY	029	31654		0	209	206	America/New_York	2017-05-23
5144150	Weys Corners	Weys Corners	Pink's Corner,Pink's Corners,Way's Crossing,Wey's Crossing,Weys Corners	41.95787	-73.89347	P	PPL	US		NY	027	61357		0	49	50	America/New_York	2017-05-23
5144165	Whallonsburg	Whallonsburg	Whallonsburg,Whallonsburgh,Whalonsburg,Whalsonburgh	44.26422	-73.40291	P	PPL	US		NY	031	24768		0	86	82	America/New_York	2017-05-23
5144178	Wheatland Center	Wheatland Center	Wheatland,Wheatland Center	43.00645	-77.8214	P	PPL	US		NY	055	81402		0	184	188	America/New_York	2017-05-23
5144181	Wheatley	Wheatley		40.80566	-73.59124	P	PPL	US		NY	059	56000		0	77	85	America/New_York	2017-05-23
5144182	Wheatley Heights	Wheatley Heights		40.76371	-73.36984	P	PPL	US		NY	103	04000		5130	31	32	America/New_York	2017-05-23
5144187	Wheatville	Wheatville		43.09617	-78.34141	P	PPL	US		NY	037	00474		0	205	204	America/New_York	2017-05-23
5144189	Wheeler	Wheeler	Wheeler,Wheeler Center	42.43035	-77.33248	P	PPL	US		NY	101	81457		0	383	386	America/New_York	2017-05-23
5144201	Wheeler Estates	Wheeler Estates		42.90313	-73.93846	P	PPL	US		NY	093	29366		0	120	124	America/New_York	2017-05-23
5144219	Wheelertown	Wheelertown		43.39535	-75.06322	P	PPL	US		NY	043	64254		0	422	426	America/New_York	2017-05-23
5144221	Wheelerville	Wheelerville		43.15729	-74.48681	P	PPL	US		NY	035	12573		0	482	483	America/New_York	2017-05-23
5144231	Whig Corners	Whig Corners		42.7098	-74.89432	P	PPL	US		NY	077	46910		0	421	425	America/New_York	2017-05-23
5144232	Whig Hill	Whig Hill		43.29368	-76.07576	P	PPL	US		NY	075	80500		0	137	136	America/New_York	2017-05-23
5144240	Whipple Corner	Whipple Corner		42.46674	-76.57244	P	PPL	US		NY	109	24548		0	371	371	America/New_York	2017-05-23
5144245	Whippleville	Whippleville		44.80977	-74.26184	P	PPL	US		NY	033	44721		0	251	250	America/New_York	2017-05-23
5144281	White Birches	White Birches		40.96788	-73.78263	P	PPL	US		NY	119	50617		0	70	71	America/New_York	2017-05-23
5144295	White Church	White Church		42.34396	-76.38549	P	PPL	US		NY	109	12606		0	330	333	America/New_York	2017-05-23
5144297	White City	White City		43.25145	-77.59167	P	PPL	US		NY	055	37726		0	83	77	America/New_York	2017-05-23
5144298	White Corners	White Corners		42.90812	-75.60351	P	PPL	US		NY	053	23305		0	359	357	America/New_York	2017-05-23
5144307	White Creek	White Creek		42.97008	-73.29122	P	PPL	US		NY	115	81578		0	200	201	America/New_York	2017-05-23
5144322	White Lake	White Lake		41.67703	-74.82794	P	PPL	US		NY	105	06310		0	407	412	America/New_York	2017-05-23
5144336	White Plains	White Plains	Quaropas,Uajt Plejns,Uajt-Plejns,Vajt Plajns,Vajt Plejns,Vajt-Plejns,White Plains,Whiteplains,bai yuan shi,hwaiteupeulleinseu,wayt blyns,wayt playnz  nywywrk,wyyt plyyns,Вайт Плайнс,Вайт-Плейнс,Вајт Плејнс,Уайт Плейнс,Уайт-Плейнс,ווייט פלעינס,וייט פליינס,وائٹ پلینس، نیویارک,وايت بلينس,وایت پلاینز، نیویورک,ホワイト・プレインズ,ホワイト・プレインズ_,白原市,화이트플레인스	41.03399	-73.76291	P	PPLA2	US		NY	119	81677		58459	65	82	America/New_York	2017-05-23
5144364	White Store	White Store	White Store,White's Store,Whites Store	42.48591	-75.40351	P	PPL	US		NY	017	53990		0	330	336	America/New_York	2017-05-23
5144366	White Sulphur Springs	White Sulphur Springs	Robertsonville,White Sulphur Springs	41.79759	-74.82683	P	PPL	US		NY	105	42235		0	415	417	America/New_York	2017-05-23
5144368	Whiteface	Whiteface		44.31116	-74.00265	P	PPL	US		NY	031	51935		0	569	572	America/New_York	2017-05-23
5144374	Whiteford Hollow	Whiteford Hollow		42.41951	-78.73392	P	PPL	US		NY	009	22678		0	437	446	America/New_York	2017-05-23
5144375	Whitehall	Whitehall	Kah-cha-quah-na,Kahphoquahna,Petit Sault,Skenesboro,Skenesborough,Tekontarakwe:kon,Tekontarakwé:kon,Whitehall	43.55562	-73.40372	P	PPL	US		NY	115	81633		2582	48	45	America/New_York	2017-05-23
5144378	Whitehall Corners	Whitehall Corners		41.27482	-73.71013	P	PPL	US		NY	119	68308		0	75	79	America/New_York	2017-05-23
5144387	Whitelaw	Whitelaw		43.13229	-75.79074	P	PPL	US		NY	053	41905		0	133	134	America/New_York	2017-05-23
5144390	Whiteface Landing	Whiteface Landing		44.33977	-73.94709	P	PPL	US		NY	031	51935		0	570	568	America/New_York	2017-05-23
5144391	Whites	Whites		43.07645	-77.70917	P	PPL	US		NY	055	15462		0	160	162	America/New_York	2017-05-23
5144396	Whitesboro	Whitesboro	Whitehall Landing,Whitesboro	43.12201	-75.29156	P	PPL	US		NY	065	81754		3694	129	130	America/New_York	2017-05-23
5144397	Whiteside Corners	Whiteside Corners	Whiteside Corners,Whiteside's Corners	43.0648	-74.09124	P	PPL	US		NY	091	28112		0	338	338	America/New_York	2017-05-23
5144399	Whiteport	Whiteport		41.88231	-74.05514	P	PPL	US		NY	111	63737		0	53	55	America/New_York	2017-05-23
5144400	Whitestone	Whitestone	Clintonville,Cookie Hill,Whitestone	40.79455	-73.81847	P	PPL	US		NY	081			36984	15	18	America/New_York	2017-04-16
5144404	Whitesville	Whitesville	White's,Whitesville	42.03785	-77.76249	P	PPL	US		NY	003	37297		0	523	533	America/New_York	2017-05-23
5144406	Whitfield	Whitfield		41.81426	-74.22431	P	PPL	US		NY	111	63011		0	116	119	America/New_York	2017-05-23
5144414	Whitman	Whitman		42.19536	-75.37545	P	PPL	US		NY	025	45964		0	492	488	America/New_York	2017-05-23
5144425	Whitney Estates	Whitney Estates		42.76008	-73.78206	P	PPL	US		NY	001	17343		0	87	90	America/New_York	2017-05-23
5144429	Whitney Point	Whitney Point	Patterson's Settlement,Tinker Point,Tinker Town,Whitney Point,Whitney's Point	42.32896	-75.9677	P	PPL	US		NY	007	75319		941	292	291	America/New_York	2017-05-23
5144441	Whittemore	Whittemore		42.13952	-76.1227	P	PPL	US		NY	107	55893		0	426	425	America/New_York	2017-05-23
5144449	Wiccopee	Wiccopee	Johnsville,Wiccopee	41.53898	-73.84625	P	PPL	US		NY	027	21996		0	72	77	America/New_York	2017-05-23
5144480	Wilbur	Wilbur	Twaalfskill,Wilbur	41.90981	-74.00458	P	PPL	US		NY	111	39727		0	4	21	America/New_York	2017-05-23
5144486	Wilcox	Wilcox		41.30204	-74.48016	P	PPL	US		NY	071	78366		0	120	119	America/New_York	2017-05-23
5144512	Wildwood	Wildwood		44.56256	-74.90075	P	PPL	US		NY	089	17409		0	276	276	America/New_York	2017-05-23
5144513	Wildwood	Wildwood		40.96454	-72.81205	P	PPL	US		NY	103	61984		0	19	28	America/New_York	2017-05-23
5144524	Wiley Shelter	Wiley Shelter		41.63759	-73.53235	P	PPL	US		NY	027	20819		0	216	231	America/New_York	2017-05-23
5144525	Wileytown	Wileytown		42.71341	-75.03682	P	PPL	US		NY	077	55695		0	487	489	America/New_York	2017-05-23
5144526	Wileyville	Wileyville		42.02757	-77.69666	P	PPL	US		NY	101	81105		0	629	630	America/New_York	2017-05-23
5144545	Willet	Willet	Dyersville,Willet,Willett	42.46924	-75.91159	P	PPL	US		NY	023	81963		0	317	318	America/New_York	2017-05-23
5144547	Willard	Willard	Ovid Landing,Willard	42.68229	-76.86857	P	PPL	US		NY	099	63440		0	183	188	America/New_York	2017-05-23
5144548	Willets	Willets	Willets,Willets Station	42.7109	-76.70439	P	PPL	US		NY	011	41740		0	119	122	America/New_York	2017-05-23
5144567	Williams Bridge	Williams Bridge	Williams Bridge,Williamsbridge	40.87732	-73.86625	P	PPL	US		NY	005			0	31	35	America/New_York	2006-01-15
5144572	Williams Corner	Williams Corner		42.71284	-77.25331	P	PPL	US		NY	123	47020		0	332	336	America/New_York	2017-05-23
5144573	Williams Corners	Williams Corners		42.89285	-75.67296	P	PPL	US		NY	053	23305		0	458	458	America/New_York	2017-05-23
5144575	Williams Grove	Williams Grove		42.84812	-76.25326	P	PPL	US		NY	067	55651		0	242	241	America/New_York	2017-05-23
5144580	Williamsburg	Williamsburg	Williamsburg,Williamsburgh	40.71427	-73.95347	P	PPLX	US		NY	047			0	4	7	America/New_York	2006-08-15
5144583	Williamson	Williamson		43.22395	-77.18609	P	PPL	US		NY	117	82040		2495	135	134	America/New_York	2017-05-23
5144586	Williamstown	Williamstown	Franklin,Williamstown	43.42396	-75.88991	P	PPL	US		NY	075	82073		0	183	188	America/New_York	2017-05-23
5144588	Williamsville	Williamsville	Ga-sko-sa-da-ne-o,Gah-da-ya-deh,Vilijamsvil,Williamsville,wylyamsfyl,Вилијамсвил,ويليامسفيل	42.96395	-78.73781	P	PPL	US		NY	029	02000		5254	206	209	America/New_York	2017-05-23
5144605	Williston	Williston		42.82756	-78.51641	P	PPL	US		NY	029	45601		0	302	304	America/New_York	2017-05-23
5144606	Williston Park	Williston Park		40.75649	-73.64485	P	PPL	US		NY	059	53000		7331	37	40	America/New_York	2017-05-23
5144607	Willisville	Willisville		44.59339	-74.93825	P	PPL	US		NY	089	56374		0	208	212	America/New_York	2017-05-23
5144609	Willoughby	Willoughby		42.2009	-78.60808	P	PPL	US		NY	009	30257		0	460	464	America/New_York	2017-05-23
5144612	Willow Beach	Willow Beach		42.74229	-77.50499	P	PPL	US		NY	069	61544		0	248	255	America/New_York	2017-05-23
5144614	Willow Brook	Willow Brook		42.17728	-79.40616	P	PPL	US		NY	013	23976		0	419	426	America/New_York	2017-05-23
5144616	Willow	Willow		42.07648	-74.22792	P	PPL	US		NY	111	83052		0	333	339	America/New_York	2017-05-23
5144618	Willow Brook	Willow Brook		41.86176	-73.74402	P	PPL	US		NY	027	70662		0	111	112	America/New_York	2017-05-23
5144624	Willow Brook Park	Willow Brook Park		42.88202	-73.9204	P	PPL	US		NY	093	29366		0	107	113	America/New_York	2017-05-23
5144629	Willow Creek	Willow Creek	Willow Creek,Willowcreek	42.52091	-76.5755	P	PPL	US		NY	109	75990		0	220	226	America/New_York	2017-05-23
5144632	Willow Glen	Willow Glen		42.9634	-76.43605	P	PPL	US		NY	067	67521		0	282	287	America/New_York	2017-05-23
5144633	Willow Glen	Willow Glen	Willow Glen,Willowglen	42.9198	-73.72067	P	PPL	US		NY	091	71333		0	36	38	America/New_York	2017-05-23
5144634	Willow Glen	Willow Glen		42.48979	-76.32799	P	PPL	US		NY	109	20962		0	354	351	America/New_York	2017-05-23
5144638	Willow Grove	Willow Grove		41.21898	-74.03848	P	PPL	US		NY	087	32765		0	125	140	America/New_York	2017-05-23
5144639	Willow Grove	Willow Grove		42.61563	-77.07247	P	PPL	US		NY	123	47504		0	231	235	America/New_York	2017-05-23
5144645	Willow Point	Willow Point		42.1023	-75.99048	P	PPL	US		NY	007	77255		0	270	272	America/New_York	2017-05-23
5144652	Willow Ridge Estates	Willow Ridge Estates		43.01172	-78.8092	P	PPL	US		NY	029	02000		0	175	177	America/New_York	2017-05-23
5144656	Willow Grove	Willow Grove		43.0384	-76.71578	P	PPL	US		NY	011	48131		0	116	122	America/New_York	2017-05-23
5144658	Willowbrook	Willowbrook	Brook Willow,Willowbrook	40.60316	-74.13848	P	PPL	US		NY	085			2930	42	46	America/New_York	2017-04-16
5144663	Willowemoc	Willowemoc	Willowemac,Willowemoc	41.91898	-74.67238	P	PPL	US		NY	105	49847		0	554	554	America/New_York	2017-05-23
5144668	Willsboro	Willsboro	Vilsboro,Willsboro,Willsborough,Вилсборо	44.35727	-73.39207	P	PPL	US		NY	031	82271		753	68	71	America/New_York	2017-05-23
5144670	Willsboro Point	Willsboro Point	Willisborough Point,Willsboro Point	44.40866	-73.37819	P	PPL	US		NY	031	82271		0	45	47	America/New_York	2017-05-23
5144678	Willseyville	Willseyville	Willseyville,Wilseyville	42.29007	-76.37827	P	PPL	US		NY	107	12221		0	289	293	America/New_York	2017-05-23
5144682	Wilmington	Wilmington		44.38838	-73.81542	P	PPL	US		NY	031	82315		937	309	309	America/New_York	2017-05-23
5144686	Wilmot Woods	Wilmot Woods		40.9801	-73.78041	P	PPL	US		NY	119	50617		0	71	77	America/New_York	2017-05-23
5144698	Wilson	Wilson	Uilson,Уилсон	43.30978	-78.82615	P	PPL	US		NY	063	82370		1231	85	85	America/New_York	2017-05-23
5144702	Wilson Corners	Wilson Corners		42.73479	-76.39327	P	PPL	US		NY	011	48307		0	334	332	America/New_York	2017-05-23
5144707	Wilson Creek	Wilson Creek		42.28619	-76.14493	P	PPL	US		NY	107	06145		0	337	338	America/New_York	2017-05-23
5144736	Wilton	Wilton	Doe's Corners,Wilton,Wiltonville	43.18007	-73.74429	P	PPL	US		NY	091	82403		0	106	106	America/New_York	2017-05-23
5144741	Winchell	Winchell		41.91593	-74.25543	P	PPL	US		NY	111	54749		0	277	289	America/New_York	2017-05-23
5144745	Winchester	Winchester	Seneca,Winchester	42.86478	-78.7867	P	PPL	US		NY	029	80918		0	181	184	America/New_York	2017-05-23
5144747	Wincoma	Wincoma		40.90343	-73.42568	P	PPL	US		NY	103	37000		0	10	24	America/New_York	2017-05-23
5144749	Windcrest Park	Windcrest Park		43.03784	-76.29548	P	PPL	US		NY	067	11913		0	188	191	America/New_York	2017-05-23
5144750	Windecker	Windecker		43.79924	-75.61241	P	PPL	US		NY	049	32358		0	512	507	America/New_York	2017-05-23
5144768	Windham	Windham	Osbornville,Windham,Windham Center,Windham Centre	42.30731	-74.25209	P	PPL	US		NY	039	82480		367	462	467	America/New_York	2017-05-23
5144774	Winding Ways	Winding Ways	Shotwell Park,Winding Ways	42.88896	-76.41049	P	PPL	US		NY	067	67521		0	267	274	America/New_York	2017-05-23
5144775	Windmill Farm	Windmill Farm	Windmill Farm,Windmill Farms	41.1476	-73.68096	P	PPL	US		NY	119	51693		0	197	205	America/New_York	2017-05-23
5144778	Windom	Windom		42.78534	-78.78975	P	PPL	US		NY	029	55277		0	210	212	America/New_York	2017-05-23
5144781	Windsor	Windsor	Old Oquaga,Vindzor,Windsor,Виндзор	42.07591	-75.64046	P	PPL	US		NY	007	82535		896	290	296	America/New_York	2017-05-23
5144782	Windsor Beach	Windsor Beach		43.25395	-77.59722	P	PPL	US		NY	055	37726		0	76	75	America/New_York	2017-05-23
5144793	Wing	Wing		42.53256	-78.21918	P	PPL	US		NY	121	21369		0	537	537	America/New_York	2017-05-23
5144801	Wingdale	Wingdale	Wing Station,Wing's Station,Wingdale,Wings Station	41.64704	-73.56818	P	PPL	US		NY	027	20819		0	128	130	America/New_York	2017-05-23
5144816	Winona	Winona		43.71896	-75.98603	P	PPL	US		NY	045	43544		0	295	296	America/New_York	2017-05-23
5144829	Winterton	Winterton		41.52287	-74.47044	P	PPL	US		NY	105	44809		0	181	185	America/New_York	2017-05-23
5144830	Winthrop	Winthrop	Stockholm Depot,Winthrop	44.79478	-74.78686	P	PPL	US		NY	089	71410		510	99	99	America/New_York	2017-05-23
5144833	Wirt	Wirt	Wirt,Wirt Center,Wirt Centre	42.13507	-78.15112	P	PPL	US		NY	003	82623		0	572	572	America/New_York	2017-05-23
5144835	Wiscoy	Wiscoy		42.50229	-78.07973	P	PPL	US		NY	003	36112		0	359	362	America/New_York	2017-05-23
5144839	Wisner	Wisner		41.27093	-74.32654	P	PPL	US		NY	071	78366		0	162	162	America/New_York	2017-05-23
5144846	Witherbee	Witherbee		44.08755	-73.53291	P	PPL	US		NY	031	48428		347	383	381	America/New_York	2017-05-23
5144850	Wittenberg	Wittenberg	Wittenberg,Wittenburg	42.02509	-74.1957	P	PPL	US		NY	111	83052		0	251	254	America/New_York	2017-05-23
5144852	Withey	Withey	Whitney Crossings,Whitney's Crossings,Withey	42.24562	-77.98723	P	PPL	US		NY	003	02011		0	472	473	America/New_York	2017-05-23
5144861	Wolcott	Wolcott		43.22062	-76.81496	P	PPL	US		NY	117	82689		1645	113	115	America/New_York	2017-05-23
5144864	Wolcottsburg	Wolcottsburg	Wolcottsburg,Wolcottsburgh	43.05811	-78.63697	P	PPL	US		NY	029	15825		0	180	186	America/New_York	2017-05-23
5144865	Wolcottsville	Wolcottsville		43.11145	-78.51808	P	PPL	US		NY	063	64034		0	184	186	America/New_York	2017-05-23
5144880	Wolf Hill	Wolf Hill		42.60424	-74.01041	P	PPL	US		NY	001	06211		0	438	438	America/New_York	2017-05-23
5144884	Wolf Lake Landing	Wolf Lake Landing		43.60118	-75.02017	P	PPL	US		NY	043	78927		0	571	576	America/New_York	2017-05-23
5144896	Wolf Pond	Wolf Pond		44.64921	-74.06654	P	PPL	US		NY	033	05716		0	459	456	America/New_York	2017-05-23
5144943	Woodard	Woodard		43.14146	-76.19409	P	PPL	US		NY	067	16067		0	137	134	America/New_York	2017-05-23
5144944	Woodbourne	Woodbourne		41.75981	-74.59405	P	PPL	US		NY	105	25241		0	362	364	America/New_York	2017-05-23
5144947	Woodbury	Woodbury	East Woods,Vudbari,Woodbury,Вудбари	40.82565	-73.46762	P	PPL	US		NY	059	56000		8907	54	52	America/New_York	2017-05-23
5144948	Woodbury	Woodbury		41.36454	-74.10598	P	PPL	US		NY	071	82755		10879	147	146	America/New_York	2017-05-23
5144966	Woodcliff Park	Woodcliff Park		40.96676	-72.75399	P	PPL	US		NY	103	61984		0	24	35	America/New_York	2017-05-23
5144973	Woodgate	Woodgate		43.52035	-75.15489	P	PPL	US		NY	065	26627		0	451	454	America/New_York	2017-05-23
5144975	Woodhaven	Woodhaven	Woodhaven,Woodville,وڈ ہیون، کوئینز	40.68927	-73.85791	P	PPL	US		NY	081			36555	13	13	America/New_York	2017-04-16
5144976	Woodhull	Woodhull		43.43451	-75.19961	P	PPL	US		NY	065	26627		0	349	349	America/New_York	2017-05-23
5144977	Woodhull	Woodhull	Newville,Woodhull	42.08035	-77.40859	P	PPL	US		NY	101	82843		0	403	403	America/New_York	2017-05-23
5144988	Woodinville	Woodinville		41.57065	-73.63013	P	PPL	US		NY	027	56825		0	201	201	America/New_York	2017-05-23
5144989	Woodland	Woodland		42.86701	-76.36577	P	PPL	US		NY	067	70057		0	269	267	America/New_York	2017-05-23
5144990	Woodland	Woodland		42.05315	-74.33182	P	PPL	US		NY	111	66597		0	349	356	America/New_York	2017-05-23
5145005	Woodlawn	Woodlawn	Wakefield,Washingtonville,Woodlawn	40.89816	-73.86736	P	PPL	US		NY	005			7317	43	47	America/New_York	2017-04-16
5145006	Woodlawn	Woodlawn		42.16895	-79.43033	P	PPL	US		NY	013	52155		0	400	409	America/New_York	2017-05-23
5145007	Woodlawn	Woodlawn	Woodlawn,Woodlawn Beach	42.79784	-78.8467	P	PPL	US		NY	029	31654		0	180	180	America/New_York	2017-05-23
5145028	Woodmere	Woodmere	Woodburg,Woodmere,Woodsburg	40.63205	-73.71263	P	PPL	US		NY	059	34000		17121	7	13	America/New_York	2017-05-23
5145033	Woodridge	Woodridge	Centerville,Centerville Station,Centreville Station,Woodridge	41.71065	-74.57433	P	PPL	US		NY	105	25241		797	354	356	America/New_York	2017-05-23
5145034	Woodrow	Woodrow	Bogardus Corners,Wood Row,Woodrow	40.54344	-74.19764	P	PPL	US		NY	085			21005	40	40	America/New_York	2017-04-16
5145039	Woodruff Heights	Woodruff Heights		42.8798	-73.93235	P	PPL	US		NY	093	29366		0	109	110	America/New_York	2017-05-23
5145043	Woods	Woods		43.88312	-74.60433	P	PPL	US		NY	041	43412		0	559	567	America/New_York	2017-05-23
5145046	Woodlands	Woodlands		41.02371	-73.83458	P	PPL	US		NY	119			0	118	126	America/New_York	2006-01-15
5145048	Woods Corners	Woods Corners		42.86202	-75.19155	P	PPL	US		NY	043	82568		0	376	376	America/New_York	2017-05-23
5145050	Woods Corner	Woods Corner		42.03146	-77.2947	P	PPL	US		NY	101	75737		0	476	479	America/New_York	2017-05-23
5145052	Woods Falls	Woods Falls	Wood's Falls,Woods Falls	44.92671	-73.63709	P	PPL	US		NY	019	48252		0	146	144	America/New_York	2017-05-23
5145056	Woods Lake	Woods Lake		43.85229	-74.95129	P	PPL	US		NY	043	78927		0	572	574	America/New_York	2017-05-23
5145057	Woods Mill	Woods Mill		44.12145	-75.57826	P	PPL	US		NY	045	82348		0	188	188	America/New_York	2017-05-23
5145058	Woods Mills	Woods Mills	Wood's Falls,Woodfalls,Woods Mills	44.69254	-73.61431	P	PPL	US		NY	019	65717		0	209	211	America/New_York	2017-05-23
5145064	Woodsburgh	Woodsburgh		40.62399	-73.70846	P	PPL	US		NY	059	34000		783	2	5	America/New_York	2017-05-23
5145066	Woodside	Woodside		42.52173	-78.76503	P	PPL	US		NY	029	17585		0	431	433	America/New_York	2017-05-23
5145067	Woodside	Woodside		40.74538	-73.90541	P	PPL	US		NY	081			41981	18	20	America/New_York	2017-04-16
5145068	Woodside	Woodside		40.89843	-73.78986	P	PPL	US		NY	119	50617		0	19	20	America/New_York	2017-05-23
5145071	Woodstock	Woodstock		42.32175	-74.01319	P	PPL	US		NY	039	11649		0	101	103	America/New_York	2017-05-23
5145072	Woodstock	Woodstock	Vudstok,uddosutokku,udeuseutog,wwdastak  nywywrk,Вудсток,ووداستاک، نیویورک,ウッドストック,우드스톡	42.04092	-74.1182	P	PPL	US		NY	111	83052		2088	171	175	America/New_York	2017-05-23
5145074	Woodstream Farms	Woodstream Farms		43.00506	-78.71892	P	PPL	US		NY	029	02000		0	182	187	America/New_York	2017-05-23
5145075	Woodsville	Woodsville		42.5759	-77.73166	P	PPL	US		NY	051	81006		80	197	204	America/New_York	2017-05-23
5145077	Woodville	Woodville		43.75451	-76.1652	P	PPL	US		NY	045	24086		0	97	100	America/New_York	2017-05-23
5145078	Woodville	Woodville		42.66979	-77.36415	P	PPL	US		NY	069	68660		0	210	221	America/New_York	2017-05-23
5145088	Woodybrook	Woodybrook		41.23509	-73.88903	P	PPL	US		NY	119	18410		0	76	84	America/New_York	2017-05-23
5145089	Wooglin	Wooglin		42.25256	-79.46532	P	PPL	US		NY	013	14069		0	417	423	America/New_York	2017-05-23
5145094	Worcester	Worcester		42.59146	-74.75043	P	PPL	US		NY	077	83129		1113	407	407	America/New_York	2017-05-23
5145105	Worth	Worth	Klondike,Klondyke,Worth,Worthville	43.78423	-75.8777	P	PPL	US		NY	045	83162		0	377	379	America/New_York	2017-05-23
5145106	Worth Center	Worth Center	Worth Center,Worth Centre	43.74257	-75.85436	P	PPL	US		NY	045	83162		0	446	448	America/New_York	2017-05-23
5145108	Worthington	Worthington		41.03093	-73.83569	P	PPL	US		NY	119			0	106	112	America/New_York	2006-01-15
5145111	Wright	Wright		43.80034	-73.38067	P	PPL	US		NY	115	60092		0	48	58	America/New_York	2017-05-23
5145120	Wright Settlement	Wright Settlement		43.2509	-75.4149	P	PPL	US		NY	065	63418		0	161	162	America/New_York	2017-05-23
5145122	Wrights Corner	Wrights Corner		42.85867	-78.1039	P	PPL	US		NY	121	46877		0	373	370	America/New_York	2017-05-23
5145125	Wrights Corners	Wrights Corners	Wright's Corners,Wrights Corners	43.22256	-78.67698	P	PPL	US		NY	063	50232		0	121	120	America/New_York	2017-05-23
5145126	Wrights Corners	Wrights Corners	Wrights Corner,Wrights Corners	43.21785	-76.35854	P	PPL	US		NY	067	44039		0	127	127	America/New_York	2017-05-23
5145130	Wurtemburg	Wurtemburg	Wurtemburg,Wurtemburgh	41.89593	-73.86708	P	PPL	US		NY	027	61357		0	119	122	America/New_York	2017-05-23
5145131	Wurtsboro	Wurtsboro	Mamakating,Mamakating Hollow,Rome,Vertsboro,Wirtzboro,Wurtsboro,Wurtsborough,wrstbwrw,Вертсборо,ورستبورو	41.57676	-74.4871	P	PPL	US		NY	105	44809		1173	176	177	America/New_York	2017-05-23
5145132	Wurtsboro Hills	Wurtsboro Hills		41.5912	-74.50571	P	PPL	US		NY	105	44809		0	346	347	America/New_York	2017-05-23
5145134	Wyandale	Wyandale	Woodward Hollow,Woodwards Hollow,Wyandale	42.55534	-78.76558	P	PPL	US		NY	029	17585		0	396	405	America/New_York	2017-05-23
5145135	Wyandanch	Wyandanch	Half Way Hollow Hills,West Deer Park,Wyandance,Wyandanch,Wylandanch	40.75399	-73.3604	P	PPL	US		NY	103	04000		11647	17	18	America/New_York	2017-05-23
5145137	Wyatts	Wyatts		42.85119	-74.00957	P	PPL	US		NY	093	29366		0	80	82	America/New_York	2017-05-23
5145138	Wyckoff	Wyckoff	Wyckoff,Wyckoff Station	42.84201	-76.52744	P	PPL	US		NY	011	26231		0	226	229	America/New_York	2017-05-23
5145142	Wykagyl	Wykagyl		40.94149	-73.79902	P	PPL	US		NY	119	50617		0	39	41	America/New_York	2017-05-23
5145144	Wykagyl Park	Wykagyl Park		40.94177	-73.78541	P	PPL	US		NY	119	50617		0	47	58	America/New_York	2017-05-23
5145147	Wurlitzer Park Village	Wurlitzer Park Village		43.06061	-78.85281	P	PPL	US		NY	063	53682		0	175	177	America/New_York	2017-05-23
5145149	Wyman Corner	Wyman Corner		42.1998	-75.76575	P	PPL	US		NY	007	25604		0	463	468	America/New_York	2017-05-23
5145157	Wynantskill	Wynantskill	Wyantskill,Wynantskill	42.69675	-73.64428	P	PPL	US		NY	083	52100		3276	102	105	America/New_York	2017-05-23
5145159	Wyomanock	Wyomanock		42.5173	-73.36039	P	PPL	US		NY	083	71102		0	284	287	America/New_York	2017-05-23
5145161	Wyoming	Wyoming	Te-car-ese-ta-ne-ont,Vajoming,Wyoming,Вайоминг	42.82645	-78.08973	P	PPL	US		NY	121	46877		425	301	307	America/New_York	2017-05-23
5145167	Yaddo	Yaddo		43.06757	-73.75818	P	PPL	US		NY	091	65255		0	96	104	America/New_York	2017-05-23
5145168	Yagerville	Yagerville		41.84537	-74.41293	P	PPL	US		NY	111	63011		0	443	455	America/New_York	2017-05-23
5145170	Yale	Yale	Yale,Yale Station	42.80646	-76.91996	P	PPL	US		NY	099	25505		0	165	166	America/New_York	2017-05-23
5145173	Yaleville	Yaleville		44.76728	-74.99242	P	PPL	US		NY	089	51330		0	97	97	America/New_York	2017-05-23
5145178	Yankee Lake	Yankee Lake		41.58343	-74.54433	P	PPL	US		NY	105	44809		0	459	464	America/New_York	2017-05-23
5145189	Yates Center	Yates Center	Yates,Yates Center	43.33784	-78.38891	P	PPL	US		NY	073	83448		0	99	99	America/New_York	2017-05-23
5145195	Yatesville	Yatesville		42.67201	-77.13747	P	PPL	US		NY	123	59597		0	269	274	America/New_York	2017-05-23
5145197	Yaphank	Yaphank	Millville,Yaphank	40.83677	-72.91705	P	PPL	US		NY	103	10000		5945	12	17	America/New_York	2017-05-23
5145215	Yonkers	Yonkers	Gorad Ionkers,Jonkers,Jonkersas,Jonkurs,Yonckers,Yonkers,yang ke si,yankrz,yongkeoseu,yonkazu,ywnkrz,ywnkrz  nyw yark,ywnkyrs,ywnqrs,Јонкерс,Горад Іонкерс,Йонкерс,Йонкърс,יאנקערס,יונקרס,يونكيرس,یانکرز,یونکرز,یونکرز، نیو یارک,ヨンカーズ,揚克斯,용커스	40.93121	-73.89875	P	PPL	US		NY	119	84000		201116	25	33	America/New_York	2017-05-23
5145240	York	York		42.87117	-77.88528	P	PPL	US		NY	051	84022		0	239	241	America/New_York	2017-05-23
5145241	York	York	York,York Settlement	43.20007	-76.9433	P	PPL	US		NY	117	37165		0	113	112	America/New_York	2017-05-23
5145249	Yellow Mills	Yellow Mills		43.06062	-77.25693	P	PPL	US		NY	117	44160		0	137	142	America/New_York	2017-05-23
5145250	Yorkshire	Yorkshire	Yorkshire,Yorkshire Corners	42.53006	-78.4728	P	PPL	US		NY	009	84055		1180	437	440	America/New_York	2017-05-23
5145252	Yorktown	Yorktown	Crompond,Yorktown,ywrktwwn  nyw yark,یورکتوؤن، نیو یارک	41.29565	-73.80819	P	PPL	US		NY	119	84077		0	154	161	America/New_York	2017-05-23
5145253	Yorktown Heights	Yorktown Heights	Underhill,Yorktown Heights	41.27093	-73.77763	P	PPL	US		NY	119	84077		1781	150	155	America/New_York	2017-05-23
5145257	Yorkville	Yorkville		43.11285	-75.271	P	PPL	US		NY	065	81754		2634	132	132	America/New_York	2017-05-23
5145263	Youmans Corner	Youmans Corner		42.40341	-75.25489	P	PPL	US		NY	077	76012		0	381	381	America/New_York	2017-05-23
5145266	Young Hickory	Young Hickory		42.05285	-77.6086	P	PPL	US		NY	101	75440		0	550	549	America/New_York	2017-05-23
5145268	Yosts	Yosts		42.91174	-74.45819	P	PPL	US		NY	057	47834		0	88	90	America/New_York	2017-05-23
5145271	Youngs	Youngs		42.30008	-75.31823	P	PPL	US		NY	025	67345		0	370	375	America/New_York	2017-05-23
5145272	Youngs	Youngs		43.20646	-76.16659	P	PPL	US		NY	067	16067		0	113	116	America/New_York	2017-05-23
5145277	Youngs Crossing	Youngs Crossing		42.90452	-75.07849	P	PPL	US		NY	043	17431		0	441	443	America/New_York	2017-05-23
5145282	Youngstown	Youngstown	Jangstaun,ywnghstwn,ywngstwwn  nyw yark,Јангстаун,يونغستون,یونگستوؤن، نیو یارک	43.24728	-79.05005	P	PPL	US		NY	063	59267		1921	90	92	America/New_York	2017-05-23
5145283	Youngstown Estates	Youngstown Estates		43.23672	-79.04727	P	PPL	US		NY	063	59267		0	92	96	America/New_York	2017-05-23
5145285	Youngsville	Youngsville		41.80842	-74.88627	P	PPL	US		NY	105	11759		0	365	368	America/New_York	2017-05-23
5145287	Yulan	Yulan		41.52259	-74.93294	P	PPL	US		NY	105	34473		0	326	324	America/New_York	2017-05-23
5145295	Zena	Zena		42.01676	-74.07625	P	PPL	US		NY	111	83052		1031	115	115	America/New_York	2017-05-23
5145316	Zoar	Zoar		42.45673	-78.8392	P	PPL	US		NY	029	17200		0	407	416	America/New_York	2017-05-23
5145317	Zoar	Zoar		43.85868	-75.92242	P	PPL	US		NY	045	63341		0	231	237	America/New_York	2017-05-23
5145326	Zurich	Zurich		43.15062	-77.0433	P	PPL	US		NY	117	02440		0	142	147	America/New_York	2017-05-23
5281167	Purdys Mill	Purdys Mill	Purdy Mill,Purdys Mill,Purdys Mills	44.80837	-73.6707	P	PPL	US		NY	019	01583		0	378	378	America/New_York	2017-05-23
5281184	Caroga Lake	Caroga Lake	Caroga Lake,Garoga Lake,Pine Lake	43.13785	-74.48125	P	PPL	US		NY	035	12573		518	451	453	America/New_York	2017-05-23
5281189	Air City	Air City		43.22007	-75.4224	P	PPL	US		NY	065	63418		0	144	143	America/New_York	2017-05-23
5281199	Presho	Presho	Erwin Center,Presho	42.08563	-77.1547	P	PPL	US		NY	101	42576		0	298	300	America/New_York	2017-05-23
5281200	Honeoye	Honeoye		42.79006	-77.51694	P	PPL	US		NY	069	61544		579	248	250	America/New_York	2017-05-23
5281202	Childs	Childs		43.28673	-78.19169	P	PPL	US		NY	073	27958		0	128	130	America/New_York	2017-05-23
5281203	Caton	Caton		42.05619	-77.02774	P	PPL	US		NY	101	12991		0	434	441	America/New_York	2017-05-23
5281204	Centerfield	Centerfield	Centerfield,Centrefield	42.88145	-77.35888	P	PPL	US		NY	069	12155		0	287	289	America/New_York	2017-05-23
5281211	Erwins	Erwins		42.11257	-77.14553	P	PPL	US		NY	101	24647		0	293	297	America/New_York	2017-05-23
5281212	Harkness	Harkness		44.52366	-73.56958	P	PPL	US		NY	019	03221		0	115	118	America/New_York	2017-05-23
5281214	Hannibal Center	Hannibal Center	Hannibal Center,Hannibal Centre	43.29007	-76.55217	P	PPL	US		NY	075	32028		0	108	112	America/New_York	2017-05-23
5281215	Pinehurst	Pinehurst		42.73228	-78.93504	P	PPL	US		NY	029	31654		0	193	177	America/New_York	2017-05-23
5281217	Knowlesville Station	Knowlesville Station		43.22811	-78.30697	P	PPL	US		NY	073	61742		0	168	168	America/New_York	2017-05-23
5281218	Huguenot Park	Huguenot Park		40.92288	-73.7943	P	PPL	US		NY	119	50617		0	34	40	America/New_York	2017-05-23
5281219	Irona	Irona		44.90476	-73.7057	P	PPL	US		NY	019	01583		0	206	205	America/New_York	2017-05-23
5281222	Meadow Wood	Meadow Wood	Meadow Wood,Meadowood	42.95506	-77.72334	P	PPL	US		NY	055	64144		0	177	179	America/New_York	2017-05-23
5281224	North Almond	North Almond		42.39062	-77.76972	P	PPL	US		NY	003	01451		0	598	599	America/New_York	2017-05-23
5281228	Page	Page		43.65563	-75.56157	P	PPL	US		NY	049	81094		0	592	596	America/New_York	2017-05-23
5281234	Roxbury	Roxbury	Beaver Dam,Roxbury,raksbry  nywywrk,راکسبری، نیویورک	42.28397	-74.56487	P	PPL	US		NY	025	64001		0	455	454	America/New_York	2017-05-23
5281238	Scranton	Scranton		42.74061	-78.8342	P	PPL	US		NY	029	31654		0	235	236	America/New_York	2017-05-23
5281243	Victory	Victory		43.19729	-76.65439	P	PPL	US		NY	011	77420		548	129	131	America/New_York	2017-05-23
5281245	Wetmore	Wetmore		43.69785	-75.55907	P	PPL	US		NY	049	45854		0	607	609	America/New_York	2017-05-23
6331904	West Brighton	West Brighton		40.5775	-73.9725	P	PPL	US		NY	047			0	2	33	America/New_York	2010-02-20
6331907	Richmond Terrace Houses	Richmond Terrace Houses		40.64611	-74.0875	P	PPL	US		NY	085			0	14	18	America/New_York	2010-02-20
6332023	Jonathan Williams Houses	Jonathan Williams Houses		40.70778	-73.96	P	PPL	US		NY	047			0	14	21	America/New_York	2010-02-20
6332024	Bushwick Houses	Bushwick Houses		40.7025	-73.93917	P	PPL	US		NY	047			0	8	11	America/New_York	2010-02-20
6332025	Marcy Houses	Marcy Houses		40.69722	-73.95139	P	PPL	US		NY	047			0	6	10	America/New_York	2010-02-20
6332026	Tompkins Houses	Tompkins Houses		40.69694	-73.94528	P	PPL	US		NY	047			0	11	16	America/New_York	2010-02-20
6332027	Sumner Houses	Sumner Houses		40.69722	-73.94111	P	PPL	US		NY	047			0	18	18	America/New_York	2010-02-20
6332028	Eleanor Roosevelt Houses	Eleanor Roosevelt Houses		40.69389	-73.93583	P	PPL	US		NY	047			0	20	25	America/New_York	2010-02-20
6332029	Lafayette Houses	Lafayette Houses		40.68972	-73.95889	P	PPLX	US		NY	047			0	22	25	America/New_York	2010-07-31
6332030	Medgar Evers Houses	Medgar Evers Houses		40.68667	-73.94028	P	PPL	US		NY	047			0	19	21	America/New_York	2010-02-20
6332031	Brevoort Houses	Brevoort Houses		40.68028	-73.92389	P	PPL	US		NY	047			0	16	20	America/New_York	2010-02-20
6332072	Stella (historical)	Stella (historical)		42.12222	-75.94611	P	PPLQ	US		NY	007	20588		0	271	275	America/New_York	2017-05-23
6332073	Sanfords Four Corners	Sanfords Four Corners	Sanford's Corners,Sanfords Four Corners	44.03111	-75.835	P	PPL	US		NY	045	42015		0	150	149	America/New_York	2017-05-23
6332119	Copiague Harbor	Copiague Harbor	Copiague Harbor,Great South Bay Estates	40.66222	-73.38639	P	PPL	US		NY	103	04000		0	0	3	America/New_York	2017-05-23
6332132	South Somerset	South Somerset		43.31111	-78.57472	P	PPL	US		NY	063	68330		0	111	114	America/New_York	2017-05-23
6332144	Marlboro Houses	Marlboro Houses		40.59167	-73.97972	P	PPL	US		NY	047			0	4	11	America/New_York	2010-02-20
6332163	Harsenville (historical)	Harsenville (historical)		40.77972	-73.98056	P	PPLX	US		NY	061			0	24	38	America/New_York	2010-07-31
6332201	Varick Homes	Varick Homes		41.50472	-74.0075	P	PPL	US		NY	071	50034		0	24	29	America/New_York	2017-05-23
6332291	Midway Park	Midway Park		41.43583	-74.37389	P	PPL	US		NY	071	77992		0	123	124	America/New_York	2017-05-23
6332308	Swedetown Village	Swedetown Village		40.76278	-73.48028	P	PPL	US		NY	059	56000		0	39	43	America/New_York	2017-05-23
6332416	Tudor City	Tudor City		40.74861	-73.97139	P	PPL	US		NY	061			0	18	14	America/New_York	2007-02-16
6332418	Phipps Houses	Phipps Houses		40.77361	-73.98833	P	PPLX	US		NY	061			0	13	26	America/New_York	2009-05-20
6332419	Park West Village	Park West Village		40.79389	-73.965	P	PPLX	US		NY	061			0	27	34	America/New_York	2009-03-09
6332420	Yorkville	Yorkville		40.77889	-73.95417	P	PPL	US		NY	061			0	24	40	America/New_York	2007-02-16
6332421	Stanley Isaacs Houses	Stanley Isaacs Houses		40.78139	-73.945	P	PPLX	US		NY	061			0	2	15	America/New_York	2009-07-13
6332422	Morningside Heights	Morningside Heights		40.81	-73.9625	P	PPLX	US		NY	061			0	37	49	America/New_York	2009-06-22
6332423	Manhattanville	Manhattanville		40.81694	-73.95583	P	PPL	US		NY	061			0	14	20	America/New_York	2007-02-16
6332424	Hamilton Heights	Hamilton Heights		40.82444	-73.95	P	PPL	US		NY	061			0	36	45	America/New_York	2007-02-16
6332426	Riverbend Houses	Riverbend Houses		40.81583	-73.935	P	PPLX	US		NY	061			0	2	10	America/New_York	2009-07-13
6332427	Lionel Hampton Houses	Lionel Hampton Houses		40.81389	-73.94806	P	PPLX	US		NY	061			0	9	13	America/New_York	2009-05-18
6332428	East Harlem	East Harlem	East Harlem,Harlem del Este,Otterspoor,Spanish Harlem,Vostochnyj Garlem,dong ha lai mu,iseuteuhallem,Восточный Гарлем,מזרח הארלם,スパニッシュ・ハーレム,东哈莱姆,이스트할렘	40.79472	-73.9425	P	PPL	US		NY	061			0	5	6	America/New_York	2007-02-16
6332429	Franklin Houses	Franklin Houses		40.79139	-73.94194	P	PPLX	US		NY	061			0	6	7	America/New_York	2009-07-13
6332430	James Weldon Johnson Houses	James Weldon Johnson Houses		40.79694	-73.94278	P	PPL	US		NY	061			0	6	12	America/New_York	2007-02-16
6332431	Taino Towers	Taino Towers		40.80083	-73.93361	P	PPL	US		NY	061			0	3	13	America/New_York	2007-02-16
6332449	Wyckoff Gardens	Wyckoff Gardens		40.6825	-73.98389	P	PPL	US		NY	047			0	6	15	America/New_York	2007-02-16
6332450	Atlantic Terminal Houses	Atlantic Terminal Houses		40.6825	-73.97056	P	PPL	US		NY	047			0	19	27	America/New_York	2007-02-16
6332451	Clinton Hill	Clinton Hill		40.68972	-73.96528	P	PPLX	US		NY	047			0	24	31	America/New_York	2008-07-05
6332456	Williamsburg Houses	Williamsburg Houses		40.71	-73.94361	P	PPL	US		NY	047			0	12	12	America/New_York	2007-02-16
6332457	Bay View Houses	Bay View Houses		40.63361	-73.88611	P	PPL	US		NY	047			0	5	8	America/New_York	2007-02-16
6332461	Rutland Plaza	Rutland Plaza		40.66333	-73.92806	P	PPL	US		NY	047			0	13	16	America/New_York	2007-02-16
6332462	Marcus Garvey Village	Marcus Garvey Village		40.66306	-73.91111	P	PPL	US		NY	047			0	10	11	America/New_York	2007-02-16
6332476	Washington Square Village	Washington Square Village		40.72806	-73.99778	P	PPLX	US		NY	061			0	10	28	America/New_York	2009-03-09
6332477	University Village	University Village		40.72694	-73.99889	P	PPLX	US		NY	061			0	8	10	America/New_York	2009-03-09
6332479	West Village	West Village	Vest-Villidzh,weseuteubilliji,xi cun,Вест-Виллидж,וועסט וויליזש,ვესტ ვილიჯი,西村,웨스트빌리지	40.73361	-74.00917	P	PPLX	US		NY	061			0	3	11	America/New_York	2012-12-30
6332482	Stuyvesant Town	Stuyvesant Town		40.73167	-73.97833	P	PPLX	US		NY	061			0	3	12	America/New_York	2009-07-13
6332483	Peter Cooper Village	Peter Cooper Village		40.73472	-73.9775	P	PPL	US		NY	061			0	3	11	America/New_York	2007-02-16
6332484	Sunnyside Gardens	Sunnyside Gardens		40.74778	-73.91833	P	PPL	US		NY	081			0	18	23	America/New_York	2007-02-16
6332485	Queensbridge Houses	Queensbridge Houses		40.75528	-73.945	P	PPL	US		NY	081			0	4	7	America/New_York	2007-02-16
6332486	Walden Terrace	Walden Terrace		40.73083	-73.85778	P	PPL	US		NY	081			0	13	21	America/New_York	2007-02-16
6332487	Old Germania Heights	Old Germania Heights		40.70806	-73.91417	P	PPL	US		NY	081			0	27	29	America/New_York	2007-02-16
6332488	Forest Hills Gardens	Forest Hills Gardens		40.71472	-73.84028	P	PPL	US		NY	081			0	25	27	America/New_York	2007-02-16
6332489	Roy Reuther Houses	Roy Reuther Houses		40.59556	-73.74222	P	PPL	US		NY	081			0	1	2	America/New_York	2007-02-16
6332491	Bayswater	Bayswater		40.61028	-73.76722	P	PPL	US		NY	081			0	3	3	America/New_York	2007-02-16
6332492	Blissville	Blissville		40.73472	-73.93778	P	PPL	US		NY	081			0	6	7	America/New_York	2007-02-16
6332493	Cedar Manor Houses	Cedar Manor Houses		40.685	-73.78472	P	PPL	US		NY	081			0	6	11	America/New_York	2007-02-16
6332494	Edgemere Houses	Edgemere Houses		40.59639	-73.78472	P	PPL	US		NY	081			0	3	3	America/New_York	2007-02-16
6332495	Hammel Houses	Hammel Houses	Hammel Houses,Hammels Houses	40.58889	-73.80917	P	PPL	US		NY	081			0	2	5	America/New_York	2007-02-16
6332496	Linden Hill	Linden Hill		40.77444	-73.82306	P	PPL	US		NY	081			0	14	15	America/New_York	2007-02-16
6332497	Murray Hill	Murray Hill		40.76	-73.81306	P	PPL	US		NY	081			0	25	27	America/New_York	2007-02-16
6332498	Ravenswood Houses	Ravenswood Houses		40.76056	-73.93611	P	PPL	US		NY	081			0	6	6	America/New_York	2007-02-16
6332499	Rochdale Village	Rochdale Village		40.67639	-73.77389	P	PPL	US		NY	081			0	6	12	America/New_York	2007-02-16
6332500	Somerville	Somerville		40.59556	-73.7975	P	PPL	US		NY	081			0	1	1	America/New_York	2007-02-16
6332501	Woodside Houses	Woodside Houses		40.75611	-73.90972	P	PPL	US		NY	081			0	14	17	America/New_York	2007-02-16
6332502	Hester - Allen Turnkey Housing	Hester - Allen Turnkey Housing		40.71639	-73.99278	P	PPLX	US		NY	061			0	12	20	America/New_York	2009-06-22
6332504	East River Houses	East River Houses	Corlear's Hook Houses,East River Houses	40.71333	-73.97917	P	PPL	US		NY	061			0	5	19	America/New_York	2007-02-16
6332505	Hillman Housing	Hillman Housing		40.71444	-73.98111	P	PPL	US		NY	061			0	9	19	America/New_York	2007-02-16
6332506	Amalgamated Dwellings	Amalgamated Dwellings		40.715	-73.98278	P	PPLX	US		NY	061			0	9	14	America/New_York	2007-05-26
6332510	Breukelen Houses	Breukelen Houses		40.65056	-73.89417	P	PPL	US		NY	047			0	3	4	America/New_York	2007-02-16
6332511	Red Hook Houses	Red Hook Houses		40.67528	-74.00472	P	PPL	US		NY	047			0	4	5	America/New_York	2007-02-16
6332515	Vinegar Hill	Vinegar Hill		40.70306	-73.98472	P	PPL	US		NY	047			0	9	16	America/New_York	2015-07-09
6332516	Cobble Hill	Cobble Hill	Cobble Hill,Cobles Hill,Ponkiesbergh,Punkiesberg	40.6875	-73.99806	P	PPL	US		NY	047			0	7	8	America/New_York	2007-02-16
6332547	Colonial Park Houses	Colonial Park Houses		40.83361	-73.93639	P	PPL	US		NY	061			0	4	17	America/New_York	2007-02-16
6332548	Delano Village	Delano Village		40.81667	-73.93722	P	PPLX	US		NY	061			0	4	14	America/New_York	2009-07-13
6332549	Dyckman Houses	Dyckman Houses		40.86139	-73.92278	P	PPLX	US		NY	061			0	4	11	America/New_York	2009-07-13
6332550	Esplanade Gardens	Esplanade Gardens		40.82278	-73.93639	P	PPL	US		NY	061			0	3	19	America/New_York	2007-02-16
6332551	Hamilton Houses	Hamilton Houses		40.82111	-73.94278	P	PPLX	US		NY	061			0	8	15	America/New_York	2009-05-20
6332552	Harlem River Houses	Harlem River Houses		40.82639	-73.93694	P	PPL	US		NY	061			0	6	9	America/New_York	2007-02-16
6332553	Polo Grounds Houses	Polo Grounds Houses		40.83083	-73.93806	P	PPL	US		NY	061			0	5	29	America/New_York	2007-02-16
6332554	Hamilton Park	Hamilton Park		40.64167	-74.09	P	PPL	US		NY	085			0	56	64	America/New_York	2007-02-16
6332555	Edwin Markham Gardens	Edwin Markham Gardens		40.63944	-74.11667	P	PPL	US		NY	085			0	6	2	America/New_York	2007-02-16
6332556	Bay Terrace	Bay Terrace		40.55528	-74.13417	P	PPL	US		NY	085			0	14	15	America/New_York	2007-02-16
6332557	Heartland Village	Heartland Village		40.58833	-74.15778	P	PPL	US		NY	085			0	21	26	America/New_York	2007-02-16
6332558	Seaside	Seaside		40.53528	-74.17889	P	PPL	US		NY	085			0	24	26	America/New_York	2007-02-16
6332559	Woods of Arden	Woods of Arden		40.54139	-74.1625	P	PPL	US		NY	085			0	19	21	America/New_York	2007-02-16
6332597	Spencer Estates	Spencer Estates		40.84528	-73.82111	P	PPL	US		NY	005			0	3	5	America/New_York	2007-02-16
6332598	Throgs Neck Houses	Throgs Neck Houses		40.82194	-73.82389	P	PPL	US		NY	005			0	6	7	America/New_York	2007-02-16
6332599	Atlantic Beach Estates	Atlantic Beach Estates		40.58667	-73.71139	P	PPL	US		NY	059	34000		0	2	3	America/New_York	2017-05-23
6332601	West Amityville	West Amityville		40.67472	-73.42944	P	PPL	US		NY	059	56000		0	5	9	America/New_York	2017-05-23
6332602	Borgia Butler Houses	Borgia Butler Houses		40.83583	-73.90694	P	PPLX	US		NY	005			0	9	13	America/New_York	2009-07-13
6332603	Daniel Webster Houses	Daniel Webster Houses		40.83278	-73.90861	P	PPLX	US		NY	005			0	13	16	America/New_York	2009-07-13
6332635	Seneca Village (historical)	Seneca Village (historical)		40.78111	-73.96333	P	PPLX	US		NY	061			0	28	36	America/New_York	2009-03-09
6332637	Fordham Hill	Fordham Hill		40.86472	-73.90806	P	PPLX	US		NY	005			0	38	45	America/New_York	2009-07-13
6332638	Bronx River Houses	Bronx River Houses		40.835	-73.87694	P	PPL	US		NY	005			0	9	16	America/New_York	2007-02-16
6332639	Rosedale Houses	Rosedale Houses		40.82417	-73.86583	P	PPL	US		NY	005			0	6	12	America/New_York	2007-02-16
6332640	Sack Wern Houses	Sack Wern Houses		40.81944	-73.86806	P	PPLX	US		NY	005			0	9	9	America/New_York	2009-07-13
6332641	Eastchester Houses	Eastchester Houses		40.87028	-73.8525	P	PPL	US		NY	005			0	23	28	America/New_York	2007-02-16
6332642	Gun Hill Houses	Gun Hill Houses		40.87583	-73.86583	P	PPL	US		NY	005			0	32	41	America/New_York	2007-02-16
6332645	Baychester Houses	Baychester Houses		40.88361	-73.84389	P	PPL	US		NY	005			0	39	44	America/New_York	2007-02-16
6332652	Brookside Park	Brookside Park		41.16722	-73.97167	P	PPL	US		NY	087	15968		0	35	42	America/New_York	2017-05-23
6332653	Durant	Durant		41.13556	-73.99139	P	PPL	US		NY	087	15968		0	64	68	America/New_York	2017-05-23
6332654	Buckberg	Buckberg		41.2625	-73.99083	P	PPL	US		NY	087	71674		0	174	181	America/New_York	2017-05-23
6332655	Bronxdale Houses	Bronxdale Houses		40.82639	-73.86667	P	PPL	US		NY	005			0	5	9	America/New_York	2007-02-16
6332656	Castle Hill Houses	Castle Hill Houses		40.81861	-73.84972	P	PPL	US		NY	005			0	9	13	America/New_York	2007-02-16
6332657	Clason Point Gardens Houses	Clason Point Gardens Houses		40.82167	-73.86944	P	PPLX	US		NY	005			0	6	8	America/New_York	2009-07-13
6332658	Country Club	Country Club		40.83917	-73.81972	P	PPL	US		NY	005			0	7	11	America/New_York	2007-02-16
6332659	Co-Op City	Co-Op City		40.87389	-73.82944	P	PPL	US		NY	005			0	4	18	America/New_York	2007-02-16
6332660	Eastchester Bay	Eastchester Bay		40.8325	-73.81917	P	PPL	US		NY	005			0	7	9	America/New_York	2007-02-16
6332661	Edenwald Houses	Edenwald Houses		40.885	-73.84639	P	PPL	US		NY	005			0	41	45	America/New_York	2007-02-16
6332662	James Monroe Houses	James Monroe Houses		40.82222	-73.86528	P	PPL	US		NY	005			0	7	13	America/New_York	2007-02-16
6332663	Jamie Towers	Jamie Towers		40.81917	-73.85306	P	PPL	US		NY	005			0	4	13	America/New_York	2007-02-16
6332664	Lafayette Morrison Houses	Lafayette Morrison Houses		40.82111	-73.87472	P	PPL	US		NY	005			0	5	9	America/New_York	2007-02-16
6332665	Middletown	Middletown		40.83972	-73.83167	P	PPL	US		NY	005			0	8	10	America/New_York	2007-02-16
6332666	Parkside Houses	Parkside Houses		40.86889	-73.86861	P	PPL	US		NY	005			0	40	48	America/New_York	2007-02-16
6332667	Pelham Bay	Pelham Bay		40.85056	-73.83333	P	PPL	US		NY	005			0	8	10	America/New_York	2007-02-16
6332668	Pelham Parkway Houses	Pelham Parkway Houses		40.86194	-73.86	P	PPLX	US		NY	005			0	35	38	America/New_York	2009-07-13
6332669	Schuylerville	Schuylerville		40.83437	-73.83274	P	PPL	US		NY	005			0	15	12	America/New_York	2017-04-26
6332670	Silver Beach	Silver Beach		40.81167	-73.80639	P	PPL	US		NY	005			0	7	9	America/New_York	2007-02-16
6332671	Sound View Houses	Sound View Houses		40.81639	-73.86778	P	PPL	US		NY	005			0	6	9	America/New_York	2007-02-16
6332672	Soundview Park Homes	Soundview Park Homes		40.82056	-73.87833	P	PPL	US		NY	005			0	5	7	America/New_York	2007-02-16
6332681	Belmont	Belmont		40.85528	-73.88639	P	PPLX	US		NY	005			0	26	29	America/New_York	2009-07-13
6332682	Fieldston	Fieldston	Delafield Woods,Fieldston	40.89444	-73.90333	P	PPL	US		NY	005			0	65	71	America/New_York	2007-02-16
6332683	Eastchester Heights	Eastchester Heights	Eastchester Heights,Hillside Homes	40.87722	-73.84917	P	PPL	US		NY	005			0	42	52	America/New_York	2007-02-16
6332684	Gouverneur Morris Houses	Gouverneur Morris Houses		40.83417	-73.90528	P	PPLX	US		NY	005			0	12	24	America/New_York	2009-07-13
6332685	Highbridge Houses	Highbridge Houses		40.83722	-73.92917	P	PPLX	US		NY	005			0	31	36	America/New_York	2009-07-13
6332686	Concourse Village	Concourse Village		40.82361	-73.92111	P	PPLX	US		NY	005			0	5	18	America/New_York	2009-07-13
6332687	Forest Houses	Forest Houses		40.825	-73.90361	P	PPLX	US		NY	005			0	22	28	America/New_York	2009-07-13
6332688	Jackson Houses	Jackson Houses		40.8225	-73.91833	P	PPLX	US		NY	005			0	12	24	America/New_York	2009-07-13
6332689	William McKinley Houses	William McKinley Houses		40.82194	-73.90417	P	PPLX	US		NY	005			0	19	25	America/New_York	2009-07-13
6332690	Lambert Houses	Lambert Houses		40.84278	-73.87889	P	PPL	US		NY	005			0	12	18	America/New_York	2007-02-16
6332691	Sedgwick Houses	Sedgwick Houses		40.84639	-73.9225	P	PPLX	US		NY	005			0	48	45	America/New_York	2009-07-13
6543957	Riverside Apt	Riverside Apt		40.75814	-73.95385	P		US		NY	061			0		-4	America/New_York	2007-05-21
6615318	Upper Manhattan	Upper Manhattan	Upper Manhattan,Uptown,Uptown Manhattan	40.80881	-73.94777	P	PPLX	US		NY				0		16	America/New_York	2015-05-02
6615322	Upper East Side	Upper East Side	Aukstutinis Istsaidas,Aukštutinis Istsaidas,Verkhnij Ist-Sajd,apr ayst sayd,eopeoiseuteusaideu,shang dong cheng,xap pexr xis t sid,Верхний Ист-Сайд,אפער איסט סייד,אפר איסט סייד,آپر ایست ساید,อัปเปอร์อีสต์ไซด์,ზემო ისტ-საიდი,アッパー・イースト・サイド,上东城,어퍼이스트사이드	40.77833	-73.95189	P	PPLX	US		NY				0		27	America/New_York	2007-08-10
6615325	Downtown Manhattan	Downtown Manhattan	Downtown,Lower Manhattan	40.72124	-73.99764	P	PPL	US		NY				0		24	America/New_York	2017-04-16
6619212	Meat Packing District	Meat Packing District		40.73971	-74.00638	P	PPLX	US		NY				0		7	America/New_York	2014-06-28
6640032	Briarwood	Briarwood		40.70935	-73.81529	P	PPL	US		NY	081			0		30	America/New_York	2017-04-21
6640033	Kew Gardens Hills	Kew Gardens Hills		40.72404	-73.82006	P	PPL	US		NY				0		23	America/New_York	2008-01-28
6690894	Shellbank Creek	Shellbank Creek		40.58789	-73.92597	P	PPLX	US		NY				0		2	America/New_York	2008-03-14
6690901	Roosevelt Island	Roosevelt Island	Roosevelt Island	40.76403	-73.9482	P	PPL	US		NY	061			0		10	America/New_York	2009-04-17
6690909	Eastchester	Eastchester		40.95754	-73.80976	P	PPLX	US		NY	119	21820		33135		79	America/New_York	2017-05-23
6696479	Prospect Heights	Prospect Heights		40.67751	-73.96769	P	PPLX	US		NY	047			0		37	America/New_York	2015-10-14
6930378	Times Square	Times Square		40.75636	-73.98644	P	PPLX	US		NY	061			0		25	America/New_York	2009-02-06
6930480	Midtown Manhattan	Midtown Manhattan		40.75909	-73.97669	P	PPLX	US		NY	061			0		33	America/New_York	2015-05-02
6930486	Wall Street	Wall Street		40.70579	-74.00988	P	PPLX	US		NY	061			0		4	America/New_York	2009-02-09
6944378	Diamond District	Diamond District		40.7566	-73.9786	P	PPLX	US		NY	061			0		26	America/New_York	2014-02-03
7119443	West Amagansett	West Amagansett		40.97528	-72.16917	P	PPL	US		NY	103	22194		0	12	17	America/New_York	2017-05-23
7119499	Grace Estate	Grace Estate		41.02889	-72.23722	P	PPL	US		NY	103	22194		0	5	11	America/New_York	2017-05-23
7119501	Mill Hills Estates	Mill Hills Estates		41.00861	-72.23972	P	PPL	US		NY	103	22194		0	7	13	America/New_York	2017-05-23
7120494	Bayview	Bayview		41.04278	-72.41028	P	PPL	US		NY	103	69463		0	6	9	America/New_York	2017-05-23
7120801	Looneyville	Looneyville		42.93083	-78.57806	P	PPL	US		NY	029	01099		0	238	240	America/New_York	2017-05-23
7120802	Pavement (historical)	Pavement (historical)		42.91778	-78.6225	P	PPLQ	US		NY	029	41146		0	232	234	America/New_York	2017-05-23
7120803	Sand Ridge	Sand Ridge		42.91611	-78.52278	P	PPL	US		NY	029	01099		0	242	247	America/New_York	2017-05-23
7120847	North Le Roxy	North Le Roxy		43.005	-77.98056	P	PPL	US		NY	037	42037		0	244	247	America/New_York	2017-05-23
7120928	York Center (historical)	York Center (historical)		42.87111	-77.87222	P	PPLQ	US		NY	051	84022		0	223	222	America/New_York	2017-05-23
7121559	Black Lake (historical)	Black Lake (historical)		44.47056	-75.65861	P	PPLQ	US		NY	089	48582		0	95	91	America/New_York	2017-05-23
7122961	Log City (historical)	Log City (historical)		42.91222	-76.02111	P	PPLQ	US		NY	067	59036		0	466	471	America/New_York	2017-05-23
7122970	The Kingdom (historical)	The Kingdom (historical)		43.11611	-76.40472	P	PPLQ	US		NY	067	76760		0	186	188	America/New_York	2017-05-23
7123765	South Blooming Grove	South Blooming Grove	South Blooming Grove,South Blooming Grove Village,Village of South Blooming Grove	41.37337	-74.17843	P	PPL	US		NY	071	07003		3188	163	172	America/New_York	2017-05-23
7130883	Sucker Brook (historical)	Sucker Brook (historical)		44.81333	-75.25667	P	PPLQ	US		NY	089	77739		0	96	94	America/New_York	2017-05-23
7131263	Ensenore	Ensenore		42.79389	-76.50333	P	PPL	US		NY	011	65816		0	223	239	America/New_York	2017-05-23
7131805	Pump Corners	Pump Corners		43.06667	-76.50167	P	PPL	US		NY	011	10297		0	122	126	America/New_York	2017-05-23
7131806	The Patch (historical)	The Patch (historical)		43.05778	-76.55389	P	PPLQ	US		NY	011	10297		0	122	127	America/New_York	2017-05-23
7131839	Fenton	Fenton		42.57389	-78.99222	P	PPL	US		NY	029	07894		0	242	236	America/New_York	2017-05-23
7131859	Brayton Corners	Brayton Corners		43.20167	-75.07361	P	PPL	US		NY	043	50584		0	284	284	America/New_York	2017-05-23
7134295	Sayville Heights	Sayville Heights		40.74778	-73.07222	P	PPL	US		NY	103	38000		0	8	11	America/New_York	2017-05-23
7136182	The Moorings	The Moorings		40.71139	-73.19972	P	PPL	US		NY	103	38000		0	0	4	America/New_York	2017-05-23
7136183	Deer Run	Deer Run		40.7175	-73.18722	P	PPL	US		NY	103	38000		0	2	7	America/New_York	2017-05-23
7149972	Lewis (historical)	Lewis (historical)		42.5825	-77.98611	P	PPLQ	US		NY	051	59179		0	361	366	America/New_York	2017-05-23
7150093	Catfield	Catfield		43.22	-77.82167	P	PPL	US		NY	055	56561		0	131	128	America/New_York	2017-05-23
7150314	Coomer	Coomer		43.26667	-78.73972	P	PPL	US		NY	063	50232		0	108	107	America/New_York	2017-05-23
7151609	Tryonville	Tryonville		43.26333	-78.95333	P	PPL	US		NY	063	59267		0	91	93	America/New_York	2017-05-23
7151623	Pleasant Corners	Pleasant Corners		43.26472	-78.82583	P	PPL	US		NY	063	82370		0	105	104	America/New_York	2017-05-23
7151799	Beaver Dam (historical)	Beaver Dam (historical)		42.54111	-73.79222	P	PPLQ	US		NY	001	06354		0	51	54	America/New_York	2017-05-23
7152576	Clinton Park (historical)	Clinton Park (historical)		44.66278	-73.44194	P	PPLQ	US		NY	019	58585		0	36	37	America/New_York	2017-05-23
7152577	Salmon River (historical)	Salmon River (historical)		44.63333	-73.47583	P	PPLQ	US		NY	019	58585		0	52	51	America/New_York	2017-05-23
7153367	Hudson Heights	Hudson Heights		41.70028	-73.94	P	PPL	US		NY	027	59641		0	18	19	America/New_York	2017-05-23
7154167	Richmond Mills (historical)	Richmond Mills (historical)		42.82639	-77.57278	P	PPLQ	US		NY	069	61544		0	278	279	America/New_York	2017-05-23
7154441	Fall Bridge	Fall Bridge		42.59222	-75.07333	P	PPL	US		NY	077	50485		0	396	403	America/New_York	2017-05-23
7154597	Deonundaga (historical)	Deonundaga (historical)		42.76944	-78.81111	P	PPLQ	US		NY	029	31654		0	219	220	America/New_York	2017-05-23
7154598	Gaskosada (historical)	Gaskosada (historical)		43.02083	-78.49639	P	PPLQ	US		NY	029	50716		0	225	227	America/New_York	2017-05-23
7154601	Pacatacan (historical)	Pacatacan (historical)		41.98833	-75.13333	P	PPLQ	US		NY	025	31951		0	307	307	America/New_York	2017-05-23
7156072	Clemsons Corners	Clemsons Corners		42.85056	-76.84944	P	PPL	US		NY	099	25505		0	174	173	America/New_York	2017-05-23
7156594	Longyear (historical)	Longyear (historical)		42.05222	-74.29222	P	PPLQ	US		NY	111	66597		0	224	230	America/New_York	2017-05-23
7159469	Sunrise Terrace	Sunrise Terrace		42.12472	-75.9125	P	PPL	US		NY	007	20588		0	267	268	America/New_York	2017-05-23
7159587	Dewittsburg Park Housing Project	Dewittsburg Park Housing Project		42.09028	-76.79361	P	PPL	US		NY	015	24229		0	259	260	America/New_York	2017-05-23
7159638	Center Corners	Center Corners		42.53111	-79.23917	P	PPL	US		NY	013	66916		0	185	191	America/New_York	2017-05-23
7160843	Hoffman Plaza Housing Project	Hoffman Plaza Housing Project		42.10111	-76.8325	P	PPL	US		NY	015	24229		0	287	286	America/New_York	2017-05-23
7160853	Hathorn Court	Hathorn Court		42.10972	-76.82333	P	PPL	US		NY	015	24229		0	266	265	America/New_York	2017-05-23
7160885	Dyke (historical)	Dyke (historical)		42.13778	-77.89778	P	PPLQ	US		NY	003	79103		0	467	466	America/New_York	2017-05-23
7160886	Irish Settlement (historical)	Irish Settlement (historical)		42.23167	-77.92917	P	PPLQ	US		NY	003	78201		0	609	615	America/New_York	2017-05-23
7161161	Daboll Corners	Daboll Corners		43.08111	-76.82806	P	PPL	US		NY	117	28013		0	120	118	America/New_York	2017-05-23
7161162	Wiley Corner	Wiley Corner		43.04444	-76.77306	P	PPL	US		NY	117	65343		0	155	156	America/New_York	2017-05-23
7161168	Lime Kiln	Lime Kiln		43.17278	-77.12056	P	PPL	US		NY	117	68220		0	139	138	America/New_York	2017-05-23
7162545	Wiltwyck Gardens	Wiltwyck Gardens		41.93444	-74.00833	P	PPL	US		NY	111	39727		0	58	56	America/New_York	2017-05-23
7176147	Arowley Manor	Arowley Manor		42.09861	-79.26528	P	PPL	US		NY	013	38264		0	424	426	America/New_York	2017-05-23
7176855	Castle High Estates	Castle High Estates		41.37667	-74.54972	P	PPL	US		NY	071	30631		0	270	272	America/New_York	2017-05-23
7176864	Pine Grove	Pine Grove		41.47417	-74.58667	P	PPL	US		NY	071	19961		0	171	177	America/New_York	2017-05-23
7176865	Oak Ridge Park	Oak Ridge Park		41.46944	-74.58639	P	PPL	US		NY	071	19961		0	156	166	America/New_York	2017-05-23
7176869	Highridge Estates Mobile Home Park	Highridge Estates Mobile Home Park		41.40833	-74.6425	P	PPL	US		NY	071	19961		0	140	140	America/New_York	2017-05-23
7176870	Lakewood Estates Mobile Home Park	Lakewood Estates Mobile Home Park		41.40667	-74.65	P	PPL	US		NY	071	19961		0	136	140	America/New_York	2017-05-23
7176884	Dogwood Hills	Dogwood Hills		41.58167	-74.02	P	PPL	US		NY	071	50045		0	211	216	America/New_York	2017-05-23
7176886	Hudson Valley Mobile Home Park	Hudson Valley Mobile Home Park		41.54528	-74.00972	P	PPL	US		NY	071	50045		0	96	95	America/New_York	2017-05-23
7176889	Candlestick Mobile Home Park	Candlestick Mobile Home Park		41.57861	-74.00583	P	PPL	US		NY	071	50045		0	124	123	America/New_York	2017-05-23
7176891	Meadow Winds	Meadow Winds		41.53083	-74.07806	P	PPL	US		NY	071	50045		0	148	154	America/New_York	2017-05-23
7176894	Chadwick Estates	Chadwick Estates		41.56611	-74.06389	P	PPL	US		NY	071	50045		0	157	158	America/New_York	2017-05-23
7176902	Orange Lake Mobile Home Park	Orange Lake Mobile Home Park		41.54528	-74.12806	P	PPL	US		NY	071	48153		0	149	151	America/New_York	2017-05-23
7176903	Holiday Mobile Home Park	Holiday Mobile Home Park		41.5525	-74.14222	P	PPL	US		NY	071	48153		0	116	117	America/New_York	2017-05-23
7176904	Bel Air Mobile Home Park	Bel Air Mobile Home Park		41.55556	-74.14417	P	PPL	US		NY	071	48153		0	122	126	America/New_York	2017-05-23
7176907	Old Orchard Trailer Park	Old Orchard Trailer Park		41.5675	-74.19611	P	PPL	US		NY	071	48153		0	113	109	America/New_York	2017-05-23
7177188	Surrey Estates	Surrey Estates		40.73444	-73.74806	P	PPL	US		NY	081			0	54	62	America/New_York	2010-02-03
7177278	John S Moore Homes	John S Moore Homes		42.89833	-73.69	P	PPL	US		NY	091	46360		0	30	31	America/New_York	2017-05-23
7177511	Mount Morris Park Historic District	Mount Morris Park Historic District		40.80472	-73.94667	P	PPL	US		NY	061			0	7	13	America/New_York	2014-02-18
7180359	Van Buren Park Homes	Van Buren Park Homes		42.8003	-73.899	P	PPL	US		NY	093	51264		0	126	129	America/New_York	2017-05-23
7180365	Steinmetz Homes	Steinmetz Homes		42.7935	-73.925	P	PPL	US		NY	093	65508		0	104	105	America/New_York	2017-05-23
7180516	Cruger Village	Cruger Village		42.0275	-73.90722	P	PPL	US		NY	027	60905		0	47	46	America/New_York	2017-05-23
7180793	Bells Pond Mobile Home Park	Bells Pond Mobile Home Park		42.17889	-73.76111	P	PPL	US		NY	021	42917		0	72	69	America/New_York	2017-05-23
7180794	Columbia Villa Mobile Home Park	Columbia Villa Mobile Home Park		42.325	-73.74972	P	PPL	US		NY	021	71443		0	48	50	America/New_York	2017-05-23
7180795	Country Estates East	Country Estates East		42.27083	-73.70528	P	PPL	US		NY	021	16045		0	84	85	America/New_York	2017-05-23
7180796	Dutch Village Mobile Home Park	Dutch Village Mobile Home Park		42.25778	-73.75111	P	PPL	US		NY	021	16045		0	43	45	America/New_York	2017-05-23
7180797	Jo-nel Mobile Home Park	Jo-nel Mobile Home Park		42.27083	-73.76556	P	PPL	US		NY	021	30565		0	51	52	America/New_York	2017-05-23
7180798	Jutkosky Court	Jutkosky Court		42.21472	-73.74778	P	PPL	US		NY	021	16045		0	53	56	America/New_York	2017-05-23
7180799	Syosset Mobile Home Park	Syosset Mobile Home Park		40.80694	-73.51667	P	PPL	US		NY	059	56000		0	59	61	America/New_York	2017-05-23
7180800	Frontier Park	Frontier Park		40.7025	-73.42583	P	PPL	US		NY	103	04000		0	13	15	America/New_York	2017-05-23
7180801	Gildersleeve Park For Mobile Homes	Gildersleeve Park For Mobile Homes		40.69472	-73.42583	P	PPL	US		NY	103	04000		0	10	12	America/New_York	2017-05-23
7180824	Lincoln Park Homes	Lincoln Park Homes		42.64306	-73.76028	P	PPL	US		NY	001	01000		0	19	19	America/New_York	2017-05-23
7184841	Gramercy Park	Gramercy Park	Gramercy Park,Krom Moerasje	40.7375	-73.98611	P	PPLX	US		NY	061			0	10	22	America/New_York	2017-04-16
7184842	Keshaechquereren (historical)	Keshaechquereren (historical)	Keshaechquereren (historical),Keskachane,Keskaechquerem	40.62278	-73.93722	P	PPLQ	US		NY	047			0	5	9	America/New_York	2011-12-12
7184843	Konaande Kongh (historical)	Konaande Kongh (historical)		40.7884	-73.9512	P	PPLQ	US		NY	061			0	21	22	America/New_York	2011-12-12
7184846	Gracie Square	Gracie Square		40.7754	-73.9462	P	PPL	US		NY	061			0	11	31	America/New_York	2010-02-05
7186057	Yarbrough Homes	Yarbrough Homes		42.65972	-73.74889	P	PPL	US		NY	001	01000		0	29	27	America/New_York	2017-05-23
7186087	Loudon Heights	Loudon Heights		42.68611	-73.75389	P	PPL	US		NY	001	17343		0	114	116	America/New_York	2017-05-23
7186110	Lake Country Estates	Lake Country Estates		42.3375	-77.29889	P	PPL	US		NY	101	04770		0	343	344	America/New_York	2017-05-23
7186111	The Homes Of Wildflower Hills	The Homes Of Wildflower Hills		42.36028	-77.30306	P	PPL	US		NY	101	04770		0	347	351	America/New_York	2017-05-23
7186483	Village of Saint Anthony	Village of Saint Anthony		42.07611	-78.475	P	PPL	US		NY	009	01297		0	433	437	America/New_York	2017-05-23
7186486	Glen of Saint Clare	Glen of Saint Clare		42.07556	-78.47861	P	PPL	US		NY	009	01297		0	433	437	America/New_York	2017-05-23
7186487	Gardens of Brother Leo	Gardens of Brother Leo		42.07556	-78.47972	P	PPL	US		NY	009	01297		0	433	439	America/New_York	2017-05-23
7186999	Grants Woods	Grants Woods		43.20778	-73.72278	P	PPL	US		NY	091	48318		0	125	124	America/New_York	2017-05-23
7187000	Ashfords Way	Ashfords Way		43.21194	-73.72083	P	PPL	US		NY	091	48318		0	120	128	America/New_York	2017-05-23
7187001	Adirondack Estates	Adirondack Estates		43.17944	-73.71306	P	PPL	US		NY	091	82403		0	94	95	America/New_York	2017-05-23
7187002	Whispering Pines Mobile Home Park	Whispering Pines Mobile Home Park		43.16556	-73.69861	P	PPL	US		NY	091	82403		0	94	92	America/New_York	2017-05-23
7187003	Fox Run Estates	Fox Run Estates		43.1575	-73.68	P	PPL	US		NY	091	82403		0	94	99	America/New_York	2017-05-23
7187004	Rimbrave Estates	Rimbrave Estates		43.15722	-73.67028	P	PPL	US		NY	091	53737		0	91	90	America/New_York	2017-05-23
7187005	Stonegate	Stonegate		43.15944	-73.65833	P	PPL	US		NY	091	53737		0	89	89	America/New_York	2017-05-23
7187006	Hickory Forest	Hickory Forest		43.17028	-73.66139	P	PPL	US		NY	091	53737		0	80	84	America/New_York	2017-05-23
7187007	Tanager Woods	Tanager Woods		43.17833	-73.65694	P	PPL	US		NY	091	53737		0	78	81	America/New_York	2017-05-23
7187008	Schuyler Heights	Schuyler Heights		43.19139	-73.64444	P	PPL	US		NY	091	53737		0	70	72	America/New_York	2017-05-23
7187009	Shelley Trailer Park	Shelley Trailer Park		43.17111	-73.64528	P	PPL	US		NY	091	53737		0	79	77	America/New_York	2017-05-23
7187010	Forest Hills	Forest Hills		43.15833	-73.63611	P	PPL	US		NY	091	53737		0	86	88	America/New_York	2017-05-23
7187011	Terrel Hills	Terrel Hills		43.1425	-73.66111	P	PPL	US		NY	091	53737		0	85	87	America/New_York	2017-05-23
7187012	Castlewood	Castlewood		43.13611	-73.66389	P	PPL	US		NY	091	53737		0	88	93	America/New_York	2017-05-23
7187013	Queens Court	Queens Court		43.13333	-73.66194	P	PPL	US		NY	091	53737		0	96	95	America/New_York	2017-05-23
7187014	Highland Hills	Highland Hills		43.10611	-73.69167	P	PPL	US		NY	091	82403		0	106	108	America/New_York	2017-05-23
7187015	Hearthwood North	Hearthwood North		43.10472	-73.70083	P	PPL	US		NY	091	82403		0	94	94	America/New_York	2017-05-23
7187016	Scidmore Woods	Scidmore Woods		43.09722	-73.69861	P	PPL	US		NY	091	65244		0	91	100	America/New_York	2017-05-23
7187017	Knoll Spring Park	Knoll Spring Park		43.09556	-73.71056	P	PPL	US		NY	091	65255		0	86	94	America/New_York	2017-05-23
7187018	Floral Estates	Floral Estates		43.09806	-73.71833	P	PPL	US		NY	091	65255		0	80	91	America/New_York	2017-05-23
7187019	Lost Valley Estates	Lost Valley Estates		43.10528	-73.72194	P	PPL	US		NY	091	82403		0	83	91	America/New_York	2017-05-23
7187020	Carlyle Estates	Carlyle Estates		43.10972	-73.72389	P	PPL	US		NY	091	82403		0	83	90	America/New_York	2017-05-23
7187021	Louden Meadows	Louden Meadows		43.09639	-73.73194	P	PPL	US		NY	091	65255		0	82	95	America/New_York	2017-05-23
7187027	Pyramid Pines Mobile Home Park	Pyramid Pines Mobile Home Park		43.11056	-73.74111	P	PPL	US		NY	091	82403		0	97	96	America/New_York	2017-05-23
7187028	Wood Knolls	Wood Knolls		43.1225	-73.73556	P	PPL	US		NY	091	82403		0	100	104	America/New_York	2017-05-23
7187029	Brookview	Brookview		43.08667	-73.70444	P	PPL	US		NY	091	65255		0	71	73	America/New_York	2017-05-23
7187030	Meadowbrook	Meadowbrook		43.07583	-73.71611	P	PPL	US		NY	091	65255		0	84	92	America/New_York	2017-05-23
7187031	Beacon Hill	Beacon Hill		43.06889	-73.71611	P	PPL	US		NY	091	65255		0	83	88	America/New_York	2017-05-23
7187032	Regatta View	Regatta View		43.05889	-73.72139	P	PPL	US		NY	091	65255		0	79	81	America/New_York	2017-05-23
7187033	Lakeside Mobile Home Park	Lakeside Mobile Home Park		43.00361	-73.73139	P	PPL	US		NY	091	71333		0	70	70	America/New_York	2017-05-23
7187034	Woodlands	Woodlands		43.04861	-73.74111	P	PPL	US		NY	091	65255		0	85	87	America/New_York	2017-05-23
7187035	East Ridge	East Ridge		43.05	-73.73556	P	PPL	US		NY	091	65255		0	82	98	America/New_York	2017-05-23
7187036	Waters Edge	Waters Edge		43.04639	-73.73417	P	PPL	US		NY	091	65255		0	72	73	America/New_York	2017-05-23
7187037	Interlaken	Interlaken		43.05778	-73.72944	P	PPL	US		NY	091	65255		0	81	88	America/New_York	2017-05-23
7187329	Ballards Mobile Home Court	Ballards Mobile Home Court		42.81694	-73.73139	P	PPL	US		NY	001	17343		0	57	60	America/New_York	2017-05-23
7187330	Sunnyside Trailer Court	Sunnyside Trailer Court		42.81417	-73.73333	P	PPL	US		NY	001	17343		0	58	59	America/New_York	2017-05-23
7187708	Spring Creek Towers	Spring Creek Towers	Spring Creek Towers,Starrett City	40.64833	-73.88028	P	PPL	US		NY	047			0	6	13	America/New_York	2010-02-05
7187712	Ebbets Field Houses	Ebbets Field Houses		40.665	-73.95806	P	PPL	US		NY	047			0	26	47	America/New_York	2010-02-05
7188225	Radisson	Radisson		43.18777	-76.29308	P	PPL	US		NY	067	44039		0	125	128	America/New_York	2017-05-23
7188462	Canterbury Estates	Canterbury Estates		41.47333	-74.14611	P	PPL	US		NY	071	50848		0	147	150	America/New_York	2017-05-23
7188466	Downey Farms	Downey Farms		41.43444	-74.09861	P	PPL	US		NY	071	18300		0	113	112	America/New_York	2017-05-23
7188477	Paradise Mobile Home Park	Paradise Mobile Home Park		41.46083	-74.02	P	PPL	US		NY	071	50848		0	6	8	America/New_York	2017-05-23
7188479	Butter Hill Estates	Butter Hill Estates		41.46111	-74.03722	P	PPL	US		NY	071	50848		0	39	36	America/New_York	2017-05-23
7188698	Windsor Crest	Windsor Crest		41.47444	-74.04611	P	PPL	US		NY	071	50848		0	93	92	America/New_York	2017-05-23
7188701	Walters Trailer Village	Walters Trailer Village		41.48778	-74.08778	P	PPL	US		NY	071	50848		0	106	104	America/New_York	2017-05-23
7188705	Stewart Terrace	Stewart Terrace		41.48667	-74.11389	P	PPL	US		NY	071	50848		0	126	133	America/New_York	2017-05-23
7188711	Woodfield	Woodfield		41.43722	-74.16444	P	PPL	US		NY	071	07003		0	104	103	America/New_York	2017-05-23
7188713	Kimberly Estates	Kimberly Estates		41.44639	-74.22556	P	PPL	US		NY	071	31907		0	120	122	America/New_York	2017-05-23
7188715	Arbor Valley	Arbor Valley		41.44861	-74.23083	P	PPL	US		NY	071	31907		0	114	118	America/New_York	2017-05-23
7188716	Hampton Trails	Hampton Trails		41.44472	-74.22361	P	PPL	US		NY	071	31907		0	122	126	America/New_York	2017-05-23
7188717	Rural Ridge	Rural Ridge		41.44278	-74.21194	P	PPL	US		NY	071	31907		0	136	156	America/New_York	2017-05-23
7188718	Otter Kill Estates	Otter Kill Estates		41.44444	-74.19639	P	PPL	US		NY	071	31907		0	105	108	America/New_York	2017-05-23
7188724	Brookview Acres Mobile Home Park	Brookview Acres Mobile Home Park		41.42278	-74.15639	P	PPL	US		NY	071	07003		0	93	94	America/New_York	2017-05-23
7188732	Tappan Hill	Tappan Hill		41.405	-74.18889	P	PPL	US		NY	071	07003		0	103	107	America/New_York	2017-05-23
7188747	Valley View Mobile Home Park	Valley View Mobile Home Park		41.47833	-74.3125	P	PPL	US		NY	071	77992		0	135	136	America/New_York	2017-05-23
7188861	Keystone Park	Keystone Park		41.47306	-74.41472	P	PPL	US		NY	071	77992		0	202	211	America/New_York	2017-05-23
7188867	Deer Run	Deer Run		41.42861	-74.44139	P	PPL	US		NY	071	47042		0	176	178	America/New_York	2017-05-23
7188878	Canterbury Knolls	Canterbury Knolls		41.43556	-74.39694	P	PPL	US		NY	071	77992		0	151	150	America/New_York	2017-05-23
7188888	Breeze Hill Estates	Breeze Hill Estates		41.35333	-74.45944	P	PPL	US		NY	071	78839		0	139	140	America/New_York	2017-05-23
7188896	Points of View	Points of View		41.26222	-74.41361	P	PPL	US		NY	071	78366		0	161	169	America/New_York	2017-05-23
7189020	Hempstead Acres	Hempstead Acres		41.32917	-74.3475	P	PPL	US		NY	071	78366		0	147	149	America/New_York	2017-05-23
7189021	Cedarcrest	Cedarcrest		41.32583	-74.35944	P	PPL	US		NY	071	78366		0	154	152	America/New_York	2017-05-23
7189032	Renee Gardens	Renee Gardens		41.37028	-74.26278	P	PPL	US		NY	071	15308		0	146	137	America/New_York	2017-05-23
7189033	Valley View At Chester	Valley View At Chester		41.36833	-74.26944	P	PPL	US		NY	071	15308		0	172	174	America/New_York	2017-05-23
7189036	Homestead Village	Homestead Village		41.25306	-74.33806	P	PPL	US		NY	071	78366		0	169	166	America/New_York	2017-05-23
7189119	Worley Heights	Worley Heights		41.36528	-74.18222	P	PPL	US		NY	071	07003		0	220	224	America/New_York	2017-05-23
7189141	Overlook Estates	Overlook Estates		41.31667	-74.19	P	PPL	US		NY	071	47999		0	208	209	America/New_York	2017-05-23
7189148	Highland Lake Estates	Highland Lake Estates		41.34778	-74.13972	P	PPL	US		NY	071	82755		0	254	254	America/New_York	2017-05-23
7189149	Woodbury Meadows	Woodbury Meadows		41.34889	-74.14972	P	PPL	US		NY	071	82755		0	243	248	America/New_York	2017-05-23
7189152	Rock Terrace Mobile Home Park	Rock Terrace Mobile Home Park		41.3275	-74.00167	P	PPL	US		NY	071	34550		0	105	111	America/New_York	2017-05-23
7189153	Hudson View Terrace Mobile Home Park	Hudson View Terrace Mobile Home Park		41.34111	-73.97472	P	PPL	US		NY	071	34550		0	39	44	America/New_York	2017-05-23
7189274	Laurel Ridge	Laurel Ridge		41.23361	-74.205	P	PPL	US		NY	071	75781		0	279	287	America/New_York	2017-05-23
7189275	Clinton Woods	Clinton Woods		41.24139	-74.20278	P	PPL	US		NY	071	75781		0	258	271	America/New_York	2017-05-23
7195928	Greenport Homes	Greenport Homes		41.09889	-72.37167	P	PPL	US		NY	103	69463		0	5	6	America/New_York	2017-05-23
7199897	Manor Hill Mobile Home Park	Manor Hill Mobile Home Park		41.70972	-73.89389	P	PPL	US		NY	027	59652		0	70	68	America/New_York	2017-05-23
7199898	Birchwood Park	Birchwood Park		41.56306	-73.9025	P	PPL	US		NY	027	78157		0	81	84	America/New_York	2017-05-23
7199899	Brookside Senior Citizen Cooperative	Brookside Senior Citizen Cooperative		41.48972	-73.90222	P	PPL	US		NY	079	57584		0	85	87	America/New_York	2017-05-23
7199900	Charlotte Grove Mobile Court	Charlotte Grove Mobile Court		41.56694	-73.82333	P	PPL	US		NY	027	21996		0	77	76	America/New_York	2017-05-23
7199901	Cooper Road Mobile Home Park	Cooper Road Mobile Home Park		41.55722	-73.9	P	PPL	US		NY	027	78157		0	84	88	America/New_York	2017-05-23
7199902	Ennis Mobile Home Park	Ennis Mobile Home Park		41.73306	-73.83944	P	PPL	US		NY	027	58695		0	67	67	America/New_York	2017-05-23
7199903	Feller Mobile Home Park	Feller Mobile Home Park		41.6625	-73.85194	P	PPL	US		NY	027	40299		0	69	73	America/New_York	2017-05-23
7199904	Harmony Park	Harmony Park		41.50028	-73.62639	P	PPL	US		NY	079	56748		0	145	144	America/New_York	2017-05-23
7199905	Haviland Mobile Home Park	Haviland Mobile Home Park		41.77806	-73.89611	P	PPL	US		NY	027	37209		0	70	72	America/New_York	2017-05-23
7199906	Hickory Hills	Hickory Hills		41.75278	-73.84111	P	PPL	US		NY	027	58695		0	70	68	America/New_York	2017-05-23
7199907	High Plains	High Plains		41.72111	-73.615	P	PPL	US		NY	027	20819		0	301	299	America/New_York	2017-05-23
7199908	Lamplight Court	Lamplight Court		41.97361	-73.88583	P	PPL	US		NY	027	60905		0	60	60	America/New_York	2017-05-23
7199909	M And K Mobile Home Park	M And K Mobile Home Park		41.74972	-73.9	P	PPL	US		NY	027	37209		0	69	69	America/New_York	2017-05-23
7199910	Moorgate Mobile Home Park	Moorgate Mobile Home Park		41.54778	-73.80667	P	PPL	US		NY	027	21996		0	77	87	America/New_York	2017-05-23
7199911	Mountain View Mobile Estates	Mountain View Mobile Estates		41.97861	-73.87056	P	PPL	US		NY	027	60905		0	83	82	America/New_York	2017-05-23
7199912	Northern Dutchess Mobile Home Park	Northern Dutchess Mobile Home Park		41.98167	-73.86972	P	PPL	US		NY	027	60905		0	83	85	America/New_York	2017-05-23
7199913	Pine Grove Terrace	Pine Grove Terrace		41.62083	-73.67778	P	PPL	US		NY	027	05452		0	145	146	America/New_York	2017-05-23
7199914	Powell Park	Powell Park		41.73917	-73.57222	P	PPL	US		NY	027	20819		0	115	114	America/New_York	2017-05-23
7199915	Red Hook Mobile Home Park	Red Hook Mobile Home Park		41.98611	-73.88	P	PPL	US		NY	027	60905		0	68	68	America/New_York	2017-05-23
7199916	Roberts Mobile Home Park	Roberts Mobile Home Park		41.59611	-73.8475	P	PPL	US		NY	027	78157		0	78	80	America/New_York	2017-05-23
7199917	Scenic View Trailer Park	Scenic View Trailer Park		41.9625	-73.52333	P	PPL	US		NY	027	51891		0	242	247	America/New_York	2017-05-23
7199918	Shady Brook	Shady Brook		41.68389	-73.86917	P	PPL	US		NY	027	59652		0	45	46	America/New_York	2017-05-23
7199919	The Gables	The Gables		41.72861	-73.89194	P	PPL	US		NY	027	59652		0	62	59	America/New_York	2017-05-23
7199972	Fountain Head Mobile Home Park	Fountain Head Mobile Home Park		41.22	-74.045	P	PPL	US		NY	087	32765		0	134	138	America/New_York	2017-05-23
7199973	Mazzaleone Park	Mazzaleone Park		41.18639	-74.03306	P	PPL	US		NY	087	32765		0	143	148	America/New_York	2017-05-23
7199974	Mountain View Mobile Home Park	Mountain View Mobile Home Park		41.22472	-73.99167	P	PPL	US		NY	087	71674		0	35	40	America/New_York	2017-05-23
7199975	Parkway Mobile Home Park	Parkway Mobile Home Park		41.1875	-74.03389	P	PPL	US		NY	087	32765		0	139	143	America/New_York	2017-05-23
7199976	Quaker Park	Quaker Park		41.19056	-74.0425	P	PPL	US		NY	087	32765		0	131	131	America/New_York	2017-05-23
7199977	Red Ridge Mobile Home Park	Red Ridge Mobile Home Park		41.24056	-73.98611	P	PPL	US		NY	087	71674		0	44	49	America/New_York	2017-05-23
7199978	Lakeside Mobile Home Park	Lakeside Mobile Home Park		41.34944	-74.12111	P	PPL	US		NY	071	82755		0	146	145	America/New_York	2017-05-23
7199979	Hillside Plaza	Hillside Plaza		41.31861	-74.17417	P	PPL	US		NY	071	47999		0	191	191	America/New_York	2017-05-23
7199980	Silver Maples	Silver Maples		41.30194	-74.14778	P	PPL	US		NY	071	47999		0	189	186	America/New_York	2017-05-23
7199981	Westpoint Mobile Home Park	Westpoint Mobile Home Park		41.34639	-73.97083	P	PPL	US		NY	071	34550		0	34	43	America/New_York	2017-05-23
7199996	Carmen Courts	Carmen Courts		42.73917	-73.94056	P	PPL	US		NY	001	31104		0	101	101	America/New_York	2017-05-23
7199997	Central Square Mobile Home Park	Central Square Mobile Home Park		42.75556	-73.87333	P	PPL	US		NY	001	17343		0	92	92	America/New_York	2017-05-23
7199998	Pine Ridge Estates	Pine Ridge Estates		42.51639	-73.81556	P	PPL	US		NY	001	16694		0	48	48	America/New_York	2017-05-23
7199999	Breckenridge Mobile Home Park	Breckenridge Mobile Home Park		42.53861	-73.80722	P	PPL	US		NY	001	06354		0	54	56	America/New_York	2017-05-23
7200000	Latham Mobile Home Court	Latham Mobile Home Court		42.74111	-73.76361	P	PPL	US		NY	001	17343		0	103	102	America/New_York	2017-05-23
7200001	Lone Pine Community Mobile Home Park	Lone Pine Community Mobile Home Park		42.73667	-73.85667	P	PPL	US		NY	001	17343		0	98	100	America/New_York	2017-05-23
7200002	Meilaks Mobile Home Court	Meilaks Mobile Home Court		42.5225	-73.805	P	PPL	US		NY	001	16694		0	44	45	America/New_York	2017-05-23
7200003	Norton Street Mobile Home Park	Norton Street Mobile Home Park		42.69389	-73.80139	P	PPL	US		NY	001	17343		0	77	77	America/New_York	2017-05-23
7200004	Ten Oaks Mobile Home Park	Ten Oaks Mobile Home Park		42.76583	-73.74167	P	PPL	US		NY	001	17343		0	93	93	America/New_York	2017-05-23
7200005	Wackmans Mobile Home Park	Wackmans Mobile Home Park		42.73056	-73.84639	P	PPL	US		NY	001	17343		0	101	100	America/New_York	2017-05-23
7200006	Crescent City Mobile Home Park	Crescent City Mobile Home Park		42.83333	-73.74222	P	PPL	US		NY	091	31489		0	76	81	America/New_York	2017-05-23
7200007	Martindale Mobile Home Park	Martindale Mobile Home Park		42.86111	-73.76194	P	PPL	US		NY	091	31489		0	111	108	America/New_York	2017-05-23
7200008	Midway Park	Midway Park		42.84194	-73.74833	P	PPL	US		NY	091	31489		0	80	83	America/New_York	2017-05-23
7200009	Springbrook Mobile Home Park	Springbrook Mobile Home Park		42.82222	-73.75806	P	PPL	US		NY	091	31489		0	82	81	America/New_York	2017-05-23
7200010	Colemans Trailer Park	Colemans Trailer Park		42.80861	-73.69556	P	PPL	US		NY	091	78531		0	51	50	America/New_York	2017-05-23
7200011	Lakewood Park	Lakewood Park		40.91833	-72.72417	P	PPL	US		NY	103	61984		0	13	13	America/New_York	2017-05-23
7200012	Riverhaven Park	Riverhaven Park		40.92611	-72.61278	P	PPL	US		NY	103	61984		0	0	-9999	America/New_York	2017-05-23
7200013	Thurms Mobile Homes	Thurms Mobile Homes		40.94861	-72.78639	P	PPL	US		NY	103	61984		0	35	35	America/New_York	2017-05-23
7200014	Glenwood Village	Glenwood Village		40.92139	-72.69861	P	PPL	US		NY	103	61984		0	12	14	America/New_York	2017-05-23
7200015	East Quogue Mobile Home Park	East Quogue Mobile Home Park		40.85361	-72.57917	P	PPL	US		NY	103	68473		0	8	8	America/New_York	2017-05-23
7200016	Foxwood Village	Foxwood Village		40.93056	-72.70917	P	PPL	US		NY	103	61984		0	16	18	America/New_York	2017-05-23
7200017	Greenwood Village	Greenwood Village		40.83472	-72.79083	P	PPL	US		NY	103	10000		0	28	30	America/New_York	2017-05-23
7200018	Hampton Bays Mobile Home Park	Hampton Bays Mobile Home Park		40.86639	-72.54778	P	PPL	US		NY	103	68473		0	10	13	America/New_York	2017-05-23
7200019	Millbrook Mobile Home Park	Millbrook Mobile Home Park		40.92778	-72.70139	P	PPL	US		NY	103	61984		0	11	11	America/New_York	2017-05-23
7200020	Oakland Ridge Mobile Home Park	Oakland Ridge Mobile Home Park		40.94222	-72.71222	P	PPL	US		NY	103	61984		0	18	20	America/New_York	2017-05-23
7200021	Parkview Community	Parkview Community		40.91472	-72.65056	P	PPL	US		NY	103	68473		0	2	5	America/New_York	2017-05-23
7200022	Ramblewood Mobile Home Park	Ramblewood Mobile Home Park		40.94722	-72.81889	P	PPL	US		NY	103	61984		0	26	28	America/New_York	2017-05-23
7200023	Suffolk Pines	Suffolk Pines		40.82417	-72.62806	P	PPL	US		NY	103	68473		0	8	12	America/New_York	2017-05-23
7201376	Luther Forest	Luther Forest		42.96806	-73.78167	P	PPL	US		NY	091	44743		0	103	113	America/New_York	2017-05-23
7201377	Fox Wander West	Fox Wander West		42.97389	-73.78222	P	PPL	US		NY	091	44743		0	102	108	America/New_York	2017-05-23
7201379	Pine Crest Trailer Park	Pine Crest Trailer Park		42.96611	-73.79083	P	PPL	US		NY	091	44743		0	102	109	America/New_York	2017-05-23
7201380	Woodfield Estates	Woodfield Estates		42.95778	-73.78472	P	PPL	US		NY	091	44743		0	99	104	America/New_York	2017-05-23
7201381	Lake Ridge	Lake Ridge		42.93944	-73.76167	P	PPL	US		NY	091	44743		0	83	84	America/New_York	2017-05-23
7201382	Collamer Heights	Collamer Heights		42.9775	-73.78556	P	PPL	US		NY	091	44743		0	101	105	America/New_York	2017-05-23
7201383	Cramer Woods	Cramer Woods		42.98444	-73.78333	P	PPL	US		NY	091	44743		0	99	106	America/New_York	2017-05-23
7201384	Stockbridge Manor	Stockbridge Manor		42.99278	-73.7875	P	PPL	US		NY	091	44743		0	101	101	America/New_York	2017-05-23
7201385	Steeplechase At Malta	Steeplechase At Malta		42.99611	-73.78833	P	PPL	US		NY	091	44743		0	98	90	America/New_York	2017-05-23
7201386	Lakeside Acres	Lakeside Acres		43.00389	-73.76583	P	PPL	US		NY	091	44743		0	63	66	America/New_York	2017-05-23
7201388	Collamer Park	Collamer Park		42.99528	-73.79333	P	PPL	US		NY	091	44743		0	96	97	America/New_York	2017-05-23
7201389	Northway Mobile Acres	Northway Mobile Acres		42.99278	-73.79472	P	PPL	US		NY	091	44743		0	97	100	America/New_York	2017-05-23
7201390	High Pointe of Malta	High Pointe of Malta		42.98333	-73.79389	P	PPL	US		NY	091	44743		0	113	117	America/New_York	2017-05-23
7201392	Malta Gardens	Malta Gardens		42.97917	-73.79806	P	PPL	US		NY	091	44743		0	113	116	America/New_York	2017-05-23
7201393	Northway Mobile Home Estates	Northway Mobile Home Estates		42.97667	-73.79528	P	PPL	US		NY	091	44743		0	104	105	America/New_York	2017-05-23
7201397	Malta Gardens Trailer Park	Malta Gardens Trailer Park		42.95667	-73.79639	P	PPL	US		NY	091	44743		0	97	95	America/New_York	2017-05-23
7201400	Carlyle Court	Carlyle Court		42.93583	-73.82139	P	PPL	US		NY	091	44743		0	105	107	America/New_York	2017-05-23
7201401	Carlyle West	Carlyle West		42.93556	-73.83056	P	PPL	US		NY	091	04220		0	107	111	America/New_York	2017-05-23
7201402	Malta Meadows	Malta Meadows		42.94111	-73.81417	P	PPL	US		NY	091	44743		0	98	103	America/New_York	2017-05-23
7201403	Northwood Estates	Northwood Estates		42.93778	-73.81472	P	PPL	US		NY	091	44743		0	101	100	America/New_York	2017-05-23
7201404	Burton Meadows	Burton Meadows		42.94	-73.82389	P	PPL	US		NY	091	44743		0	102	104	America/New_York	2017-05-23
7201406	Marvin Woods	Marvin Woods		42.96722	-73.81722	P	PPL	US		NY	091	44743		0	87	90	America/New_York	2017-05-23
7201407	Edgewood Estates	Edgewood Estates		42.975	-73.82611	P	PPL	US		NY	091	44743		0	83	89	America/New_York	2017-05-23
7201408	Skipper Hill Farm	Skipper Hill Farm		42.98	-73.8125	P	PPL	US		NY	091	44743		0	91	92	America/New_York	2017-05-23
7201410	Camshron Mobile Home Park	Camshron Mobile Home Park		42.95389	-73.87417	P	PPL	US		NY	091	04220		0	123	124	America/New_York	2017-05-23
7201411	Bunker Hill Mobile Home Court	Bunker Hill Mobile Home Court		40.76778	-73.08806	P	PPL	US		NY	103	38000		0	17	19	America/New_York	2017-05-23
7201412	Lincoln Mobile Homes Court	Lincoln Mobile Homes Court		40.77722	-73.08111	P	PPL	US		NY	103	38000		0	18	19	America/New_York	2017-05-23
7201413	Three Mile Harbor Mobile Home Park	Three Mile Harbor Mobile Home Park		40.99639	-72.18306	P	PPL	US		NY	103	22194		0	2	3	America/New_York	2017-05-23
7201414	Cold Spring Mobile Home Park	Cold Spring Mobile Home Park		41.48056	-73.91333	P	PPL	US		NY	079	57584		0	104	103	America/New_York	2017-05-23
7201415	Knolls Trailer Court	Knolls Trailer Court		41.3925	-73.72444	P	PPL	US		NY	079	12529		0	200	205	America/New_York	2017-05-23
7201416	Hillcrest Mobile Home Park	Hillcrest Mobile Home Park		42.7625	-74.10611	P	PPL	US		NY	093	21006		0	251	257	America/New_York	2017-05-23
7201419	Kays Trailer Court	Kays Trailer Court		42.93278	-73.87861	P	PPL	US		NY	091	04220		0	131	133	America/New_York	2017-05-23
7201420	Fruitwood Acres	Fruitwood Acres		42.9225	-73.89139	P	PPL	US		NY	091	04220		0	129	132	America/New_York	2017-05-23
7201421	Orchard Park	Orchard Park		42.92806	-73.89722	P	PPL	US		NY	091	04220		0	129	126	America/New_York	2017-05-23
7201422	Vienna Heights	Vienna Heights		42.94528	-73.90417	P	PPL	US		NY	091	04220		0	135	137	America/New_York	2017-05-23
7201423	Silver Springs	Silver Springs		42.96861	-73.90167	P	PPL	US		NY	091	04220		0	144	146	America/New_York	2017-05-23
7201424	Mourningkill Estates	Mourningkill Estates		42.9775	-73.89222	P	PPL	US		NY	091	04220		0	130	134	America/New_York	2017-05-23
7201425	Tomaselli Estates	Tomaselli Estates		42.97972	-73.8575	P	PPL	US		NY	091	04220		0	104	107	America/New_York	2017-05-23
7201426	Carpenters Acres	Carpenters Acres		42.98222	-73.86194	P	PPL	US		NY	091	04220		0	110	114	America/New_York	2017-05-23
7201427	Ballston Manor	Ballston Manor		42.98583	-73.86278	P	PPL	US		NY	091	04220		0	105	114	America/New_York	2017-05-23
7201428	Covered Wagon Court	Covered Wagon Court		42.98167	-73.85917	P	PPL	US		NY	091	04220		0	111	114	America/New_York	2017-05-23
7201429	Oakwood Terrace	Oakwood Terrace		42.99167	-73.84944	P	PPL	US		NY	091	04220		0	114	116	America/New_York	2017-05-23
7201598	Stillwater Center	Stillwater Center	Stillwater Center,Stillwater Centre	42.9864	-73.6858	P	PPL	US		NY	091	71333		0	124	125	America/New_York	2017-05-23
7201651	Hillside Colony	Hillside Colony		42.94833	-73.67111	P	PPL	US		NY	091	71333		0	98	99	America/New_York	2017-05-23
7201652	Canfield Trailer Park	Canfield Trailer Park		42.95417	-73.66917	P	PPL	US		NY	091	71333		0	89	91	America/New_York	2017-05-23
7201653	Hallum Trailer Park	Hallum Trailer Park		42.94583	-73.65083	P	PPL	US		NY	091	71333		0	33	36	America/New_York	2017-05-23
7201654	Thompson Trailer Park	Thompson Trailer Park		42.95083	-73.64194	P	PPL	US		NY	091	71333		0	30	33	America/New_York	2017-05-23
7201655	Riviera Estates	Riviera Estates		42.95972	-73.6325	P	PPL	US		NY	091	71333		0	28	30	America/New_York	2017-05-23
7201659	Regency Estates Trailer Park	Regency Estates Trailer Park		43.02	-74.02917	P	PPL	US		NY	091	28112		0	256	260	America/New_York	2017-05-23
7203750	McCenithans Mobile Home Park	McCenithans Mobile Home Park		42.45361	-79.30639	P	PPL	US		NY	013	58981		0	230	227	America/New_York	2017-05-23
7203751	Hubbards Park	Hubbards Park		42.39444	-79.17278	P	PPL	US		NY	013	77530		0	425	426	America/New_York	2017-05-23
7203752	West Creek Mobile Home Park	West Creek Mobile Home Park		42.53194	-79.12167	P	PPL	US		NY	013	32050		0	232	232	America/New_York	2017-05-23
7203753	East Side Trailer Park	East Side Trailer Park		42.33472	-79.55444	P	PPL	US		NY	013	79950		0	220	223	America/New_York	2017-05-23
7203754	Crestview Estates	Crestview Estates		42.39667	-79.43972	P	PPL	US		NY	013	59421		0	211	210	America/New_York	2017-05-23
7203755	Monticello Mobile Home Park	Monticello Mobile Home Park		42.09972	-79.29611	P	PPL	US		NY	013	11451		0	402	405	America/New_York	2017-05-23
7203756	Ellicott Estates	Ellicott Estates		42.37861	-79.42667	P	PPL	US		NY	013	59421		0	253	255	America/New_York	2017-05-23
7203757	Cherry Creek Mobile Home Park	Cherry Creek Mobile Home Park		42.29083	-79.10861	P	PPL	US		NY	013	15198		0	428	430	America/New_York	2017-05-23
7203758	Falconer Mobile Home Park	Falconer Mobile Home Park		42.12	-79.18639	P	PPL	US		NY	013	23998		0	383	387	America/New_York	2017-05-23
7203810	Childwold Park	Childwold Park		44.2624	-74.641	P	PPL	US		NY	089	57716		0	469	473	America/New_York	2017-05-23
7203814	Hollywood (historical)	Hollywood (historical)		44.385	-74.73056	P	PPLQ	US		NY	089	17409		0	422	420	America/New_York	2017-05-23
7203816	Indian Fields (historical)	Indian Fields (historical)		42.49278	-73.94444	P	PPLQ	US		NY	001	16694		0	189	191	America/New_York	2017-05-23
7203826	Albrights	Albrights		42.42639	-73.81611	P	PPL	US		NY	039	49935		0	76	84	America/New_York	2017-05-23
7220145	Applewood Community	Applewood Community		43.08861	-75.36056	P	PPL	US		NY	065	50309		0	180	179	America/New_York	2017-05-23
7220146	Brookside Manor	Brookside Manor		43.03444	-75.27389	P	PPL	US		NY	065	50309		0	208	207	America/New_York	2017-05-23
7220147	Camelot Village	Camelot Village		43.17167	-75.42444	P	PPL	US		NY	065	80533		0	181	181	America/New_York	2017-05-23
7220148	Heritage Acres	Heritage Acres		43.10833	-75.1675	P	PPL	US		NY	065	76540		0	139	142	America/New_York	2017-05-23
7220149	Leisure Village	Leisure Village		43.29222	-75.60778	P	PPL	US		NY	065	02253		0	175	173	America/New_York	2017-05-23
7220150	Verona Mobile Home Park	Verona Mobile Home Park		43.13694	-75.59389	P	PPL	US		NY	065	77178		0	140	142	America/New_York	2017-05-23
7220151	K And B Mobile Home Park	K And B Mobile Home Park		43.00528	-75.24694	P	PPL	US		NY	065	56330		0	272	272	America/New_York	2017-05-23
7220152	Mapledale Acres	Mapledale Acres		43.25194	-75.19028	P	PPL	US		NY	065	75280		0	243	244	America/New_York	2017-05-23
7220153	Millgate Meadows	Millgate Meadows		43.09028	-75.36833	P	PPL	US		NY	065	39804		0	164	165	America/New_York	2017-05-23
7220154	Green Acres	Green Acres		43.19306	-75.19083	P	PPL	US		NY	065	75280		0	350	348	America/New_York	2017-05-23
7220155	Baileys Mobile Home Park	Baileys Mobile Home Park		43.33722	-75.09611	P	PPL	US		NY	065	61126		0	384	388	America/New_York	2017-05-23
7220156	Boyd Manor	Boyd Manor		43.14194	-75.50694	P	PPL	US		NY	065	80533		0	170	167	America/New_York	2017-05-23
7220157	Collins Mobile Home Park	Collins Mobile Home Park		43.29389	-75.60639	P	PPL	US		NY	065	02253		0	174	177	America/New_York	2017-05-23
7220158	Glenridge Mobile Home Park	Glenridge Mobile Home Park		43.31778	-75.62583	P	PPL	US		NY	065	02253		0	203	199	America/New_York	2017-05-23
7220159	Quiet Valley Trailer Park	Quiet Valley Trailer Park		43.02278	-75.50722	P	PPL	US		NY	065	77123		0	252	249	America/New_York	2017-05-23
7220160	Signal Mobile Home Park	Signal Mobile Home Park		42.96972	-75.43639	P	PPL	US		NY	065	45755		0	268	269	America/New_York	2017-05-23
7220161	Stoneybrook Mobile Terrace	Stoneybrook Mobile Terrace		43.30583	-75.47528	P	PPL	US		NY	065	41762		0	203	202	America/New_York	2017-05-23
7220162	Twin Ponds Mobile Home Park	Twin Ponds Mobile Home Park		43.20722	-75.35722	P	PPL	US		NY	065	26385		0	153	156	America/New_York	2017-05-23
7220163	Westons Mobile Home Park	Westons Mobile Home Park		43.21694	-75.33833	P	PPL	US		NY	065	26385		0	167	169	America/New_York	2017-05-23
7220164	Willow Place	Willow Place		43.1175	-75.59722	P	PPL	US		NY	065	77178		0	152	149	America/New_York	2017-05-23
7220165	Breezy Acres Mobile Home Park	Breezy Acres Mobile Home Park		43.20972	-75.35	P	PPL	US		NY	065	26385		0	161	162	America/New_York	2017-05-23
7220166	Pine Village Estates	Pine Village Estates		42.93194	-75.24167	P	PPL	US		NY	065	08180		0	385	382	America/New_York	2017-05-23
7220167	Sauquoit Mobile Home Park	Sauquoit Mobile Home Park		43.00778	-75.25111	P	PPL	US		NY	065	56330		0	256	257	America/New_York	2017-05-23
7220168	Vernon Downs Mobile Home Park	Vernon Downs Mobile Home Park		43.06917	-75.53583	P	PPL	US		NY	065	77123		0	204	203	America/New_York	2017-05-23
7220169	Wilbers Mobile Home Park	Wilbers Mobile Home Park		43.23139	-75.38222	P	PPL	US		NY	065	26385		0	177	175	America/New_York	2017-05-23
7220170	Fitchs Mobile Home Park	Fitchs Mobile Home Park		42.87667	-75.25806	P	PPL	US		NY	065	08180		0	382	383	America/New_York	2017-05-23
7220171	Lil Fair Mobile Home Park	Lil Fair Mobile Home Park		43.295	-75.47417	P	PPL	US		NY	065	41762		0	182	180	America/New_York	2017-05-23
7220172	Delta Lake Trailer Court	Delta Lake Trailer Court		43.30667	-75.42444	P	PPL	US		NY	065	79862		0	195	193	America/New_York	2017-05-23
7220173	Evergreen Hills Mobile Home Community	Evergreen Hills Mobile Home Community		43.27167	-75.56694	P	PPL	US		NY	065	41762		0	141	144	America/New_York	2017-05-23
7220174	Maple Grove	Maple Grove		43.20861	-75.31583	P	PPL	US		NY	065	26385		0	163	163	America/New_York	2017-05-23
7220175	Maple Lane Mobile Home Park	Maple Lane Mobile Home Park		43.525	-75.31	P	PPL	US		NY	049	43995		0	282	282	America/New_York	2017-05-23
7220176	Tuxedo Mobile Home Park	Tuxedo Mobile Home Park		43.20583	-75.41778	P	PPL	US		NY	065	63418		0	137	136	America/New_York	2017-05-23
7220334	Casual Estates	Casual Estates		43.16667	-76.2475	P	PPL	US		NY	067	16067		0	113	114	America/New_York	2017-05-23
7220335	Parc du Bois	Parc du Bois		42.91972	-76.12722	P	PPL	US		NY	067	40266		0	331	330	America/New_York	2017-05-23
7220336	Champion Mobile Home Park	Champion Mobile Home Park		43.04111	-76.41444	P	PPL	US		NY	067	23800		0	146	146	America/New_York	2017-05-23
7220337	Lemoyne Mobile Home Park	Lemoyne Mobile Home Park		43.08556	-76.14806	P	PPL	US		NY	067	64815		0	128	128	America/New_York	2017-05-23
7220338	Delphi Falls Park	Delphi Falls Park		42.88	-75.91167	P	PPL	US		NY	067	59036		0	282	285	America/New_York	2017-05-23
7220339	Edgebrook Mobile Home Park	Edgebrook Mobile Home Park		43.11139	-75.96556	P	PPL	US		NY	053	71993		0	122	124	America/New_York	2017-05-23
7220340	Tall Pines Village	Tall Pines Village		43.09472	-75.92889	P	PPL	US		NY	053	71993		0	124	125	America/New_York	2017-05-23
7220341	Winter Mobile Home Park	Winter Mobile Home Park		43.03667	-76.42889	P	PPL	US		NY	067	23800		0	164	167	America/New_York	2017-05-23
7220342	Pleasant View	Pleasant View		43.10167	-76.24667	P	PPL	US		NY	067	28519		0	121	123	America/New_York	2017-05-23
7220343	Cliffside Trailer Park	Cliffside Trailer Park		43.00167	-76.1	P	PPL	US		NY	067	20478		0	176	175	America/New_York	2017-05-23
7220344	Green Valley Mobile Manor	Green Valley Mobile Manor		42.91	-76.07167	P	PPL	US		NY	067	40266		0	246	251	America/New_York	2017-05-23
7220345	Tully Mobile Home Park	Tully Mobile Home Park		42.77694	-76.11694	P	PPL	US		NY	023	59773		0	371	376	America/New_York	2017-05-23
7220346	Rolling Hills Mobile Home Court	Rolling Hills Mobile Home Court		43.03917	-76.42278	P	PPL	US		NY	067	23800		0	162	162	America/New_York	2017-05-23
7220347	Breezy Acres	Breezy Acres		42.96583	-76.07278	P	PPL	US		NY	067	40266		0	217	218	America/New_York	2017-05-23
7220348	Foland Trailer Park	Foland Trailer Park		43.07972	-76.10222	P	PPL	US		NY	067	20478		0	118	124	America/New_York	2017-05-23
7220549	Whipple Park	Whipple Park		43.10833	-77.63611	P	PPL	US		NY	055	08246		0	165	167	America/New_York	2017-05-23
7220708	County Line Mobile Home Park	County Line Mobile Home Park		43.23083	-78.00028	P	PPL	US		NY	073	49286		0	151	148	America/New_York	2017-05-23
7220709	Harper Park	Harper Park		43.31556	-77.94083	P	PPL	US		NY	055	31797		0	95	96	America/New_York	2017-05-23
7220710	Harper Park Rochester	Harper Park Rochester		43.12611	-77.51222	P	PPL	US		NY	055	57144		0	136	137	America/New_York	2017-05-23
7220711	Sunset Valley Manufactured Home Community	Sunset Valley Manufactured Home Community		43.20861	-77.46778	P	PPL	US		NY	055	78971		0	127	128	America/New_York	2017-05-23
7220712	September Place Mobile Home Park	September Place Mobile Home Park		43.21972	-77.76583	P	PPL	US		NY	055	56561		0	128	130	America/New_York	2017-05-23
7220713	Sebastian Mobile Home Park	Sebastian Mobile Home Park		43.12694	-77.51306	P	PPL	US		NY	055	57144		0	135	136	America/New_York	2017-05-23
7220714	Clarkson Mobile Home Park	Clarkson Mobile Home Park		43.23083	-77.92472	P	PPL	US		NY	055	15957		0	133	135	America/New_York	2017-05-23
7220715	Evergreen Mobile Home Park	Evergreen Mobile Home Park		43.11472	-77.66694	P	PPL	US		NY	055	15462		0	165	165	America/New_York	2017-05-23
7220716	Greenridge Mobile Home Park	Greenridge Mobile Home Park		43.22333	-77.89444	P	PPL	US		NY	055	15957		0	134	133	America/New_York	2017-05-23
7223024	Blue Ridge Mobile Home Park	Blue Ridge Mobile Home Park		41.99972	-75.79139	P	PPL	US		NY	007	17772		0	291	296	America/New_York	2017-05-23
7223045	Country Manor	Country Manor		42.19583	-75.70778	P	PPL	US		NY	007	17046		0	505	507	America/New_York	2017-05-23
7223046	Forest Manor	Forest Manor		42.21833	-75.81972	P	PPL	US		NY	007	25604		0	294	295	America/New_York	2017-05-23
7223047	Wooded Estates	Wooded Estates		42.19917	-75.68556	P	PPL	US		NY	007	17046		0	463	461	America/New_York	2017-05-23
7223048	Fenton Mobile Home Park	Fenton Mobile Home Park		42.20889	-75.81722	P	PPL	US		NY	007	25604		0	308	304	America/New_York	2017-05-23
7223049	Flannerys Mobile Home Park	Flannerys Mobile Home Park		42.20111	-75.69028	P	PPL	US		NY	007	17046		0	480	476	America/New_York	2017-05-23
7223050	Forest View Mobile Home Park	Forest View Mobile Home Park		42.05944	-75.74944	P	PPL	US		NY	007	82535		0	478	480	America/New_York	2017-05-23
7223051	Kintner Estates Mobile Home Park	Kintner Estates Mobile Home Park		42.00778	-76.00472	P	PPL	US		NY	007	77255		0	315	316	America/New_York	2017-05-23
7223052	Kirkwood Mobile Home Court	Kirkwood Mobile Home Court		42.10556	-75.84833	P	PPL	US		NY	007	39837		0	282	285	America/New_York	2017-05-23
7223053	Meadowbrooke Estates	Meadowbrooke Estates		42.32472	-75.97306	P	PPL	US		NY	007	75319		0	313	309	America/New_York	2017-05-23
7223055	Oakwoods Mobile Home Court	Oakwoods Mobile Home Court		42.18889	-76.05833	P	PPL	US		NY	007	44611		0	278	276	America/New_York	2017-05-23
7223056	Dorchester Estates	Dorchester Estates		42.345	-75.96583	P	PPL	US		NY	007	75319		0	318	322	America/New_York	2017-05-23
7223057	Lees Mobile Home Park	Lees Mobile Home Park		42.19139	-75.8775	P	PPL	US		NY	007	15110		0	270	271	America/New_York	2017-05-23
7223058	Virginia City Mobile Home Court	Virginia City Mobile Home Court		42.20778	-75.82194	P	PPL	US		NY	007	25604		0	298	295	America/New_York	2017-05-23
7223059	Maine Mobile Park	Maine Mobile Park		42.16056	-76.06944	P	PPL	US		NY	007	44611		0	269	269	America/New_York	2017-05-23
7223061	Mountain View Trailer Park	Mountain View Trailer Park		42.1875	-75.82167	P	PPL	US		NY	007	25604		0	271	270	America/New_York	2017-05-23
7223062	Riverside Mobile Home Park	Riverside Mobile Home Park		42.16306	-75.86917	P	PPL	US		NY	007	25604		0	273	266	America/New_York	2017-05-23
7223063	Twining Trailer Park	Twining Trailer Park		42.17889	-76.065	P	PPL	US		NY	007	44611		0	277	278	America/New_York	2017-05-23
7223064	Fountain Blue Mobile Home Park	Fountain Blue Mobile Home Park		42.00611	-75.78056	P	PPL	US		NY	007	17772		0	282	284	America/New_York	2017-05-23
7223065	Pine Manor	Pine Manor		42.1	-75.86167	P	PPL	US		NY	007	17772		0	258	258	America/New_York	2017-05-23
7223066	Quick Mobile Home Park	Quick Mobile Home Park		42.19806	-76.08639	P	PPL	US		NY	107	49913		0	427	427	America/New_York	2017-05-23
7223067	Hickory Ridge Mobile Home Park	Hickory Ridge Mobile Home Park		42.18556	-75.82306	P	PPL	US		NY	007	25604		0	268	269	America/New_York	2017-05-23
7223068	Fortress Estates	Fortress Estates		42.16972	-75.905	P	PPL	US		NY	007	15110		0	321	319	America/New_York	2017-05-23
7223069	Creekside Village	Creekside Village		42.18333	-75.63056	P	PPL	US		NY	007	17046		0	309	314	America/New_York	2017-05-23
7223070	Occanum Falls Mobile Home Park	Occanum Falls Mobile Home Park		42.07778	-75.66722	P	PPL	US		NY	007	82535		0	320	326	America/New_York	2017-05-23
7223071	Riverview Mobile Home Community	Riverview Mobile Home Community		42.14389	-75.90194	P	PPL	US		NY	007	15110		0	261	262	America/New_York	2017-05-23
7223900	Humphreysville	Humphreysville		42.19	-73.76944	P	PPL	US		NY	021	30565		0	56	57	America/New_York	2017-05-23
7223902	Cherry Hill	Cherry Hill		42.20472	-73.785	P	PPL	US		NY	021	30565		0	64	64	America/New_York	2017-05-23
7224293	Green Meadows Park	Green Meadows Park		43.07417	-77.03833	P	PPL	US		NY	117	02440		0	138	140	America/New_York	2017-05-23
7224294	Whispering Woods	Whispering Woods		43.22889	-77.1975	P	PPL	US		NY	117	82040		0	129	127	America/New_York	2017-05-23
7224295	Galvins Mobile Home Park	Galvins Mobile Home Park		43.19694	-77.30167	P	PPL	US		NY	117	78102		0	146	147	America/New_York	2017-05-23
7224296	Hidden Valley Mobile Home Park	Hidden Valley Mobile Home Park		43.13889	-77.23722	P	PPL	US		NY	117	45645		0	153	154	America/New_York	2017-05-23
7224297	Willow Creek Estates	Willow Creek Estates		43.02556	-77.22528	P	PPL	US		NY	069	44864		0	164	166	America/New_York	2017-05-23
7224298	Orchard Grove Village Park	Orchard Grove Village Park		43.22444	-77.26833	P	PPL	US		NY	117	55013		0	127	128	America/New_York	2017-05-23
7224299	Valley View Mobile Home Park	Valley View Mobile Home Park		43.04194	-77.205	P	PPL	US		NY	117	56198		0	172	172	America/New_York	2017-05-23
7224300	Hillcrest Trailer Court	Hillcrest Trailer Court		43.08472	-77.35056	P	PPL	US		NY	117	44160		0	157	156	America/New_York	2017-05-23
7224301	Vienna Estates	Vienna Estates		43.015	-77.07806	P	PPL	US		NY	117	02440		0	170	168	America/New_York	2017-05-23
7224302	Arrowhead Mobile Home Park	Arrowhead Mobile Home Park		43.09472	-77.35028	P	PPL	US		NY	117	44160		0	155	155	America/New_York	2017-05-23
7224303	Mayo Park	Mayo Park		43.03444	-77.07833	P	PPL	US		NY	117	02440		0	135	135	America/New_York	2017-05-23
7224304	Alton Mobile Home Park	Alton Mobile Home Park		43.21278	-76.97861	P	PPL	US		NY	117	68220		0	113	113	America/New_York	2017-05-23
7224518	Hickory Square	Hickory Square		43.21778	-76.82333	P	PPL	US		NY	117	82689		0	112	111	America/New_York	2017-05-23
7224519	Marquart Village	Marquart Village		43.09278	-77.24167	P	PPL	US		NY	117	56198		0	146	146	America/New_York	2017-05-23
7224520	Sodus Mobile Home Park	Sodus Mobile Home Park		43.22694	-77.02917	P	PPL	US		NY	117	68220		0	127	127	America/New_York	2017-05-23
7224521	Trolley Bed Road Park	Trolley Bed Road Park		43.05722	-77.19556	P	PPL	US		NY	117	56198		0	145	143	America/New_York	2017-05-23
7224522	Idlewood On The Lake	Idlewood On The Lake		43.26917	-77.01	P	PPL	US		NY	117	68220		0	103	107	America/New_York	2017-05-23
7224975	Oak Orchard Estates	Oak Orchard Estates		43.25556	-78.19944	P	PPL	US		NY	073	27958		0	152	154	America/New_York	2017-05-23
7224976	Thomas Estates West	Thomas Estates West		43.1925	-78.01056	P	PPL	US		NY	073	15880		0	185	186	America/New_York	2017-05-23
7224977	Heritage Estates	Heritage Estates		43.25444	-78.18222	P	PPL	US		NY	073	27958		0	156	155	America/New_York	2017-05-23
7224978	Westside Mobile Home Park	Westside Mobile Home Park		43.24667	-78.20611	P	PPL	US		NY	073	01044		0	156	158	America/New_York	2017-05-23
7224979	Applewood Mobile Home Estates	Applewood Mobile Home Estates		43.21861	-78.41056	P	PPL	US		NY	073	61742		0	162	163	America/New_York	2017-05-23
7224980	Lakewood Village	Lakewood Village		43.21028	-78.40083	P	PPL	US		NY	073	66751		0	168	170	America/New_York	2017-05-23
7224981	Country Meadows	Country Meadows		43.00611	-78.14278	P	PPL	US		NY	037	04726		0	268	269	America/New_York	2017-05-23
7224982	Genesee West	Genesee West		43.00167	-78.14639	P	PPL	US		NY	037	04726		0	275	276	America/New_York	2017-05-23
7224983	Barbary Coast	Barbary Coast		43.06889	-77.9625	P	PPL	US		NY	037	06057		0	204	203	America/New_York	2017-05-23
7224984	Ridgewood Village	Ridgewood Village		43.01417	-78.26722	P	PPL	US		NY	037	04726		0	275	274	America/New_York	2017-05-23
7224985	Valley View Park	Valley View Park		42.91083	-78.00417	P	PPL	US		NY	037	56792		0	311	311	America/New_York	2017-05-23
7224986	Apple Grove Mobile Home Park	Apple Grove Mobile Home Park		43.01417	-78.26972	P	PPL	US		NY	037	04726		0	274	274	America/New_York	2017-05-23
7224987	Harper Park	Harper Park		42.98028	-77.94528	P	PPL	US		NY	037	42037		0	242	242	America/New_York	2017-05-23
7224988	Dreamland Mobile Home Park	Dreamland Mobile Home Park		43.00556	-78.2475	P	PPL	US		NY	037	04726		0	268	269	America/New_York	2017-05-23
7224989	Hidden Meadows	Hidden Meadows		43.05694	-77.95194	P	PPL	US		NY	037	06057		0	207	206	America/New_York	2017-05-23
7224990	Hilltop Acres Mobile Home Park	Hilltop Acres Mobile Home Park		42.81861	-78.00222	P	PPL	US		NY	121	18696		0	372	372	America/New_York	2017-05-23
7224991	West Bank Mobile Home Park	West Bank Mobile Home Park		42.90306	-78.27	P	PPL	US		NY	037	01165		0	315	316	America/New_York	2017-05-23
7224992	Antones's Mobile Home Park	Antones's Mobile Home Park		43.02111	-78.43333	P	PPL	US		NY	037	57078		0	254	256	America/New_York	2017-05-23
7224993	Batavia Downs Trailer Park (Historical)	Batavia Downs Trailer Park (Historical)		43.01333	-78.20389	P	PPLH	US		NY	037	04726		0	275	275	America/New_York	2017-05-23
7225221	Edgewood Acres Mobile Home Park	Edgewood Acres Mobile Home Park		42.35611	-73.61222	P	PPL	US		NY	021	28871		0	142	143	America/New_York	2017-05-23
7225222	Golden Acres	Golden Acres		42.40361	-73.61806	P	PPL	US		NY	021	14014		0	89	91	America/New_York	2017-05-23
7225223	Burvey Mobile Home Park	Burvey Mobile Home Park		42.36444	-73.59694	P	PPL	US		NY	021	14014		0	141	140	America/New_York	2017-05-23
7225224	Hanson Trailer Park	Hanson Trailer Park		42.43861	-73.71528	P	PPL	US		NY	021	39573		0	70	71	America/New_York	2017-05-23
7225225	Hollowville Trailer Park	Hollowville Trailer Park		42.20472	-73.69639	P	PPL	US		NY	021	16045		0	93	94	America/New_York	2017-05-23
7225226	Paulies Mobile Home Park	Paulies Mobile Home Park		42.30028	-73.72	P	PPL	US		NY	021	28871		0	62	63	America/New_York	2017-05-23
7225227	Hansons Mobile Home Park	Hansons Mobile Home Park		42.47306	-73.43222	P	PPL	US		NY	021	50452		0	206	208	America/New_York	2017-05-23
7225228	Stones Mobile Manor	Stones Mobile Manor		42.46111	-73.69444	P	PPL	US		NY	021	39573		0	85	92	America/New_York	2017-05-23
7225229	Breezy Hills Mobile Home Park	Breezy Hills Mobile Home Park		42.37556	-73.57722	P	PPL	US		NY	021	14014		0	172	169	America/New_York	2017-05-23
7225230	Dwarf Orchard Park	Dwarf Orchard Park		42.42417	-73.69278	P	PPL	US		NY	021	39573		0	89	91	America/New_York	2017-05-23
7225231	Feddes Mobile Home Park	Feddes Mobile Home Park		42.26417	-73.92722	P	PPL	US		NY	039	13013		0	51	48	America/New_York	2017-05-23
7225232	Moores Mobile Home Park	Moores Mobile Home Park		42.31861	-74.43361	P	PPL	US		NY	039	59751		0	351	351	America/New_York	2017-05-23
7225233	Kiskaton Mobile Home Park	Kiskaton Mobile Home Park		42.20028	-73.95333	P	PPL	US		NY	039	13013		0	94	93	America/New_York	2017-05-23
7225259	Pinewoods Mobile Home Park	Pinewoods Mobile Home Park		42.30944	-75.79222	P	PPL	US		NY	017	30422		0	290	286	America/New_York	2017-05-23
7225260	Kelsey Brook Trailer Court	Kelsey Brook Trailer Court		42.2725	-75.54222	P	PPL	US		NY	017	00353		0	336	335	America/New_York	2017-05-23
7225261	Maple Grove East	Maple Grove East		42.53361	-75.5075	P	PPL	US		NY	017	53979		0	299	302	America/New_York	2017-05-23
7225262	Valley View Mobile Home Park	Valley View Mobile Home Park		42.55861	-75.53194	P	PPL	US		NY	017	53297		0	342	341	America/New_York	2017-05-23
7225362	Livingston Mobile Home Park	Livingston Mobile Home Park		42.91278	-77.61028	P	PPL	US		NY	051	42334		0	238	238	America/New_York	2017-05-23
7225794	Saratoga Mobile Home Park	Saratoga Mobile Home Park		43.07083	-73.7875	P	PPL	US		NY	091	65255		0	99	97	America/New_York	2017-05-23
7225800	Country Acres Trailer Park	Country Acres Trailer Park		43.04806	-73.87222	P	PPL	US		NY	091	47537		0	131	136	America/New_York	2017-05-23
7225801	Hidden Acres Mobile Court	Hidden Acres Mobile Court		43.03667	-73.86333	P	PPL	US		NY	091	47537		0	127	128	America/New_York	2017-05-23
7225802	Milton Oaks	Milton Oaks		43.03806	-73.85722	P	PPL	US		NY	091	47537		0	129	133	America/New_York	2017-05-23
7225803	Milton Heights	Milton Heights		43.03806	-73.85194	P	PPL	US		NY	091	47537		0	128	130	America/New_York	2017-05-23
7225804	Geyser Gates	Geyser Gates		43.04	-73.85222	P	PPL	US		NY	091	47537		0	130	132	America/New_York	2017-05-23
7225807	Deer Run	Deer Run		43.04944	-73.84722	P	PPL	US		NY	091	47537		0	131	128	America/New_York	2017-05-23
7225808	Evergreen Point	Evergreen Point		43.05694	-73.83472	P	PPL	US		NY	091	65255		0	100	110	America/New_York	2017-05-23
7225810	Geyser Crest	Geyser Crest		43.04667	-73.83056	P	PPL	US		NY	091	65255		0	107	113	America/New_York	2017-05-23
7225811	Milton Manor	Milton Manor		43.04167	-73.84556	P	PPL	US		NY	091	47537		0	129	129	America/New_York	2017-05-23
7225812	Coachman Estates	Coachman Estates		43.03583	-73.84417	P	PPL	US		NY	091	47537		0	124	129	America/New_York	2017-05-23
7225813	Woodland Court	Woodland Court		43.02917	-73.85611	P	PPL	US		NY	091	47537		0	127	134	America/New_York	2017-05-23
7225814	Juniper Acres	Juniper Acres		43.02694	-73.85444	P	PPL	US		NY	091	47537		0	126	134	America/New_York	2017-05-23
7225816	Country Manor Trailer Court	Country Manor Trailer Court		43.02806	-73.86889	P	PPL	US		NY	091	47537		0	115	115	America/New_York	2017-05-23
7225817	Chris Mobile Home Park	Chris Mobile Home Park		43.025	-73.86889	P	PPL	US		NY	091	47537		0	109	113	America/New_York	2017-05-23
7225820	Sherwood Forest	Sherwood Forest		43.07389	-73.82778	P	PPL	US		NY	091	65255		0	100	104	America/New_York	2017-05-23
7225821	Heritage Manor	Heritage Manor		43.0825	-73.82083	P	PPL	US		NY	091	65255		0	101	98	America/New_York	2017-05-23
7225822	Travers Manor	Travers Manor		43.08222	-73.81583	P	PPL	US		NY	091	65255		0	100	100	America/New_York	2017-05-23
7225824	Birch Run	Birch Run		43.09111	-73.79639	P	PPL	US		NY	091	65255		0	116	114	America/New_York	2017-05-23
7225826	Country Squire Estates	Country Squire Estates		43.10028	-73.82111	P	PPL	US		NY	091	30444		0	118	119	America/New_York	2017-05-23
7225827	Daniel Corners Trailer Park	Daniel Corners Trailer Park		43.09917	-73.83639	P	PPL	US		NY	091	30444		0	150	154	America/New_York	2017-05-23
7225828	Utters Mobile Home Park	Utters Mobile Home Park		43.09389	-73.83417	P	PPL	US		NY	091	30444		0	126	126	America/New_York	2017-05-23
7225829	Grange Road Mobile Estates	Grange Road Mobile Estates		43.10222	-73.84889	P	PPL	US		NY	091	30444		0	174	177	America/New_York	2017-05-23
7225830	Brookview Village Mobile Home Park	Brookview Village Mobile Home Park		43.11194	-73.8425	P	PPL	US		NY	091	30444		0	196	192	America/New_York	2017-05-23
7225832	Sabre Springs	Sabre Springs		43.11861	-73.84028	P	PPL	US		NY	091	30444		0	198	203	America/New_York	2017-05-23
7225833	The Meadows	The Meadows		43.09694	-73.77389	P	PPL	US		NY	091	30444		0	98	96	America/New_York	2017-05-23
7225834	Loughberry Mobile Home Park	Loughberry Mobile Home Park		43.09833	-73.75694	P	PPL	US		NY	091	82403		0	97	99	America/New_York	2017-05-23
7225835	Birch Acres	Birch Acres		43.09972	-73.755	P	PPL	US		NY	091	82403		0	97	101	America/New_York	2017-05-23
7225836	Lakewood Estates	Lakewood Estates		43.08667	-73.75306	P	PPL	US		NY	091	65255		0	92	96	America/New_York	2017-05-23
7225837	Saratoga West Mobile Home Park	Saratoga West Mobile Home Park		43.04167	-73.8525	P	PPL	US		NY	091	47537		0	131	133	America/New_York	2017-05-23
7226496	Bluebird Knolls Trailer Park	Bluebird Knolls Trailer Park		43.28444	-73.61833	P	PPL	US		NY	091	48318		0	100	101	America/New_York	2017-05-23
7226497	Bluebird Trailer Park	Bluebird Trailer Park		43.27944	-73.62583	P	PPL	US		NY	091	48318		0	104	107	America/New_York	2017-05-23
7226498	Pruyn Crest	Pruyn Crest		43.28444	-73.64611	P	PPL	US		NY	091	48318		0	107	110	America/New_York	2017-05-23
7226499	Evergreen Trailer Park	Evergreen Trailer Park		43.27472	-73.64972	P	PPL	US		NY	091	48318		0	105	105	America/New_York	2017-05-23
7226500	Pine Valley	Pine Valley		43.27444	-73.65333	P	PPL	US		NY	091	48318		0	105	109	America/New_York	2017-05-23
7226501	Sweets Trailer Park	Sweets Trailer Park		43.26889	-73.65333	P	PPL	US		NY	091	48318		0	106	110	America/New_York	2017-05-23
7226502	Shady Pines Trailer Park	Shady Pines Trailer Park		43.27083	-73.64861	P	PPL	US		NY	091	48318		0	105	107	America/New_York	2017-05-23
7226503	Lamplighter Acres	Lamplighter Acres		43.255	-73.67056	P	PPL	US		NY	091	48318		0	106	107	America/New_York	2017-05-23
7226504	Spier Pines	Spier Pines		43.25472	-73.68722	P	PPL	US		NY	091	48318		0	106	108	America/New_York	2017-05-23
7226505	English Village	English Village		43.24806	-73.68333	P	PPL	US		NY	091	48318		0	106	107	America/New_York	2017-05-23
7226506	Strawberry Acres	Strawberry Acres		43.24611	-73.66583	P	PPL	US		NY	091	48318		0	104	109	America/New_York	2017-05-23
7226507	Sandy Oaks	Sandy Oaks		43.24694	-73.66056	P	PPL	US		NY	091	48318		0	105	108	America/New_York	2017-05-23
7226508	White Birch Estates	White Birch Estates		43.25389	-73.65194	P	PPL	US		NY	091	48318		0	103	108	America/New_York	2017-05-23
7226509	Gregory Manor	Gregory Manor		43.25528	-73.64694	P	PPL	US		NY	091	48318		0	102	101	America/New_York	2017-05-23
7226510	Sunset Hill Downs	Sunset Hill Downs		43.26389	-73.59833	P	PPL	US		NY	091	48318		0	69	75	America/New_York	2017-05-23
7226511	Trotterview Trailer Park	Trotterview Trailer Park		43.06056	-73.77944	P	PPL	US		NY	091	65255		0	95	102	America/New_York	2017-05-23
7226513	Saratoga Estates	Saratoga Estates		43.06861	-73.79306	P	PPL	US		NY	091	65255		0	96	99	America/New_York	2017-05-23
7226514	Victoria Gardens	Victoria Gardens		43.08722	-73.76417	P	PPL	US		NY	091	65255		0	92	98	America/New_York	2017-05-23
7226516	Independence Square	Independence Square		43.08056	-73.75139	P	PPL	US		NY	091	65255		0	81	81	America/New_York	2017-05-23
7226823	King Edward Knolls	King Edward Knolls		43.25889	-73.57778	P	PPL	US		NY	115	26781		0	63	63	America/New_York	2017-05-23
7226830	Country Acres	Country Acres		43.32472	-73.57472	P	PPL	US		NY	115	39650		0	89	90	America/New_York	2017-05-23
7226948	Della Mobile Estates	Della Mobile Estates		43.14528	-73.88806	P	PPL	US		NY	091	30444		0	202	204	America/New_York	2017-05-23
7226949	Antone Mountain Mobile Home Park	Antone Mountain Mobile Home Park		43.27417	-73.8425	P	PPL	US		NY	091	18223		0	206	205	America/New_York	2017-05-23
7226951	Ravenwood Estates	Ravenwood Estates		43.03333	-73.3725	P	PPL	US		NY	115	81578		0	153	154	America/New_York	2017-05-23
7226952	Dix Mobile Home Park	Dix Mobile Home Park		43.31722	-73.59444	P	PPL	US		NY	115	39650		0	89	90	America/New_York	2017-05-23
7226953	Whitehall Mobile Home Park	Whitehall Mobile Home Park		43.53722	-73.40889	P	PPL	US		NY	115	81633		0	41	42	America/New_York	2017-05-23
7229775	Varsity Village	Varsity Village		43.13917	-79.03667	P	PPL	US		NY	063	42158		0	181	183	America/New_York	2017-05-23
7231814	Hamar Estates	Hamar Estates		42.19056	-76.31	P	PPL	US		NY	107	12221		0	265	266	America/New_York	2017-05-23
7231815	Hillview Terrace Mobile Home Park	Hillview Terrace Mobile Home Park		42.32806	-76.44278	P	PPL	US		NY	109	19620		0	380	381	America/New_York	2017-05-23
7231816	Mountain View Mobile Home Park	Mountain View Mobile Home Park		42.08889	-76.29611	P	PPL	US		NY	107	73968		0	257	258	America/New_York	2017-05-23
7231817	Owego Heights	Owego Heights		42.14833	-76.29444	P	PPL	US		NY	107	73968		0	270	272	America/New_York	2017-05-23
7231818	Valley Mobile Home Park	Valley Mobile Home Park		42.17333	-76.23028	P	PPL	US		NY	107	55893		0	278	280	America/New_York	2017-05-23
7231819	Howland Mobile Home Park	Howland Mobile Home Park		42.02528	-76.39528	P	PPL	US		NY	107	51121		0	239	240	America/New_York	2017-05-23
7231820	Maple Lane Mobile Home Park	Maple Lane Mobile Home Park		42.00944	-76.48611	P	PPL	US		NY	107	04671		0	243	241	America/New_York	2017-05-23
7231821	Pebble Hill Mobile Home Park	Pebble Hill Mobile Home Park		42.15	-76.29806	P	PPL	US		NY	107	73968		0	265	264	America/New_York	2017-05-23
7231822	Cedar Park Terrace	Cedar Park Terrace		42.01389	-76.51917	P	PPL	US		NY	107	04671		0	253	254	America/New_York	2017-05-23
7231823	Jewell Mobile Home Park	Jewell Mobile Home Park		42.19056	-76.3125	P	PPL	US		NY	107	12221		0	265	264	America/New_York	2017-05-23
7231824	Airways Mobile Home Park	Airways Mobile Home Park		42.08694	-76.30056	P	PPL	US		NY	107	73968		0	254	256	America/New_York	2017-05-23
7231825	Crimson Mobile Home Court	Crimson Mobile Home Court		42.23556	-76.33639	P	PPL	US		NY	107	12221		0	274	275	America/New_York	2017-05-23
7231826	Maple Shade Trailer Park	Maple Shade Trailer Park		42.08872	-76.29664	P	PPL	US		NY	107	73968		0	257	257	America/New_York	2017-05-23
7231827	Park Terrace	Park Terrace		42.01056	-76.49972	P	PPL	US		NY	107	04671		0	258	255	America/New_York	2017-05-23
7231828	Pine Tree Mobile Home Park	Pine Tree Mobile Home Park		42.14833	-76.29944	P	PPL	US		NY	107	73968		0	258	258	America/New_York	2017-05-23
7231829	Van Housen Mobile Home Park	Van Housen Mobile Home Park		42.0875	-76.30444	P	PPL	US		NY	107	73968		0	252	253	America/New_York	2017-05-23
7231840	Post Trailer Park	Post Trailer Park		42.06083	-76.10944	P	PPL	US		NY	107	55893		0	283	285	America/New_York	2017-05-23
7231841	Stephens Trailer Park	Stephens Trailer Park		42.06333	-76.10861	P	PPL	US		NY	107	55893		0	261	263	America/New_York	2017-05-23
7234423	Cedar Acres Mobile Home Park	Cedar Acres Mobile Home Park		42.55583	-73.59417	P	PPL	US		NY	083	65541		0	142	142	America/New_York	2017-05-23
7234424	Chuckleberry Mobile Home Park	Chuckleberry Mobile Home Park		42.59444	-73.36667	P	PPL	US		NY	083	71102		0	331	334	America/New_York	2017-05-23
7234425	Lakeside Grove Mobile Home Park	Lakeside Grove Mobile Home Park		41.6625	-73.62917	P	PPL	US		NY	027	20819		0	351	359	America/New_York	2017-05-23
7234426	Terrace Haven Mobile Home Park	Terrace Haven Mobile Home Park		42.79361	-73.57222	P	PPL	US		NY	083	10275		0	187	196	America/New_York	2017-05-23
7234427	Diamondwood Estates	Diamondwood Estates		42.89861	-73.49889	P	PPL	US		NY	083	58398		0	159	156	America/New_York	2017-05-23
7234428	Bon Acre	Bon Acre		42.64417	-73.57583	P	PPL	US		NY	083	65013		0	195	197	America/New_York	2017-05-23
7234429	Creekside Mobile Home Park	Creekside Mobile Home Park		42.55472	-73.67833	P	PPL	US		NY	083	65541		0	91	90	America/New_York	2017-05-23
7234430	Pine View Estates	Pine View Estates		42.79028	-73.66944	P	PPL	US		NY	083	75484		0	13	15	America/New_York	2017-05-23
7234431	Adams Crossing Mobile Home Park	Adams Crossing Mobile Home Park		42.49806	-73.45056	P	PPL	US		NY	021	50452		0	206	211	America/New_York	2017-05-23
7234432	Pine Haven Motor Home Park	Pine Haven Motor Home Park		42.51861	-73.67889	P	PPL	US		NY	083	65541		0	113	113	America/New_York	2017-05-23
7234433	Rivers Mobile Home Park	Rivers Mobile Home Park		42.51139	-73.725	P	PPL	US		NY	083	65541		0	62	66	America/New_York	2017-05-23
7234434	Hudson River Mobile Home Park	Hudson River Mobile Home Park		42.77417	-73.67889	P	PPL	US		NY	083	75484		0	6	6	America/New_York	2017-05-23
7234435	Rainbow Mobile Home Park	Rainbow Mobile Home Park		42.53333	-73.6075	P	PPL	US		NY	083	65541		0	129	128	America/New_York	2017-05-23
7235000	Retirement Estates	Retirement Estates		42.17694	-76.86861	P	PPL	US		NY	015	06475		0	299	301	America/New_York	2017-05-23
7235001	Collingwood	Collingwood		42.20083	-76.88861	P	PPL	US		NY	015	12947		0	314	318	America/New_York	2017-05-23
7235002	North Star Manufactured Home Community	North Star Manufactured Home Community		42.02528	-76.78722	P	PPL	US		NY	015	02781		0	433	438	America/New_York	2017-05-23
7235003	Erin Estates	Erin Estates		42.18361	-76.67528	P	PPL	US		NY	015	24636		0	379	378	America/New_York	2017-05-23
7235004	Birchland Park	Birchland Park		42.03472	-76.71	P	PPL	US		NY	015	15077		0	264	265	America/New_York	2017-05-23
7235005	Carriage Estates	Carriage Estates		42.03611	-76.74861	P	PPL	US		NY	015	02781		0	254	255	America/New_York	2017-05-23
7235006	Holly Park Terrace	Holly Park Terrace		42.03139	-76.68722	P	PPL	US		NY	015	15077		0	263	265	America/New_York	2017-05-23
7235007	Pioneer Village	Pioneer Village		42.1725	-76.8275	P	PPL	US		NY	015	35705		0	277	278	America/New_York	2017-05-23
7235008	Rolling Acres Mobile Home Park	Rolling Acres Mobile Home Park		42.23417	-76.84083	P	PPL	US		NY	015	77310		0	272	272	America/New_York	2017-05-23
7235009	Brookhaven	Brookhaven		42.27639	-76.83833	P	PPL	US		NY	015	77310		0	203	203	America/New_York	2017-05-23
7235010	Green Valley Mobile Home Park	Green Valley Mobile Home Park		42.06222	-76.80639	P	PPL	US		NY	015	69617		0	264	267	America/New_York	2017-05-23
7235011	Pine Valley Mobile Home Park	Pine Valley Mobile Home Park		42.22	-76.84639	P	PPL	US		NY	015	12947		0	277	279	America/New_York	2017-05-23
7235012	Maplehurst Park	Maplehurst Park		42.185	-76.78806	P	PPL	US		NY	015	35705		0	293	294	America/New_York	2017-05-23
7235013	Brookside Mobile Home Park	Brookside Mobile Home Park		42.05861	-76.79694	P	PPL	US		NY	015	69617		0	262	263	America/New_York	2017-05-23
7235014	Crestwood Mobile Home Park	Crestwood Mobile Home Park		42.18889	-76.66806	P	PPL	US		NY	015	24636		0	394	391	America/New_York	2017-05-23
7235079	Pine Hill Mobile Home Park	Pine Hill Mobile Home Park		42.65778	-76.17	P	PPL	US		NY	023	35287		0	347	349	America/New_York	2017-05-23
7235080	Parker Manor	Parker Manor		42.72056	-76.23972	P	PPL	US		NY	023	65915		0	409	410	America/New_York	2017-05-23
7235081	Riverside Manor	Riverside Manor		42.49472	-76.0775	P	PPL	US		NY	023	77596		0	320	322	America/New_York	2017-05-23
7235082	Butternut Park	Butternut Park		42.46972	-76.7575	P	PPL	US		NY	097	33073		0	350	354	America/New_York	2017-05-23
7235084	Fall Creek Parke	Fall Creek Parke		42.4825	-76.38833	P	PPL	US		NY	109	20962		0	306	309	America/New_York	2017-05-23
7235085	Cloverland Park	Cloverland Park		42.32806	-76.59056	P	PPL	US		NY	109	50254		0	494	494	America/New_York	2017-05-23
7235086	College View Trailer Park	College View Trailer Park		42.41306	-76.54444	P	PPL	US		NY	109	38088		0	144	148	America/New_York	2017-05-23
7235087	Sandy Creek Mobile Home Park	Sandy Creek Mobile Home Park		42.45361	-76.62694	P	PPL	US		NY	109	24548		0	349	350	America/New_York	2017-05-23
7235088	Shelter Valley Mobile Home Park	Shelter Valley Mobile Home Park		42.36667	-76.55722	P	PPL	US		NY	109	50254		0	163	163	America/New_York	2017-05-23
7235089	Beacon View Village Mobile Home Park	Beacon View Village Mobile Home Park		42.50694	-76.43139	P	PPL	US		NY	109	20962		0	354	354	America/New_York	2017-05-23
7235090	Congers Mobile Home Park	Congers Mobile Home Park		42.48889	-76.37306	P	PPL	US		NY	109	20962		0	323	323	America/New_York	2017-05-23
7235091	Country Manor Estates	Country Manor Estates		42.49056	-76.39139	P	PPL	US		NY	109	20962		0	326	329	America/New_York	2017-05-23
7235092	Meadowbrook Park	Meadowbrook Park		42.38167	-76.555	P	PPL	US		NY	109	50254		0	154	158	America/New_York	2017-05-23
7235093	Pleasant View Mobile Home Park	Pleasant View Mobile Home Park		42.475	-76.27472	P	PPL	US		NY	109	20962		0	355	357	America/New_York	2017-05-23
7235095	Aubles Trailer Park	Aubles Trailer Park		42.54611	-76.6775	P	PPL	US		NY	109	75990		0	315	315	America/New_York	2017-05-23
7235096	Hillside Acres Mobile Home Park	Hillside Acres Mobile Home Park		42.45139	-76.44194	P	PPL	US		NY	109	20962		0	293	292	America/New_York	2017-05-23
7235155	Cherry Lane	Cherry Lane		42.29472	-76.95528	P	PPL	US		NY	097	20676		0	393	394	America/New_York	2017-05-23
7235156	Wildwood Mobile Home Park	Wildwood Mobile Home Park		42.30139	-76.73861	P	PPL	US		NY	097	12914		0	359	358	America/New_York	2017-05-23
7235157	Havana Glen Mobile Home Park	Havana Glen Mobile Home Park		42.33667	-76.83417	P	PPL	US		NY	097	48186		0	145	147	America/New_York	2017-05-23
7235254	Oakwood Estates Mobile Home Park	Oakwood Estates Mobile Home Park		42.52028	-76.9675	P	PPL	US		NY	123	70816		0	297	298	America/New_York	2017-05-23
7236381	Mill Creek Estates	Mill Creek Estates		42.425	-75.14222	P	PPL	US		NY	077	55629		0	328	328	America/New_York	2017-05-23
7236382	Barnes Trailer Park	Barnes Trailer Park		42.34444	-75.2725	P	PPL	US		NY	025	67345		0	344	345	America/New_York	2017-05-23
7236383	Hartwick Heights Mobile Home Park	Hartwick Heights Mobile Home Park		42.68083	-75.02583	P	PPL	US		NY	077	32589		0	463	467	America/New_York	2017-05-23
7236384	Oneida Village Mobile Home Park	Oneida Village Mobile Home Park		42.44861	-75.10583	P	PPL	US		NY	077	54892		0	336	339	America/New_York	2017-05-23
7236385	Paige Mobile Home Park	Paige Mobile Home Park		42.67056	-75.00528	P	PPL	US		NY	077	32589		0	447	443	America/New_York	2017-05-23
7239792	Clovesville	Clovesville	Cloverville,Clovesville,Covesville	42.1586	-74.55352	P	PPL	US		NY	025	47031		0	442	447	America/New_York	2017-05-23
7239989	Tiona	Tiona		42.24861	-76.08	P	PPL	US		NY	007	44611		0	352	354	America/New_York	2017-05-23
7243500	Jacksonville (historical)	Jacksonville (historical)	Holdenville,Jacksonville (historical)	42.80417	-77.6	P	PPLQ	US		NY	051	42961		0	284	283	America/New_York	2017-05-23
7244137	Cotswold	Cotswold		40.98917	-73.81889	P	PPL	US		NY	119			0	99	109	America/New_York	2010-02-07
7247778	Forest Heights	Forest Heights		40.93417	-73.78528	P	PPL	US		NY	119	50617		0	40	46	America/New_York	2017-05-23
7248482	Beverly Crest	Beverly Crest		40.955	-73.83722	P	PPL	US		NY	119	84000		0	80	83	America/New_York	2017-05-23
7248485	Uniontown	Uniontown		40.98444	-73.87667	P	PPL	US		NY	119			0	115	118	America/New_York	2010-02-07
7248493	Brentwood Plaza	Brentwood Plaza		40.97139	-73.71778	P	PPL	US		NY	119	32413		0	18	21	America/New_York	2017-05-23
7248508	Briggsville	Briggsville		41.09028	-73.85278	P	PPL	US		NY	119	49011		0	59	67	America/New_York	2017-05-23
7248532	Battle Hill	Battle Hill		41.02972	-73.78333	P	PPL	US		NY	119	81677		0	95	94	America/New_York	2017-05-23
7248539	Dingle	Dingle		41.35361	-73.56861	P	PPL	US		NY	119	53517		0	189	191	America/New_York	2017-05-23
7248540	Dixie	Dixie		41.2575	-73.84944	P	PPL	US		NY	119	18410		0	66	80	America/New_York	2017-05-23
7248547	Dublin	Dublin		40.98139	-73.69583	P	PPL	US		NY	119	64309		0	24	28	America/New_York	2017-05-23
7248573	Empire Park	Empire Park		40.92111	-73.85861	P	PPL	US		NY	119	84000		0	60	64	America/New_York	2017-05-23
7248576	Fernbrook Park	Fernbrook Park		41.17472	-73.84278	P	PPL	US		NY	119	55541		0	111	116	America/New_York	2017-05-23
7248577	Finktown	Finktown		41.29222	-73.90556	P	PPL	US		NY	119	56979		0	82	82	America/New_York	2017-05-23
7248582	Forest Park	Forest Park		41.16944	-73.84917	P	PPL	US		NY	119	55541		0	91	96	America/New_York	2017-05-23
7248732	Gramatan Hills	Gramatan Hills		40.94222	-73.85806	P	PPL	US		NY	119	84000		0	81	80	America/New_York	2017-05-23
7248737	Greenacres	Greenacres		41.01139	-73.78694	P	PPL	US		NY	119	65442		0	70	78	America/New_York	2017-05-23
7248739	Green Farms	Green Farms		41.01139	-73.77806	P	PPL	US		NY	119	65442		0	70	73	America/New_York	2017-05-23
7248741	Halcyon Park	Halcyon Park		40.92417	-73.78556	P	PPL	US		NY	119	50617		0	15	18	America/New_York	2017-05-23
7248745	Harbor Heights	Harbor Heights		40.96556	-73.73361	P	PPL	US		NY	119	44842		0	28	32	America/New_York	2017-05-23
7249072	Nepperhan Heights	Nepperhan Heights		40.95194	-73.86889	P	PPL	US		NY	119	84000		0	88	87	America/New_York	2017-05-23
7249078	North Castle	North Castle		41.14	-73.68389	P	PPL	US		NY	119	51693		12304	182	190	America/New_York	2017-05-23
7249081	Oregon	Oregon		41.33111	-73.87417	P	PPL	US		NY	119	18410		0	44	48	America/New_York	2017-05-23
7249447	Kinross Heights	Kinross Heights		40.95528	-73.88611	P	PPL	US		NY	119	84000		0	112	117	America/New_York	2017-05-23
7249449	Kirbyville	Kirbyville		41.21028	-73.72611	P	PPL	US		NY	119	48895		0	106	110	America/New_York	2017-05-23
7249451	Knollwood Manor	Knollwood Manor		41.06889	-73.79694	P	PPL	US		NY	119			0	146	151	America/New_York	2010-02-07
7249498	Limerick (historical)	Limerick (historical)		40.98056	-73.67778	P	PPLQ	US		NY	119	64309		0	9	14	America/New_York	2017-05-23
7249499	Lincoln Heights	Lincoln Heights		40.92556	-73.84833	P	PPL	US		NY	119	84000		0	51	57	America/New_York	2017-05-23
7249503	McLean Heights	McLean Heights		40.90472	-73.86417	P	PPL	US		NY	119	84000		0	49	53	America/New_York	2017-05-23
7249504	Moorelands	Moorelands		40.93889	-73.84472	P	PPL	US		NY	119	84000		0	43	47	America/New_York	2017-05-23
7250691	Kew Gardens Hills	Kew Gardens Hills	Kew Garden Hills,Kew Gardens Hills	40.73002	-73.8234	P	PPL	US		NY	081			0	24	24	America/New_York	2010-02-07
7250810	Le Petit Senegal	Le Petit Senegal		40.80444	-73.95528	P	PPL	US		NY	061			0	12	17	America/New_York	2010-02-07
7250946	Carnegie Hill	Carnegie Hill		40.78333	-73.95472	P	PPL	US		NY	061			0	30	52	America/New_York	2010-02-07
7250947	Sugar Hill	Sugar Hill		40.8275	-73.94333	P	PPL	US		NY	061			0	33	37	America/New_York	2010-02-07
7251323	Yellowstone Park	Yellowstone Park		41.04444	-73.80167	P	PPL	US		NY	119			0	65	68	America/New_York	2010-02-07
7255437	Carmansville (historical)	Carmansville (historical)		40.83	-73.94944	P	PPLQ	US		NY	061			0	28	42	America/New_York	2011-12-12
7255507	Charlotteville (historical)	Charlotteville (historical)		40.75583	-73.90333	P	PPLQ	US		NY	081			0	17	16	America/New_York	2011-12-12
7257905	Fort Drum	Fort Drum	Fort Dram,Fort Drum,Fort Drum CDP,de la mu bao,Форт Драм,德拉姆堡	44.05843	-75.76189	P	PPL	US		NY	045	42015		12955	158	160	America/New_York	2017-05-23
7257988	Beaverdam Lake-Salisbury Mills	Beaverdam Lake-Salisbury Mills	Beaverdam Lake-Salisbury Mills,Beaverdam Lake-Salisbury Mills CDP	41.44162	-74.11629	P	PPL	US		NY	071	07003		2242	101	104	America/New_York	2017-05-23
7258009	Big Flats Airport	Big Flats Airport	Big Flats Airport,Big Flats Airport CDP	42.1693	-76.88977	P	PPL	US		NY	015	06475		0	291	287	America/New_York	2017-05-23
7258033	Brasher Falls-Winthrop	Brasher Falls-Winthrop	Brasher Falls-Winthrop,Brasher Falls-Winthrop CDP	44.80405	-74.79295	P	PPL	US		NY	089	71410		0	91	92	America/New_York	2017-05-23
7258078	Carmel Hamlet	Carmel Hamlet	Carmel Hamlet,Carmel Hamlet CDP	41.41485	-73.68524	P	PPL	US		NY	079	12529		6817	155	159	America/New_York	2017-05-23
7258125	Claverack-Red Mills	Claverack-Red Mills	Claverack-Red Mills,Claverack-Red Mills CDP	42.22633	-73.72686	P	PPL	US		NY	021	16045		913	61	66	America/New_York	2017-05-23
7258140	Coeymans	Coeymans	Coeymans,Coeymans CDP	42.47491	-73.79562	P	PPL	US		NY	001	16694		7417	46	47	America/New_York	2017-05-23
7258161	Cortland West	Cortland West	Cortland West,Cortland West CDP	42.59431	-76.22587	P	PPL	US		NY	023	18421		1356	390	399	America/New_York	2017-05-23
7258201	Delmar	Delmar	Delmar,Delmar CDP	42.62502	-73.83304	P	PPL	US		NY	001	06354		0	65	69	America/New_York	2017-05-23
7258233	East Hampton North	East Hampton North	East Hampton North,East Hampton North CDP	40.97276	-72.18911	P	PPL	US		NY	103	22194		4142	17	19	America/New_York	2017-05-23
7258268	Medusa	Medusa	Medusa,Medusa CDP	42.43918	-74.12249	P	PPL	US		NY	001	61181		0	257	254	America/New_York	2017-05-23
7258290	Mineville-Witherbee	Mineville-Witherbee	Mineville-Witherbee,Mineville-Witherbee CDP	44.09188	-73.52691	P	PPL	US		NY	031	48428		0	417	414	America/New_York	2017-05-23
7258348	Newfield Hamlet	Newfield Hamlet	Newfield Hamlet,Newfield Hamlet CDP	42.35825	-76.59225	P	PPL	US		NY	109	50254		759	349	355	America/New_York	2017-05-23
7258360	North Ballston Spa	North Ballston Spa	North Ballston Spa,North Ballston Spa CDP	43.01969	-73.85109	P	PPL	US		NY	091	47537		1338	122	126	America/New_York	2017-05-23
7258390	Northeast Ithaca	Northeast Ithaca	Northeast Ithaca,Northeast Ithaca CDP	42.47032	-76.46228	P	PPL	US		NY	109	38088		2641	311	318	America/New_York	2017-05-23
7258394	Northwest Ithaca	Northwest Ithaca	Northwest Ithaca,Northwest Ithaca CDP	42.47059	-76.54145	P	PPL	US		NY	109	38088		1413	267	275	America/New_York	2017-05-23
7258447	Pattersonville-Rotterdam Junction	Pattersonville-Rotterdam Junction	Pattersonville-Rotterdam Junction,Pattersonville-Rotterdam Junction CDP	42.87797	-74.05276	P	PPL	US		NY	093	63935		0	80	85	America/New_York	2017-05-23
7258482	Plattsburgh West	Plattsburgh West	Plattsburgh West,Plattsburgh West CDP	44.68315	-73.50295	P	PPL	US		NY	019	58585		1364	96	98	America/New_York	2017-05-23
7258505	Preston-Potter Hollow	Preston-Potter Hollow		42.43304	-74.22876	P	PPL	US		NY	001	61181		366	388	402	America/New_York	2017-05-23
7258519	Quioque	Quioque	Quioque,Quioque CDP,Quioque Census Designated Place	40.82013	-72.62799	P	PPL	US		NY	103	68473		0	6	14	America/New_York	2017-05-23
7258540	Remsenburg-Speonk	Remsenburg-Speonk	Remsenburg-Speonk,Remsenburg-Speonk CDP	40.82642	-72.69673	P	PPL	US		NY	103	68473		2642	12	14	America/New_York	2017-05-23
7258576	Rosendale Village	Rosendale Village	Rosendale,Rosendale Hamlet,Rosendale Village,Rosendale Village CDP,Rosendale Village Census Designated Place,Rosendejl Khamlet,Росендејл Хамлет	41.85038	-74.07379	P	PPL	US		NY	111	63737		1349	40	50	America/New_York	2017-05-23
7258633	Gates-North Gates	Gates-North Gates	Gates-North Gates,Gates-North Gates CDP	43.16547	-77.70066	P	PPL	US		NY	055	28442		0	169	170	America/New_York	2017-05-23
7258641	Gilgo-Oak Beach-Captree	Gilgo-Oak Beach-Captree	Gilgo-Oak Beach-Captree,Gilgo-Oak Beach-Captree CDP,Gilgo-Oak Beach-Captree Census Designated Place	40.64657	-73.27179	P	PPL	US		NY	103	04000		286	0	1	America/New_York	2017-05-23
7258652	Glens Falls North	Glens Falls North	Glens Falls North,Glens Falls North CDP	43.33506	-73.68251	P	PPL	US		NY	113	60356		8443	142	143	America/New_York	2017-05-23
7258676	Greenport West	Greenport West	Greenport West,Greenport West CDP	41.10178	-72.37195	P	PPL	US		NY	103	69463		2124	4	1	America/New_York	2017-05-23
7258752	Horseheads North	Horseheads North	Horseheads North,Horseheads North CDP	42.19278	-76.80782	P	PPL	US		NY	015	35705		2843	291	291	America/New_York	2017-05-23
7258777	Jamestown West	Jamestown West	Jamestown West,Jamestown West CDP	42.08851	-79.2811	P	PPL	US		NY	013	23998		2408	444	458	America/New_York	2017-05-23
7258782	Jefferson Valley-Yorktown	Jefferson Valley-Yorktown	Jefferson Valley-Yorktown,Jefferson Valley-Yorktown CDP	41.31797	-73.80066	P	PPL	US		NY	119	84077		14142	198	202	America/New_York	2017-05-23
7258817	Lake Luzerne-Hadley	Lake Luzerne-Hadley	Lake Luzerne-Hadley,Lake Luzerne-Hadley CDP	43.31931	-73.83804	P	PPL	US		NY	113	40662		0	196	201	America/New_York	2017-05-23
7258865	Lime Lake-Machias	Lime Lake-Machias	Lime Lake-Machias,Lime Lake-Machias CDP	42.42797	-78.48289	P	PPL	US		NY	009	44237		0	500	504	America/New_York	2017-05-23
7258945	Saugerties South	Saugerties South	Saugerties South,Saugerties South CDP	42.06139	-73.95067	P	PPL	US		NY	111	65299		2218	42	48	America/New_York	2017-05-23
7258965	Setauket-East Setauket	Setauket-East Setauket	Setauket-East Setauket,Setauket-East Setauket CDP	40.93064	-73.10179	P	PPL	US		NY	103	10000		15477	31	34	America/New_York	2017-05-23
7306642	Columbusville (historical)	Columbusville (historical)		40.725	-73.89361	P	PPLQ	US		NY	081			0	30	34	America/New_York	2011-12-12
7307345	Dodgewood	Dodgewood		40.89361	-73.91333	P	PPL	US		NY	005			0	55	55	America/New_York	2010-08-06
7310137	Garden Bay Manor	Garden Bay Manor		40.7695	-73.8927	P	PPL	US		NY	081			0	15	19	America/New_York	2010-08-06
7310138	Gashouse District	Gashouse District		40.7354	-73.981	P	PPL	US		NY	061			0	6	14	America/New_York	2010-08-06
7310139	Georgetown	Georgetown	Georgetown,Georgetowne Greens	40.624	-73.9135	P	PPL	US		NY	047			0	7	5	America/New_York	2010-08-06
7315328	Conesus Hamlet	Conesus Hamlet		42.72633	-77.66968	P	PPL	US		NY	051	17618		308		384	America/New_York	2017-05-23
7315329	Fort Covington Hamlet	Fort Covington Hamlet		44.97178	-74.50757	P	PPL	US		NY	033	26737		1308		51	America/New_York	2017-05-23
7315330	Groveland Station	Groveland Station		42.66338	-77.76667	P	PPL	US		NY	051	31016		281		196	America/New_York	2017-05-23
7315331	Merritt Park	Merritt Park		41.53848	-73.87238	P	PPL	US		NY	027	25978		1256		92	America/New_York	2017-05-23
7315332	Springwater Hamlet	Springwater Hamlet		42.63499	-77.59642	P	PPL	US		NY	051	70475		549		301	America/New_York	2017-05-23
7315333	York Hamlet	York Hamlet		42.86956	-77.88723	P	PPL	US		NY	051	84022		544		241	America/New_York	2017-05-23
7316154	North Darien	North Darien		42.92361	-78.35389	P	PPL	US		NY	037	19719		0	280	279	America/New_York	2017-05-23
7316407	North Wilson	North Wilson		43.30944	-78.76167	P	PPL	US		NY	063	82370		0	97	94	America/New_York	2017-05-23
7534222	The Springs	The Springs		43.05361	-73.81444	P	PPL	US		NY	091	65255		0	99	99	America/New_York	2017-05-23
7534324	Tioga Terrace	Tioga Terrace		42.05528	-76.12139	P	PPL	US		NY	107	55893		0	288	291	America/New_York	2017-05-23
7626249	Stuyvesant Heights	Stuyvesant Heights		40.68266	-73.93402	P	PPL	US		NY	047			0		20	America/New_York	2010-12-06
7626254	Rusell	Rusell		44.42201	-75.15747	P	PPL	US		NY	089	64221		0		208	America/New_York	2017-05-23
7705928	Barbers Trailer Ranch	Barbers Trailer Ranch		42.08059	-78.3804	P	PPL	US		NY	009	59509		0	458	463	America/New_York	2017-05-23
7705929	Colonial Village Mobile Home Park	Colonial Village Mobile Home Park		42.10108	-78.51487	P	PPL	US		NY	009	01297		0	433	435	America/New_York	2017-05-23
7705930	Hillview Village Mobile Home Park	Hillview Village Mobile Home Park		42.1668	-78.40098	P	PPL	US		NY	009	34946		0	443	445	America/New_York	2017-05-23
7705931	Ishua Valley Estates Mobile Home Park	Ishua Valley Estates Mobile Home Park		42.34798	-78.45218	P	PPL	US		NY	009	27342		0	487	484	America/New_York	2017-05-23
7705932	Jolee Mobile Home Community	Jolee Mobile Home Community		42.01172	-78.31482	P	PPL	US		NY	009	59509		0	437	438	America/New_York	2017-05-23
7705933	Long Acres Mobile Home Park	Long Acres Mobile Home Park		42.09869	-78.50396	P	PPL	US		NY	009	01297		0	433	435	America/New_York	2017-05-23
7705934	Pioneer Estates Mobile Home Park	Pioneer Estates Mobile Home Park		42.52117	-78.48117	P	PPL	US		NY	009	84055		0	434	434	America/New_York	2017-05-23
7705935	Pleasant View Mobile Home Park	Pleasant View Mobile Home Park		42.5118	-78.38645	P	PPL	US		NY	009	27441		0	504	504	America/New_York	2017-05-23
7705936	Valley View Estates Mobile Home Park	Valley View Estates Mobile Home Park		42.09435	-78.52502	P	PPL	US		NY	009	01297		0	440	441	America/New_York	2017-05-23
7705937	Woodhill Estates Mobile Home Park	Woodhill Estates Mobile Home Park		42.35924	-78.44858	P	PPL	US		NY	009	25340		0	488	489	America/New_York	2017-05-23
7706169	Bennett's Mobile Court	Bennett's Mobile Court		42.98209	-76.69245	P	PPL	US		NY	011	48131		0	141	136	America/New_York	2017-05-23
7706170	Cayuga Lake Estates Mobile Home Park	Cayuga Lake Estates Mobile Home Park		42.69129	-76.42038	P	PPL	US		NY	011	43071		0	232	234	America/New_York	2017-05-23
7706171	Cooper's Mobile Home Park	Cooper's Mobile Home Park		42.93078	-76.60371	P	PPL	US		NY	011	03166		0	181	185	America/New_York	2017-05-23
7706172	Hidden Acres Mobile Home Park	Hidden Acres Mobile Home Park		43.02047	-76.62254	P	PPL	US		NY	011	46602		0	124	126	America/New_York	2017-05-23
7706173	Hillside Mobile Home Park	Hillside Mobile Home Park		43.02371	-76.49623	P	PPL	US		NY	011	10297		0	174	175	America/New_York	2017-05-23
7706174	Johnson Mobile Home Park South	Johnson Mobile Home Park South		42.92629	-76.60259	P	PPL	US		NY	011	03166		0	192	190	America/New_York	2017-05-23
7706175	Kenyon Landing Mobile Home Park	Kenyon Landing Mobile Home Park		43.02538	-76.50284	P	PPL	US		NY	011	10297		0	177	178	America/New_York	2017-05-23
7706176	Moraine Manor Mobile Home Park	Moraine Manor Mobile Home Park		42.89102	-76.58617	P	PPL	US		NY	011	26231		0	226	227	America/New_York	2017-05-23
7706177	Shady Brook Mobile Home Park	Shady Brook Mobile Home Park		43.02021	-76.49731	P	PPL	US		NY	011	10297		0	173	173	America/New_York	2017-05-23
7706178	Southern Springs Mobile Home Park	Southern Springs Mobile Home Park		42.8359	-76.68323	P	PPL	US		NY	011	70376		0	166	166	America/New_York	2017-05-23
7706179	West Shore Mobile Home Park	West Shore Mobile Home Park		43.04284	-76.6185	P	PPL	US		NY	011	46602		0	124	124	America/New_York	2017-05-23
7706267	Carter's Mobile Home Park	Carter's Mobile Home Park		44.98691	-73.45051	P	PPL	US		NY	019	13750		0	36	31	America/New_York	2017-05-23
7706268	Chasands Mobile Home Park	Chasands Mobile Home Park		44.65353	-73.49315	P	PPL	US		NY	019	58585		0	85	85	America/New_York	2017-05-23
7706269	Collins Trailer Court	Collins Trailer Court		44.67824	-73.46751	P	PPL	US		NY	019	58574		0	58	60	America/New_York	2017-05-23
7706270	Conwells Mobile Home Park	Conwells Mobile Home Park		44.57456	-73.52736	P	PPL	US		NY	019	57375		0	105	105	America/New_York	2017-05-23
7706271	Four Seasons Mobile Home Park	Four Seasons Mobile Home Park		44.71063	-73.55828	P	PPL	US		NY	019	58585		0	124	124	America/New_York	2017-05-23
7706272	LTS Mobile Home Park	LTS Mobile Home Park		44.65367	-73.48683	P	PPL	US		NY	019	58585		0	70	69	America/New_York	2017-05-23
7706273	Northway Mobile Home Park	Northway Mobile Home Park		44.734	-73.47173	P	PPL	US		NY	019	58585		0	47	47	America/New_York	2017-05-23
7706274	Pleasant Acres Mobile Home Park	Pleasant Acres Mobile Home Park		44.69056	-73.49586	P	PPL	US		NY	019	58585		0	94	95	America/New_York	2017-05-23
7706275	South Acres Mobile Home Park	South Acres Mobile Home Park		44.61929	-73.49726	P	PPL	US		NY	019	57375		0	76	78	America/New_York	2017-05-23
7706276	Stony Acres Mobile Home Park	Stony Acres Mobile Home Park		44.78027	-73.50423	P	PPL	US		NY	019	05485		0	97	99	America/New_York	2017-05-23
7706277	Twin Ells Mobile Home Park	Twin Ells Mobile Home Park		44.79333	-73.54401	P	PPL	US		NY	019	05485		0	142	141	America/New_York	2017-05-23
7706371	Little Falls Mobile Home Park	Little Falls Mobile Home Park		41.61146	-73.91066	P	PPL	US		NY	027	59652		0	31	34	America/New_York	2017-05-23
7706372	Bahret Mobile Home Park	Bahret Mobile Home Park		41.73169	-73.91441	P	PPL	US		NY	027	59652		0	84	86	America/New_York	2017-05-23
7706373	Oak Meadows Mobile Home Park	Oak Meadows Mobile Home Park		41.47613	-73.97732	P	PPL	US		NY	027	25978		0	27	32	America/New_York	2017-05-23
7706374	Sheafe Manor Mobile Home Park	Sheafe Manor Mobile Home Park		41.62948	-73.92423	P	PPL	US		NY	027	59652		0	32	30	America/New_York	2017-05-23
7706375	Camelot Village Mobile Home Park	Camelot Village Mobile Home Park		41.63157	-73.92158	P	PPL	US		NY	027	59652		0	35	28	America/New_York	2017-05-23
7706376	Valley Forge Mobile Home Park	Valley Forge Mobile Home Park		41.74212	-73.90562	P	PPL	US		NY	027	37209		0	100	98	America/New_York	2017-05-23
7706377	Cedar Hollow Mobile Home Park	Cedar Hollow Mobile Home Park		41.77378	-73.80422	P	PPL	US		NY	027	58695		0	70	69	America/New_York	2017-05-23
7706378	Duchess Park Mobile Home Park	Duchess Park Mobile Home Park		41.56143	-73.91039	P	PPL	US		NY	027	78157		0	79	80	America/New_York	2017-05-23
7706379	Green Meadows Mobile Home Park	Green Meadows Mobile Home Park		41.75993	-73.90538	P	PPL	US		NY	027	37209		0	69	70	America/New_York	2017-05-23
7706380	Kensington Village Mobile Home Park	Kensington Village Mobile Home Park		41.75778	-73.90843	P	PPL	US		NY	027	37209		0	76	79	America/New_York	2017-05-23
7706381	Tallyho Mobile Home Estates	Tallyho Mobile Home Estates		41.73751	-73.57304	P	PPL	US		NY	027	20819		0	115	114	America/New_York	2017-05-23
7706382	Shady Lane Mobile Home Park	Shady Lane Mobile Home Park		41.62371	-73.68446	P	PPL	US		NY	027	05452		0	142	147	America/New_York	2017-05-23
7706383	Castle Gate Mobile Home Park	Castle Gate Mobile Home Park		41.7779	-73.54753	P	PPL	US		NY	027	01693		0	158	160	America/New_York	2017-05-23
7706384	Venture Lake Estates Mobile Home Park	Venture Lake Estates Mobile Home Park		41.78705	-73.91235	P	PPL	US		NY	027	37209		0	71	70	America/New_York	2017-05-23
7706385	Hidden Brook Estates Mobile Home Park	Hidden Brook Estates Mobile Home Park		41.78728	-73.91553	P	PPL	US		NY	027	37209		0	70	73	America/New_York	2017-05-23
7706430	Blue Anchor Park Mobile Home Park	Blue Anchor Park Mobile Home Park		43.23131	-75.07897	P	PPL	US		NY	065	19928		0	211	212	America/New_York	2017-05-23
7706431	Cedar Hurst Park Mobile Home Park	Cedar Hurst Park Mobile Home Park		42.92847	-75.1189	P	PPL	US		NY	043	82568		0	380	379	America/New_York	2017-05-23
7706432	Country Meadows Mobile Home Park	Country Meadows Mobile Home Park		43.06255	-75.0835	P	PPL	US		NY	043	65695		0	133	134	America/New_York	2017-05-23
7706433	Fitzer Park Mobile Home Park	Fitzer Park Mobile Home Park		43.01283	-75.05464	P	PPL	US		NY	043	28750		0	155	157	America/New_York	2017-05-23
7706434	Homestead Mobile Park	Homestead Mobile Park		43.01913	-74.81317	P	PPL	US		NY	043	19686		0	134	135	America/New_York	2017-05-23
7706435	Leatherstocking Mobile Home Park	Leatherstocking Mobile Home Park		42.99576	-75.00457	P	PPL	US		NY	043	28750		0	140	146	America/New_York	2017-05-23
7706436	Rockwell Mobile Home Park	Rockwell Mobile Home Park		43.01393	-75.05428	P	PPL	US		NY	043	28750		0	154	155	America/New_York	2017-05-23
7706437	Sunset View Mobile Home Park	Sunset View Mobile Home Park		43.01994	-74.88099	P	PPL	US		NY	043	42752		0	123	122	America/New_York	2017-05-23
7706438	Terrace Hill Mobile Home Estates	Terrace Hill Mobile Home Estates		43.02177	-75.06149	P	PPL	US		NY	043	27199		0	143	142	America/New_York	2017-05-23
7706487	Barefoot Mobile Home Park	Barefoot Mobile Home Park		42.91784	-77.88678	P	PPL	US		NY	051	84022		0	234	232	America/New_York	2017-05-23
7706488	Country Road Mobile Home Community	Country Road Mobile Home Community		42.58712	-77.92761	P	PPL	US		NY	051	54089		0	270	270	America/New_York	2017-05-23
7706489	Creekside Mobile Home Park	Creekside Mobile Home Park		42.7844	-77.8918	P	PPL	US		NY	051	41883		0	198	197	America/New_York	2017-05-23
7706490	Culver Manor Mobile Home Park	Culver Manor Mobile Home Park		42.80444	-77.70098	P	PPL	US		NY	051	42961		0	258	263	America/New_York	2017-05-23
7706491	Fisher Mobile Home Park	Fisher Mobile Home Park		42.90748	-77.60651	P	PPL	US		NY	051	42334		0	241	245	America/New_York	2017-05-23
7706492	Grunmount Court Mobile Home Park	Grunmount Court Mobile Home Park		42.54595	-77.68305	P	PPL	US		NY	051	51869		0	242	249	America/New_York	2017-05-23
7706493	Letchworth Estates Mobile Home Community	Letchworth Estates Mobile Home Community		42.71907	-77.8688	P	PPL	US		NY	051	48956		0	182	184	America/New_York	2017-05-23
7706494	Lombardo Mobile Home Community	Lombardo Mobile Home Community		42.72462	-77.86814	P	PPL	US		NY	051	48956		0	175	174	America/New_York	2017-05-23
7706495	Marks Trailer Park	Marks Trailer Park		42.57226	-77.71865	P	PPL	US		NY	051	51869		0	195	194	America/New_York	2017-05-23
7706496	Monte Carlo Mobile Home Park	Monte Carlo Mobile Home Park		42.92702	-77.78287	P	PPL	US		NY	051	11715		0	177	176	America/New_York	2017-05-23
7706497	Parkway Mobile Home Park	Parkway Mobile Home Park		42.72771	-77.90108	P	PPL	US		NY	051	48956		0	260	262	America/New_York	2017-05-23
7706498	Poags Hale Mobile Home Court	Poags Hale Mobile Home Court		42.54366	-77.70175	P	PPL	US		NY	051	51869		0	212	213	America/New_York	2017-05-23
7706499	Rolling Hills Mobile Home Park	Rolling Hills Mobile Home Park		42.54902	-77.67374	P	PPL	US		NY	051	51869		0	291	294	America/New_York	2017-05-23
7706500	The Mint Mobile Home Park	The Mint Mobile Home Park		42.75406	-77.88574	P	PPL	US		NY	051	41883		0	182	182	America/New_York	2017-05-23
7706501	Tony's Mobile Home Park	Tony's Mobile Home Park		42.72656	-77.86917	P	PPL	US		NY	051	48956		0	172	172	America/New_York	2017-05-23
7706502	Treasure Island Mobile Home Park	Treasure Island Mobile Home Park		42.89347	-77.84396	P	PPL	US		NY	051	84022		0	184	190	America/New_York	2017-05-23
7706503	Willow Cove Mobile Home Park	Willow Cove Mobile Home Park		42.83863	-77.70634	P	PPL	US		NY	051	42961		0	251	253	America/New_York	2017-05-23
7706547	Green Acres Mobile Home Park	Green Acres Mobile Home Park		43.01146	-75.59622	P	PPL	US		NY	053	71399		0	186	187	America/New_York	2017-05-23
7706548	Mohawk Manor Trailer Park	Mohawk Manor Trailer Park		43.08573	-75.88443	P	PPL	US		NY	053	71993		0	125	126	America/New_York	2017-05-23
7706549	Shady Lane Manufactured Housing Community	Shady Lane Manufactured Housing Community		43.10063	-75.94349	P	PPL	US		NY	053	71993		0	125	126	America/New_York	2017-05-23
7706550	Valley Mobile Home Park	Valley Mobile Home Park		43.00091	-75.84573	P	PPL	US		NY	053	25593		0	176	177	America/New_York	2017-05-23
7706551	Willow Run Mobile Home Park	Willow Run Mobile Home Park		43.13908	-75.87012	P	PPL	US		NY	053	71993		0	121	119	America/New_York	2017-05-23
7706665	Boyden Brook Mobile Home Park	Boyden Brook Mobile Home Park		44.56065	-75.21149	P	PPL	US		NY	089	12342		0	120	119	America/New_York	2017-05-23
7706666	Clark's Trailer Park	Clark's Trailer Park		44.56257	-75.13711	P	PPL	US		NY	089	12342		0	125	126	America/New_York	2017-05-23
7706667	Country Meadows Trailer Park	Country Meadows Trailer Park		44.61326	-75.18197	P	PPL	US		NY	089	12342		0	106	107	America/New_York	2017-05-23
7706668	Gouvernor Gardens Mobile Home Park	Gouvernor Gardens Mobile Home Park		44.32139	-75.48914	P	PPL	US		NY	089	29608		0	134	133	America/New_York	2017-05-23
7706669	Jolly K Mobile Home Park	Jolly K Mobile Home Park		44.36287	-75.43388	P	PPL	US		NY	089	29608		0	134	134	America/New_York	2017-05-23
7706670	Liscums Mobile Home Park	Liscums Mobile Home Park		44.35365	-75.4429	P	PPL	US		NY	089	29608		0	134	134	America/New_York	2017-05-23
7706671	Maple Street Trailer Court	Maple Street Trailer Court		44.74491	-75.00158	P	PPL	US		NY	089	59575		0	98	96	America/New_York	2017-05-23
7706672	Morley Mobile Home Park	Morley Mobile Home Park		44.67506	-75.48869	P	PPL	US		NY	089	55563		0	89	87	America/New_York	2017-05-23
7706673	Pine Grove Mobile Home Park	Pine Grove Mobile Home Park		44.79063	-74.9845	P	PPL	US		NY	089	51330		0	107	105	America/New_York	2017-05-23
7706674	Shady Acres Mobile Home Park	Shady Acres Mobile Home Park		44.31404	-75.49627	P	PPL	US		NY	089	29608		0	132	132	America/New_York	2017-05-23
7706675	The K amnd M Mobile Home Park	The K amnd M Mobile Home Park		44.67894	-74.98593	P	PPL	US		NY	089	59575		0	137	133	America/New_York	2017-05-23
7706741	Brookwood Mobile Home Park	Brookwood Mobile Home Park		42.35069	-77.24421	P	PPL	US		NY	101	04770		0	407	410	America/New_York	2017-05-23
7706742	Colonial Coach Estates I Mobile Home Park	Colonial Coach Estates I Mobile Home Park		42.17785	-77.12405	P	PPL	US		NY	101	24647		0	287	296	America/New_York	2017-05-23
7706743	Goff Road Mobile Home Park	Goff Road Mobile Home Park		42.12803	-76.98758	P	PPL	US		NY	101	18267		0	282	284	America/New_York	2017-05-23
7706744	Green Acres Mobile Home Park	Green Acres Mobile Home Park		42.36447	-77.672	P	PPL	US		NY	101	35683		0	357	359	America/New_York	2017-05-23
7706745	Green Meadow Acres Mobile Home Park	Green Meadow Acres Mobile Home Park		42.27173	-77.21526	P	PPL	US		NY	101	11946		0	329	323	America/New_York	2017-05-23
7706746	Hanwell Village Mobile Home Park	Hanwell Village Mobile Home Park		42.12532	-77.01772	P	PPL	US		NY	101	18267		0	287	294	America/New_York	2017-05-23
7706747	Hidden Forest Mobile Home Park	Hidden Forest Mobile Home Park		42.22998	-77.13658	P	PPL	US		NY	101	11946		0	318	324	America/New_York	2017-05-23
7706748	J and M Green Acres Mobile Home Park	J and M Green Acres Mobile Home Park		42.33432	-77.28702	P	PPL	US		NY	101	04770		0	350	353	America/New_York	2017-05-23
7706749	Meadows Mobile Home Park	Meadows Mobile Home Park		42.43053	-77.71061	P	PPL	US		NY	101	19675		0	365	365	America/New_York	2017-05-23
7706750	Old Field Mobile Home Park	Old Field Mobile Home Park		42.3332	-77.30131	P	PPL	US		NY	101	04770		0	335	341	America/New_York	2017-05-23
7706751	Pine Knoll Mobile Home Park	Pine Knoll Mobile Home Park		42.40251	-77.71173	P	PPL	US		NY	101	35683		0	366	367	America/New_York	2017-05-23
7706752	Seager Trailer Park	Seager Trailer Park		42.2252	-77.17475	P	PPL	US		NY	101	11946		0	305	306	America/New_York	2017-05-23
7706753	Showboat Mobile Home Park	Showboat Mobile Home Park		42.5636	-77.60401	P	PPL	US		NY	101	78861		0	420	422	America/New_York	2017-05-23
7706754	Sunflower Acres Mobile Home Park	Sunflower Acres Mobile Home Park		42.06448	-77.21081	P	PPL	US		NY	101	75737		0	394	402	America/New_York	2017-05-23
7706755	Victory Village Mobile Home Park	Victory Village Mobile Home Park		42.17614	-77.11614	P	PPL	US		NY	101	24647		0	289	295	America/New_York	2017-05-23
7706756	Wagon Wheel Mobile Home Park	Wagon Wheel Mobile Home Park		42.06519	-77.2787	P	PPL	US		NY	101	75737		0	327	330	America/New_York	2017-05-23
7706813	Blue Sky Manor Mobile Home Park	Blue Sky Manor Mobile Home Park		41.61152	-74.45337	P	PPL	US		NY	105	44809		0	171	172	America/New_York	2017-05-23
7706814	Foxcroft Village Mobile Home Park	Foxcroft Village Mobile Home Park		41.80901	-74.63267	P	PPL	US		NY	105	25241		0	384	383	America/New_York	2017-05-23
7706815	Kinnebrook Mobile Home Park	Kinnebrook Mobile Home Park		41.66469	-74.72859	P	PPL	US		NY	105	73627		0	395	395	America/New_York	2017-05-23
7706816	New Twin Lakes Mobile Home Park	New Twin Lakes Mobile Home Park		41.57513	-74.42699	P	PPL	US		NY	105	44809		0	189	188	America/New_York	2017-05-23
7706817	River Edge Mobile Home Park	River Edge Mobile Home Park		41.5854	-74.38583	P	PPL	US		NY	105	44809		0	123	122	America/New_York	2017-05-23
7706818	Sunrise Mobile Home Park	Sunrise Mobile Home Park		41.7802	-74.60428	P	PPL	US		NY	105	25241		0	384	377	America/New_York	2017-05-23
7706819	Westwood Glen Mobile Home Park	Westwood Glen Mobile Home Park		41.74093	-74.6507	P	PPL	US		NY	105	25241		0	426	426	America/New_York	2017-05-23
7706820	Whispering Pines Mobile Home Park	Whispering Pines Mobile Home Park		41.56855	-74.42731	P	PPL	US		NY	105	44809		0	155	158	America/New_York	2017-05-23
7706979	Aloha Home Acres Mobile Home Park	Aloha Home Acres Mobile Home Park		41.68393	-74.08525	P	PPL	US		NY	111	58552		0	139	139	America/New_York	2017-05-23
7706980	Alpine Heights Mobile Home Park	Alpine Heights Mobile Home Park		41.90257	-74.04703	P	PPL	US		NY	111	37143		0	114	127	America/New_York	2017-05-23
7706981	Atkins Mobile Home Park	Atkins Mobile Home Park		41.81586	-74.19815	P	PPL	US		NY	111	63011		0	128	127	America/New_York	2017-05-23
7706982	Bluestone Mobile Home Park	Bluestone Mobile Home Park		41.99576	-74.0525	P	PPL	US		NY	111	39738		0	121	123	America/New_York	2017-05-23
7706983	Boices Mobile Home Estates	Boices Mobile Home Estates		41.96268	-74.01011	P	PPL	US		NY	111	75935		0	43	44	America/New_York	2017-05-23
7706984	Brink's Trailer Park	Brink's Trailer Park		41.98728	-73.99063	P	PPL	US		NY	111	75935		0	55	56	America/New_York	2017-05-23
7706985	Church Street Mobile Home Park	Church Street Mobile Home Park		41.62054	-74.08265	P	PPL	US		NY	111	58552		0	181	184	America/New_York	2017-05-23
7706986	Creek Locks Mobile Home Park	Creek Locks Mobile Home Park		41.87674	-74.0362	P	PPL	US		NY	111	63737		0	13	15	America/New_York	2017-05-23
7706987	Deerhaven Mobile Home Park	Deerhaven Mobile Home Park		41.66112	-74.18441	P	PPL	US		NY	111	28255		0	92	98	America/New_York	2017-05-23
7706988	Depew Mobile Home Park	Depew Mobile Home Park		41.63408	-74.09409	P	PPL	US		NY	111	58552		0	177	178	America/New_York	2017-05-23
7706989	Dutcher Mobile Home Park	Dutcher Mobile Home Park		41.90218	-73.98526	P	PPL	US		NY	111	24691		0	29	35	America/New_York	2017-05-23
7706990	Elliot Mobile Home Park	Elliot Mobile Home Park		42.00354	-74.02606	P	PPL	US		NY	111	75935		0	154	152	America/New_York	2017-05-23
7706991	Fox Run Estates Mobile Home Park	Fox Run Estates Mobile Home Park		41.66377	-74.1098	P	PPL	US		NY	111	58552		0	139	142	America/New_York	2017-05-23
7706992	Gallis Hill Station Mobile Home Park	Gallis Hill Station Mobile Home Park		41.9466	-74.06326	P	PPL	US		NY	111	75935		0	123	127	America/New_York	2017-05-23
7706993	H and H Mobile Home Park	H and H Mobile Home Park		41.99701	-73.99433	P	PPL	US		NY	111	75935		0	43	43	America/New_York	2017-05-23
7706994	Hidden Forest Mobile Home Park	Hidden Forest Mobile Home Park		41.797	-74.25405	P	PPL	US		NY	111	63011		0	83	84	America/New_York	2017-05-23
7706995	Hideaway Mobile Home Park	Hideaway Mobile Home Park		41.63054	-74.09731	P	PPL	US		NY	111	58552		0	170	172	America/New_York	2017-05-23
7706996	Jenny Brook Mobile Home Park	Jenny Brook Mobile Home Park		41.76315	-74.38052	P	PPL	US		NY	111	78828		0	189	191	America/New_York	2017-05-23
7706997	Nappy Mobile Home Park	Nappy Mobile Home Park		41.73665	-74.37719	P	PPL	US		NY	111	78828		0	89	92	America/New_York	2017-05-23
7706998	Pardee Park Mobile Home Park	Pardee Park Mobile Home Park		41.92585	-74.04263	P	PPL	US		NY	111	75935		0	74	74	America/New_York	2017-05-23
7706999	Parish Lane Mobile Home Park	Parish Lane Mobile Home Park		41.98507	-74.00351	P	PPL	US		NY	111	75935		0	49	49	America/New_York	2017-05-23
7707000	Rivers Edge Cooperative Mobile Home Park	Rivers Edge Cooperative Mobile Home Park		41.81829	-74.07437	P	PPL	US		NY	111	63737		0	56	57	America/New_York	2017-05-23
7707001	Shady Acre Mobile Home Park	Shady Acre Mobile Home Park		41.7639	-74.37826	P	PPL	US		NY	111	78828		0	189	196	America/New_York	2017-05-23
7707002	Snows Mobile Home Park	Snows Mobile Home Park		41.99416	-73.9911	P	PPL	US		NY	111	75935		0	52	52	America/New_York	2017-05-23
7707003	Spring Lake Mobile Home Park	Spring Lake Mobile Home Park		41.93066	-74.04103	P	PPL	US		NY	111	75935		0	74	76	America/New_York	2017-05-23
7707004	Strawberry Acres Mobile Home Park	Strawberry Acres Mobile Home Park		41.67085	-73.97066	P	PPL	US		NY	111	45722		0	98	101	America/New_York	2017-05-23
7707005	Tall Oaks Mobile Home Park	Tall Oaks Mobile Home Park		41.94691	-73.98858	P	PPL	US		NY	111	75935		0	79	82	America/New_York	2017-05-23
7707006	Thober Mobile Home Park	Thober Mobile Home Park		41.73254	-74.15474	P	PPL	US		NY	111	28255		0	110	116	America/New_York	2017-05-23
7707007	Trinka's Mobile Home Park	Trinka's Mobile Home Park		42.04234	-74.04048	P	PPL	US		NY	111	65299		0	116	118	America/New_York	2017-05-23
7707008	Trout Brook Mobile Home Park	Trout Brook Mobile Home Park		41.69798	-74.01731	P	PPL	US		NY	111	58552		0	158	157	America/New_York	2017-05-23
7707009	Walnut Lane Mobile Home Park	Walnut Lane Mobile Home Park		41.66016	-73.97146	P	PPL	US		NY	111	45722		0	100	105	America/New_York	2017-05-23
7707010	Washington Mobile Home Park	Washington Mobile Home Park		41.84728	-74.0779	P	PPL	US		NY	111	63737		0	17	24	America/New_York	2017-05-23
7707075	Country Side Estates Mobile Home Park	Country Side Estates Mobile Home Park		43.25768	-73.79602	P	PPL	US		NY	113	40662		0	217	221	America/New_York	2017-05-23
7707076	Forest Park Mobile Home Park	Forest Park Mobile Home Park		43.29767	-73.71156	P	PPL	US		NY	113	60356		0	125	128	America/New_York	2017-05-23
7707077	Homestead Village Mobile Home Park	Homestead Village Mobile Home Park		43.30513	-73.6882	P	PPL	US		NY	113	60356		0	118	120	America/New_York	2017-05-23
7707078	Northwinds Mobile Estates	Northwinds Mobile Estates		43.30441	-73.68376	P	PPL	US		NY	113	60356		0	116	116	America/New_York	2017-05-23
7707079	Queensbury Village Mobile Home Park	Queensbury Village Mobile Home Park		43.30928	-73.71694	P	PPL	US		NY	113	60356		0	137	136	America/New_York	2017-05-23
7707080	Village Estates Mobile Home Park	Village Estates Mobile Home Park		43.65107	-73.79959	P	PPL	US		NY	113	15319		0	256	254	America/New_York	2017-05-23
7707232	Abenaki Mobile Home Park	Abenaki Mobile Home Park		44.66127	-73.49518	P	PPL	US		NY	019	58585		0	88	91	America/New_York	2017-05-23
7707233	River Heights Mobile Home Community	River Heights Mobile Home Community		44.68175	-73.46565	P	PPL	US		NY	019	58574		0	49	48	America/New_York	2017-05-23
7728054	Gayville	Gayville		41.44056	-73.58361	P	PPL	US		NY	079	68924		0	157	160	America/New_York	2017-05-23
7839138	Armory Square	Armory Square		43.04796	-76.15551	P	PPL	US		NY	067	73000		0		122	America/New_York	2017-05-23
7870051	The Valley	The Valley		42.99919	-76.14942	P	PPL	US		NY	067	73000		0		136	America/New_York	2017-05-23
7932601	Midtown East	Midtown East		40.7509	-73.96442	P	PPL	US		NY	061			0		5	America/New_York	2011-08-25
8085282	Alcott Trailer Park	Alcott Trailer Park		42.45534	-74.91692	P	PPL	US		NY	025	19763		0	390	386	America/New_York	2017-05-23
8085283	Aldrich Trailer Park	Aldrich Trailer Park		42.86655	-77.22926	P	PPL	US		NY	069	35551		0	252	252	America/New_York	2017-05-23
8085284	Aristo Terrace Mobile Home Park	Aristo Terrace Mobile Home Park		42.57693	-78.38966	P	PPL	US		NY	121	02418		0	478	486	America/New_York	2017-05-23
8085285	Ballards Mobile Home Park	Ballards Mobile Home Park		42.19709	-75.1556	P	PPL	US		NY	025	78047		0	472	475	America/New_York	2017-05-23
8085286	Beaver Springs Mobile Home Park	Beaver Springs Mobile Home Park		42.47639	-74.83436	P	PPL	US		NY	025	19763		0	390	391	America/New_York	2017-05-23
8085287	Breezy Knoll Mobile Home Park	Breezy Knoll Mobile Home Park		44.01302	-76.02983	P	PPL	US		NY	045	10242		0	98	98	America/New_York	2017-05-23
8085288	Brookside Green Mobile Home Park	Brookside Green Mobile Home Park		42.26147	-73.96299	P	PPL	US		NY	039	13013		0	93	98	America/New_York	2017-05-23
8085289	Canandaigua Country Estate Mobile Home Park	Canandaigua Country Estate Mobile Home Park		42.93638	-77.33307	P	PPL	US		NY	069	12155		0	226	226	America/New_York	2017-05-23
8085290	Canandaigua Manufactured Home Community	Canandaigua Manufactured Home Community		42.88337	-77.2708	P	PPL	US		NY	069	12144		0	211	211	America/New_York	2017-05-23
8085291	Cascade Acres Mobile Home Park	Cascade Acres Mobile Home Park		44.27039	-73.97171	P	PPL	US		NY	031	51935		0	526	530	America/New_York	2017-05-23
8085292	Colonial Village Mobile Home Park	Colonial Village Mobile Home Park		42.68289	-74.40885	P	PPL	US		NY	095	16639		0	286	282	America/New_York	2017-05-23
8085293	Country Meadows Mobile Home Park	Country Meadows Mobile Home Park		42.15513	-75.16779	P	PPL	US		NY	025	78047		0	377	377	America/New_York	2017-05-23
8085294	Countryside Mobile Home Park	Countryside Mobile Home Park		42.92346	-77.03795	P	PPL	US		NY	069	57529		0	183	184	America/New_York	2017-05-23
8085295	Deer Creek Mobile Home Park	Deer Creek Mobile Home Park		43.04769	-74.38778	P	PPL	US		NY	035	38792		0	278	279	America/New_York	2017-05-23
8085296	Diedrich Mobile Home Park	Diedrich Mobile Home Park		42.37779	-73.83446	P	PPL	US		NY	039	18729		0	40	41	America/New_York	2017-05-23
8085297	Edge of Town Mobile Home Park	Edge of Town Mobile Home Park		42.92735	-74.6074	P	PPL	US		NY	057	56099		0	106	109	America/New_York	2017-05-23
8085298	Edgewood Court Mobile Home Park	Edgewood Court Mobile Home Park		44.00878	-75.77532	P	PPL	US		NY	045	64265		0	193	190	America/New_York	2017-05-23
8085299	Elderberry Mobile Home Park	Elderberry Mobile Home Park		42.7876	-77.53021	P	PPL	US		NY	069	61544		0	289	290	America/New_York	2017-05-23
8085300	Evergreen Mobile Home Park	Evergreen Mobile Home Park		43.99111	-75.90823	P	PPL	US		NY	045	78608		0	122	126	America/New_York	2017-05-23
8085301	Fallbrook Mobile Home Park	Fallbrook Mobile Home Park		42.8713	-77.25199	P	PPL	US		NY	069	12155		0	212	212	America/New_York	2017-05-23
8085302	Floral Estates Mobile Home Park	Floral Estates Mobile Home Park		43.97999	-75.9718	P	PPL	US		NY	045	78619		0	137	136	America/New_York	2017-05-23
8085303	Forrest Hills Mobile Home Park	Forrest Hills Mobile Home Park		42.26142	-73.93	P	PPL	US		NY	039	13013		0	63	67	America/New_York	2017-05-23
8085304	Garland City Trailer Park	Garland City Trailer Park		43.9957	-75.92755	P	PPL	US		NY	045	56209		0	119	119	America/New_York	2017-05-23
8085305	Glenmary Mobile Home Park	Glenmary Mobile Home Park		42.10273	-76.29081	P	PPL	US		NY	107	73968		0	253	253	America/New_York	2017-05-23
8085306	Green Cedars Trailer Park	Green Cedars Trailer Park		44.16742	-76.25406	P	PPL	US		NY	045	12364		0	77	75	America/New_York	2017-05-23
8085307	Gypsum Mills Estates Mobile Home Park	Gypsum Mills Estates Mobile Home Park		42.98704	-77.3753	P	PPL	US		NY	069	77387		0	172	172	America/New_York	2017-05-23
8085308	Hesseney Mobile Home Park	Hesseney Mobile Home Park		42.97239	-77.17974	P	PPL	US		NY	069	44864		0	167	167	America/New_York	2017-05-23
8085309	Heyday Mobile Home Park	Heyday Mobile Home Park		43.156	-74.22118	P	PPL	US		NY	035	46217		0	245	244	America/New_York	2017-05-23
8085310	Highland Mobile Home Estates	Highland Mobile Home Estates		42.92549	-74.63343	P	PPL	US		NY	057	47614		0	143	144	America/New_York	2017-05-23
8085311	Hillside Terrace Mobile Home Park	Hillside Terrace Mobile Home Park		42.66361	-78.09022	P	PPL	US		NY	121	27980		0	446	448	America/New_York	2017-05-23
8085312	Hunt's Mobile Home Park	Hunt's Mobile Home Park		42.99208	-77.36902	P	PPL	US		NY	069	25406		0	174	177	America/New_York	2017-05-23
8085313	Indian Hills Mobile Home Community	Indian Hills Mobile Home Community		42.89426	-76.85957	P	PPL	US		NY	099	25505		0	140	140	America/New_York	2017-05-23
8085314	Indian River Estates Mobile Home Park	Indian River Estates Mobile Home Park		44.17611	-75.79377	P	PPL	US		NY	045	73528		0	134	133	America/New_York	2017-05-23
8085315	Indian Village Mobile Home Park	Indian Village Mobile Home Park		43.07876	-74.16206	P	PPL	US		NY	035	08433		0	267	272	America/New_York	2017-05-23
8085316	Isle of Pines Mobile Home Park	Isle of Pines Mobile Home Park		42.89868	-76.90249	P	PPL	US		NY	099	78564		0	145	149	America/New_York	2017-05-23
8085317	Isman Mobile Home Park	Isman Mobile Home Park		42.71346	-78.01133	P	PPL	US		NY	121	12782		0	429	429	America/New_York	2017-05-23
8085318	Jefferson Courts Mobile Home Park	Jefferson Courts Mobile Home Park		43.84871	-76.01041	P	PPL	US		NY	045	00210		0	195	198	America/New_York	2017-05-23
8085319	Jockeyville I Mobile Home Park	Jockeyville I Mobile Home Park		43.04886	-74.29687	P	PPL	US		NY	035	46217		0	273	272	America/New_York	2017-05-23
8085320	Lake Country Mobile Manor	Lake Country Mobile Manor		42.95736	-77.21366	P	PPL	US		NY	069	44864		0	192	192	America/New_York	2017-05-23
8085321	Lakeside Mobile Estates	Lakeside Mobile Estates		43.19579	-74.18062	P	PPL	US		NY	035	51407		0	240	244	America/New_York	2017-05-23
8085322	Lakeview Manufactured Home Community	Lakeview Manufactured Home Community		42.85788	-77.25035	P	PPL	US		NY	069	12155		0	213	216	America/New_York	2017-05-23
8085323	Lawrence View Mobile Home Park	Lawrence View Mobile Home Park		44.24394	-76.06314	P	PPL	US		NY	045	16100		0	86	78	America/New_York	2017-05-23
8085324	Lazy Acres Mobile Home Park	Lazy Acres Mobile Home Park		44.17829	-76.23858	P	PPL	US		NY	045	12364		0	80	78	America/New_York	2017-05-23
8085325	Le Petite Ciel Mobile Home Park	Le Petite Ciel Mobile Home Park		44.14457	-76.30409	P	PPL	US		NY	045	12364		0	80	81	America/New_York	2017-05-23
8085326	Leisure Village Mobile Home Park	Leisure Village Mobile Home Park		42.30363	-74.90808	P	PPL	US		NY	025	20137		0	474	478	America/New_York	2017-05-23
8085327	Leray Trailer Park	Leray Trailer Park		44.02235	-75.84257	P	PPL	US		NY	045	42015		0	148	146	America/New_York	2017-05-23
8085328	Level Acres Mobile Home Park	Level Acres Mobile Home Park		42.0921	-77.92541	P	PPL	US		NY	003	79103		0	467	466	America/New_York	2017-05-23
8085329	Lincoln Mobile Home Park	Lincoln Mobile Home Park		42.63381	-74.56663	P	PPL	US		NY	095	61599		0	339	340	America/New_York	2017-05-23
8085330	Maple Grove Mobile Home Estates	Maple Grove Mobile Home Estates		42.21449	-78.12166	P	PPL	US		NY	003	27705		0	452	452	America/New_York	2017-05-23
8085331	McGuires Mobile Home Park	McGuires Mobile Home Park		42.73989	-78.15734	P	PPL	US		NY	121	78344		0	425	427	America/New_York	2017-05-23
8085332	Meadow Lane Mobile Home Park	Meadow Lane Mobile Home Park		44.3034	-75.96056	P	PPL	US		NY	045	01176		0	83	81	America/New_York	2017-05-23
8085333	Northland Estates Mobile Home Park	Northland Estates Mobile Home Park		43.91942	-75.94372	P	PPL	US		NY	045	78619		0	183	185	America/New_York	2017-05-23
8085334	Northwoods Estates Mobile Home Park	Northwoods Estates Mobile Home Park		44.09907	-75.75052	P	PPL	US		NY	045	42015		0	154	154	America/New_York	2017-05-23
8085335	Paradise Pines Mobile Home Park	Paradise Pines Mobile Home Park		43.06451	-74.25652	P	PPL	US		NY	035	46217		0	255	256	America/New_York	2017-05-23
8085336	Picture Book Mobile Home Park	Picture Book Mobile Home Park		42.90546	-77.55301	P	PPL	US		NY	069	79356		0	261	258	America/New_York	2017-05-23
8085337	Pine Lake Mobile Home Park	Pine Lake Mobile Home Park		43.18854	-74.51929	P	PPL	US		NY	035	12573		0	476	479	America/New_York	2017-05-23
8085338	Pine Meadow Mobile Home Park	Pine Meadow Mobile Home Park		42.95908	-74.11203	P	PPL	US		NY	057	02077		0	223	221	America/New_York	2017-05-23
8085339	Pine Meadows Mobile Home Park	Pine Meadows Mobile Home Park		43.9235	-75.94391	P	PPL	US		NY	045	78619		0	159	162	America/New_York	2017-05-23
8085340	Pine Ridge Mobile Home Park	Pine Ridge Mobile Home Park		44.40574	-74.08892	P	PPL	US		NY	031	64529		0	485	486	America/New_York	2017-05-23
8085341	Pine Ridge Mobile Home Park	Pine Ridge Mobile Home Park		43.8718	-76.01178	P	PPL	US		NY	045	00210		0	170	173	America/New_York	2017-05-23
8085342	Prestige Communities Mobile Home Park	Prestige Communities Mobile Home Park		42.97206	-77.16675	P	PPL	US		NY	069	44864		0	170	171	America/New_York	2017-05-23
8085343	Rainbow Shores Mobile Home Park	Rainbow Shores Mobile Home Park		44.26011	-76.03614	P	PPL	US		NY	045	16100		0	92	88	America/New_York	2017-05-23
8085344	Red Carpet Mobile Home Park	Red Carpet Mobile Home Park		43.03082	-74.35894	P	PPL	US		NY	035	38781		0	225	224	America/New_York	2017-05-23
8085345	Ridgedale Mobile Home Park	Ridgedale Mobile Home Park		44.02045	-75.853	P	PPL	US		NY	045	42015		0	140	142	America/New_York	2017-05-23
8085346	Ritz Mobile Home Park	Ritz Mobile Home Park		42.95238	-77.24445	P	PPL	US		NY	069	44864		0	194	194	America/New_York	2017-05-23
8085347	Rivers Edge Mobile Home Park	Rivers Edge Mobile Home Park		42.87716	-76.94114	P	PPL	US		NY	099	78564		0	143	141	America/New_York	2017-05-23
8085348	Riverside Mobile Home Park	Riverside Mobile Home Park		42.98619	-77.10716	P	PPL	US		NY	069	57529		0	157	159	America/New_York	2017-05-23
8085349	Riverside Mobile Home Park	Riverside Mobile Home Park		42.15222	-77.97606	P	PPL	US		NY	003	65772		0	446	447	America/New_York	2017-05-23
8085350	Rock Haven Mobile Home Park	Rock Haven Mobile Home Park		42.97351	-77.19956	P	PPL	US		NY	069	44864		0	170	174	America/New_York	2017-05-23
8085351	Rolling Ridge Mobile Home Park	Rolling Ridge Mobile Home Park		43.06635	-74.11431	P	PPL	US		NY	035	08433		0	323	323	America/New_York	2017-05-23
8085352	Sacandaga Meadows Mobile Home Park	Sacandaga Meadows Mobile Home Park		43.07615	-74.1698	P	PPL	US		NY	035	08433		0	266	266	America/New_York	2017-05-23
8085353	Sandy Acres Mobile Home Park	Sandy Acres Mobile Home Park		43.87007	-76.01031	P	PPL	US		NY	045	00210		0	176	178	America/New_York	2017-05-23
8085354	Sawyer Trailer Court	Sawyer Trailer Court		42.19385	-78.14386	P	PPL	US		NY	003	27705		0	469	472	America/New_York	2017-05-23
8085355	School House Estates Mobile Home Park	School House Estates Mobile Home Park		42.89779	-76.90532	P	PPL	US		NY	099	78564		0	146	145	America/New_York	2017-05-23
8085356	Seneca Manor Mobile Home Park	Seneca Manor Mobile Home Park		42.895	-76.80311	P	PPL	US		NY	099	66333		0	142	141	America/New_York	2017-05-23
8085357	Shady Bay Mobile Home Park	Shady Bay Mobile Home Park		44.27547	-76.00218	P	PPL	US		NY	045	55398		0	78	76	America/New_York	2017-05-23
8085358	Shady Lane Mobile Home Park	Shady Lane Mobile Home Park		42.94242	-74.43463	P	PPL	US		NY	057	47834		0	129	130	America/New_York	2017-05-23
8085359	Springbrook Mobile Home Park	Springbrook Mobile Home Park		42.96939	-77.15481	P	PPL	US		NY	069	44864		0	172	171	America/New_York	2017-05-23
8085360	Stephens Mobile Home Community	Stephens Mobile Home Community		42.06225	-76.10952	P	PPL	US		NY	107	55893		0	264	267	America/New_York	2017-05-23
8085361	Summit Trailer Park	Summit Trailer Park		44.03912	-75.90784	P	PPL	US		NY	045	56209		0	147	146	America/New_York	2017-05-23
8085362	Sunset Trailer Park	Sunset Trailer Park		44.14717	-76.30156	P	PPL	US		NY	045	12364		0	79	76	America/New_York	2017-05-23
8085363	Swan Bay Estates Mobile Home Park	Swan Bay Estates Mobile Home Park		44.30685	-75.95944	P	PPL	US		NY	045	01176		0	79	76	America/New_York	2017-05-23
8085364	Thomas Estates Mobile Home Park	Thomas Estates Mobile Home Park		42.86028	-77.21891	P	PPL	US		NY	069	35551		0	275	276	America/New_York	2017-05-23
8085365	Triton Valley Estates Mobile Home Park	Triton Valley Estates Mobile Home Park		42.60269	-78.45163	P	PPL	US		NY	121	02418		0	460	458	America/New_York	2017-05-23
8085366	Twin Pines Mobile Home Park	Twin Pines Mobile Home Park		43.07312	-74.11706	P	PPL	US		NY	035	08433		0	303	299	America/New_York	2017-05-23
8085367	Valley Mobile Home Court	Valley Mobile Home Court		42.68204	-74.4108	P	PPL	US		NY	095	16639		0	287	282	America/New_York	2017-05-23
8085368	Valley Mobile Home Court	Valley Mobile Home Court		42.6345	-74.34386	P	PPL	US		NY	095	46855		0	199	199	America/New_York	2017-05-23
8085369	Valley View Estates	Valley View Estates		42.21728	-78.10713	P	PPL	US		NY	003	27705		0	446	445	America/New_York	2017-05-23
8085370	Winchell Manufactured Community	Winchell Manufactured Community		42.29501	-74.30188	P	PPL	US		NY	039	02803		0	442	439	America/New_York	2017-05-23
8085371	Wishing Well Mobile Home Park	Wishing Well Mobile Home Park		42.90794	-77.41632	P	PPL	US		NY	069	21699		0	262	262	America/New_York	2017-05-23
8085372	Woodland Estates Mobile Home Park	Woodland Estates Mobile Home Park		43.0515	-74.3165	P	PPL	US		NY	035	38792		0	268	264	America/New_York	2017-05-23
8085373	Woodlawn Court Mobile Home Park	Woodlawn Court Mobile Home Park		42.97327	-77.36787	P	PPL	US		NY	069	25406		0	189	194	America/New_York	2017-05-23
8087161	Greens At Cherry Lawn	Greens At Cherry Lawn		40.96139	-73.77444	P	PPL	US		NY	119	50617		0	67	68	America/New_York	2017-05-23
8087162	Sarosca Farm Estates	Sarosca Farm Estates		41.045	-73.72167	P	PPL	US		NY	119	32413		0	109	116	America/New_York	2017-05-23
8094320	Elmcroft Estates	Elmcroft Estates		40.96444	-73.74972	P	PPL	US		NY	119	44842		0	45	52	America/New_York	2017-05-23
8097231	Beaver Dam Lake	Beaver Dam Lake		41.44743	-74.11463	P	PPL	US		NY	071	50848		2242	119	121	America/New_York	2017-05-23
8410791	Koreatown	Koreatown		40.75061	-73.98768	P	PPLX	US		NY	061			0		36	America/New_York	2012-10-24
8410792	NoHo	NoHo	Nokho,noho,nwhw,Нохо,נוהו,ノーホー,노호	40.72726	-73.99374	P	PPLX	US		NY	061			0		21	America/New_York	2012-10-24
8410793	Dumbo	Dumbo		40.70257	-73.99045	P	PPLX	US		NY	047			0		13	America/New_York	2015-07-09
8436464	Bowery	Bowery		40.72521	-73.9904	P	PPLX	US		NY	061			0		18	America/New_York	2012-12-30
8436467	Fort George	Fort George		40.859	-73.93316	P	PPLX	US		NY	061			0		58	America/New_York	2012-12-30
8436468	Sutton Place	Sutton Place		40.75762	-73.96176	P	PPLX	US		NY	061			0		49	America/New_York	2012-12-30
8436469	NoMad	NoMad		40.74409	-73.98776	P	PPLX	US		NY	061			0		39	America/New_York	2012-12-30
8436470	Union Square	Union Square		40.73624	-73.99027	P	PPLX	US		NY	061			0		20	America/New_York	2012-12-30
8436471	Meatpacking District	Meatpacking District		40.74104	-74.00772	P	PPLX	US		NY	061			0		6	America/New_York	2012-12-30
8436472	NoLIta	NoLIta		40.72296	-73.99555	P	PPLX	US		NY	061			0		21	America/New_York	2012-12-30
8436473	Financial District	Financial District		40.70789	-74.00857	P	PPLX	US		NY	061			0		40	America/New_York	2012-12-30
8436474	Two Bridges	Two Bridges		40.7107	-73.99699	P	PPLX	US		NY	061			0		13	America/New_York	2012-12-30
8436475	Civic Center	Civic Center		40.71403	-74.00283	P	PPLX	US		NY	061			0		20	America/New_York	2012-12-30
8436476	Flatiron District	Flatiron District		40.7405	-73.99012	P	PPLX	US		NY	061			0		31	America/New_York	2012-12-30
8436478	Navy Yard	Navy Yard		40.70259	-73.96968	P	PPLX	US		NY	047			0		-3	America/New_York	2012-12-31
8436479	Downtown Brooklyn	Downtown Brooklyn	דאונטאון ברוקלין	40.69371	-73.98596	P	PPLX	US		NY	047			0		20	America/New_York	2012-12-31
8436480	Columbia Street Waterfront District	Columbia Street Waterfront District		40.68729	-74.0022	P	PPLX	US		NY	047			0		3	America/New_York	2012-12-31
8436482	Carroll Gardens	Carroll Gardens		40.67949	-73.99916	P	PPLX	US		NY	047			0		18	America/New_York	2012-12-31
8436483	Boerum Hill	Boerum Hill		40.6848	-73.98447	P	PPLX	US		NY	047			0		13	America/New_York	2012-12-31
8436484	Gowanus	Gowanus		40.67328	-73.99037	P	PPLX	US		NY	047			0		5	America/New_York	2012-12-31
8436485	Greenwood	Greenwood		40.65574	-73.99773	P	PPLX	US		NY	047			0		25	America/New_York	2012-12-31
8436486	Sunset Park	Sunset Park	ri luo gong yuan,日落公园	40.64548	-74.01241	P	PPLX	US		NY	047			0		28	America/New_York	2012-12-31
8436487	Mapleton	Mapleton		40.61868	-73.98013	P	PPLX	US		NY	047			0		11	America/New_York	2012-12-31
8436488	Midwood	Midwood		40.61901	-73.96539	P	PPLX	US		NY	047			0		12	America/New_York	2012-12-31
8436489	Marine Park	Marine Park		40.61196	-73.93309	P	PPLX	US		NY	047			0		5	America/New_York	2012-12-31
8436490	Gerritsen Beach	Gerritsen Beach		40.58694	-73.92279	P	PPLX	US		NY	047			0		1	America/New_York	2012-12-31
8436491	Mill Basin	Mill Basin		40.61008	-73.91109	P	PPLX	US		NY	047			0		5	America/New_York	2012-12-31
8436492	Prospect Lefferts Gardens	Prospect Lefferts Gardens		40.65898	-73.95049	P	PPLX	US		NY	047			0		21	America/New_York	2012-12-31
8436493	Crown Heights	Crown Heights	Kraun-Khajts,qrwyn hyyts,Краун-Хайтс,קראון הייטס,קרוין הייטס	40.66797	-73.9448	P	PPLX	US		NY	047			0		37	America/New_York	2012-12-31
8436513	Windsor Terrace	Windsor Terrace		40.65391	-73.97575	P	PPLX	US		NY	047			0		33	America/New_York	2012-12-31
8436514	Hunters Point	Hunters Point		40.7477	-73.95062	P	PPLX	US		NY				0		4	America/New_York	2012-12-31
8449483	Ocean Hill	Ocean Hill		40.67417	-73.91167	P	PPLX	US		NY	047			0		24	America/New_York	2013-01-18
8479109	Cedar Beach	Cedar Beach		41.0325	-72.39806	P	PPL	US		NY	103	69463		0	3	6	America/New_York	2017-05-23
8479291	Hess Road	Hess Road		43.31	-78.64806	P	PPL	US		NY	063	50232		0	104	104	America/New_York	2017-05-23
8479342	Stony Hill	Stony Hill		42.59472	-73.90694	P	PPL	US		NY	001	50672		0	150	148	America/New_York	2017-05-23
8479395	Griffith Corners	Griffith Corners	Griffith Corners,Griffiths Corners	42.57167	-78.13361	P	PPL	US		NY	121	57826		0	533	534	America/New_York	2017-05-23
8480045	Watchtower	Watchtower		41.63776	-74.26027	P	PPL	US		NY	111	66674		2381	105	109	America/New_York	2017-05-23
8491312	Aurora Mobile Home Park	Aurora Mobile Home Park		42.73751	-78.59787	P	PPL	US		NY	029	03199		0	274	274	America/New_York	2017-05-23
8491316	Big Tree Mobile Home Park	Big Tree Mobile Home Park		42.76704	-78.52932	P	PPL	US		NY	029	77871		0	272	274	America/New_York	2017-05-23
8491323	Brook Gardens Mobile Home Park	Brook Gardens Mobile Home Park		42.76681	-78.85264	P	PPL	US		NY	029	31654		0	198	199	America/New_York	2017-05-23
8491330	Bush Gardens Mobile Home Park	Bush Gardens Mobile Home Park		42.85091	-78.52069	P	PPL	US		NY	029	45601		0	273	273	America/New_York	2017-05-23
8491331	Carefree Park Estates Mobile Home Park	Carefree Park Estates Mobile Home Park		42.8796	-78.75753	P	PPL	US		NY	029	15011		0	177	185	America/New_York	2017-05-23
8491336	Circle B Courts Mobile Home Park	Circle B Courts Mobile Home Park		42.69319	-78.56978	P	PPL	US		NY	029	77871		0	290	291	America/New_York	2017-05-23
8491345	Country Meadows Mobile Home Park	Country Meadows Mobile Home Park		42.95707	-78.54378	P	PPL	US		NY	029	50716		0	239	240	America/New_York	2017-05-23
8491351	Eaglecrest Estates Mobile Home Park	Eaglecrest Estates Mobile Home Park		42.76763	-78.84704	P	PPL	US		NY	029	31654		0	202	202	America/New_York	2017-05-23
8491365	Frontier Mobile Home Park	Frontier Mobile Home Park		42.80547	-78.83066	P	PPL	US		NY	029	40189		0	181	179	America/New_York	2017-05-23
8491367	Golden Pond Estates Mobile Home Park	Golden Pond Estates Mobile Home Park		42.9955	-78.48445	P	PPL	US		NY	029	50716		0	248	247	America/New_York	2017-05-23
8491377	Hatch Court Mobile Home Park	Hatch Court Mobile Home Park		42.9337	-78.70437	P	PPL	US		NY	029	15011		0	218	218	America/New_York	2017-05-23
8491378	Hillside Estates Mobile Home Park	Hillside Estates Mobile Home Park		42.79549	-78.57443	P	PPL	US		NY	029	45601		0	258	260	America/New_York	2017-05-23
8491389	Melody Meadows Mobile Home Park	Melody Meadows Mobile Home Park		42.64256	-79.05085	P	PPL	US		NY	029	24801		0	190	193	America/New_York	2017-05-23
8491394	Niagara Mobile Home Park	Niagara Mobile Home Park		42.98062	-78.91418	P	PPL	US		NY	029	75000		0	185	182	America/New_York	2017-05-23
8491399	Parkside Village Mobile Home Park	Parkside Village Mobile Home Park		42.88463	-78.73956	P	PPL	US		NY	029	15011		0	190	191	America/New_York	2017-05-23
8491402	Quarry Hill Estates Mobile Home Park	Quarry Hill Estates Mobile Home Park		42.99076	-78.54471	P	PPL	US		NY	029	50716		0	236	236	America/New_York	2017-05-23
8491406	Rock Oak Estates Mobile Home Park	Rock Oak Estates Mobile Home Park		42.97246	-78.61947	P	PPL	US		NY	029	15825		0	226	225	America/New_York	2017-05-23
8491410	Shady Acres Mobile Home Park	Shady Acres Mobile Home Park		42.87429	-78.75646	P	PPL	US		NY	029	15011		0	189	189	America/New_York	2017-05-23
8491411	Shamrock Mobile Home Park	Shamrock Mobile Home Park		42.80664	-78.82991	P	PPL	US		NY	029	40189		0	181	178	America/New_York	2017-05-23
8491413	Sky Harbor West Mobile Home Park	Sky Harbor West Mobile Home Park		42.93275	-78.70883	P	PPL	US		NY	029	15011		0	216	217	America/New_York	2017-05-23
8491416	Sprague Mobile Home Park	Sprague Mobile Home Park		42.65982	-78.74707	P	PPL	US		NY	029	07454		0	277	285	America/New_York	2017-05-23
8491417	Sunset Mobile Home Court	Sunset Mobile Home Court		42.80529	-78.82523	P	PPL	US		NY	029	40189		0	181	180	America/New_York	2017-05-23
8491424	Transit Mobile Home Park	Transit Mobile Home Park		42.91608	-78.69828	P	PPL	US		NY	029	15011		0	204	208	America/New_York	2017-05-23
8491426	Triton Valley Estates Mobile Home Park	Triton Valley Estates Mobile Home Park		42.79436	-78.57615	P	PPL	US		NY	029	45601		0	252	253	America/New_York	2017-05-23
8491427	Waterfalls Village Mobile Home Park	Waterfalls Village Mobile Home Park		42.76069	-78.85782	P	PPL	US		NY	029	31654		0	200	200	America/New_York	2017-05-23
8491428	Wayside Mobile Home Court	Wayside Mobile Home Court		42.80618	-78.82681	P	PPL	US		NY	029	40189		0	181	179	America/New_York	2017-05-23
8491465	Barry's Mobile Home Park	Barry's Mobile Home Park		43.24802	-75.95075	P	PPL	US		NY	075	17904		0	123	127	America/New_York	2017-05-23
8491466	Bisbo Mobile Home Park	Bisbo Mobile Home Park		43.2581	-76.00339	P	PPL	US		NY	075	17904		0	127	129	America/New_York	2017-05-23
8491467	Blue Spruce Mobile Home Park	Blue Spruce Mobile Home Park		43.25982	-76.14478	P	PPL	US		NY	075	32688		0	119	121	America/New_York	2017-05-23
8491468	Brennan Beach Mobile Home Park	Brennan Beach Mobile Home Park		43.58411	-76.20041	P	PPL	US		NY	075	61533		0	82	80	America/New_York	2017-05-23
8491469	Chezwick Estates Mobile Home Park	Chezwick Estates Mobile Home Park		43.39004	-76.00428	P	PPL	US		NY	075	56352		0	184	184	America/New_York	2017-05-23
8491470	Clark Lane Mobile Home Park	Clark Lane Mobile Home Park		43.29347	-76.26156	P	PPL	US		NY	075	65618		0	135	138	America/New_York	2017-05-23
8491471	Conifer Mobile Home Park	Conifer Mobile Home Park		43.29551	-76.26073	P	PPL	US		NY	075	65618		0	135	140	America/New_York	2017-05-23
8491472	Country Haven Mobile Home Park	Country Haven Mobile Home Park		43.3493	-76.51373	P	PPL	US		NY	075	32028		0	125	126	America/New_York	2017-05-23
8491473	Crestview Mobile Home Park	Crestview Mobile Home Park		43.26159	-76.50441	P	PPL	US		NY	075	32028		0	137	139	America/New_York	2017-05-23
8491474	Crosby Hill Mobile Home Park	Crosby Hill Mobile Home Park		43.33639	-76.38596	P	PPL	US		NY	075	77662		0	143	144	America/New_York	2017-05-23
8491475	Deer Run Trailer Park	Deer Run Trailer Park		43.32729	-76.10256	P	PPL	US		NY	075	80500		0	140	142	America/New_York	2017-05-23
8491476	Eason Mobile Home Park	Eason Mobile Home Park		43.33731	-76.49984	P	PPL	US		NY	075	29729		0	139	139	America/New_York	2017-05-23
8491477	Evergreen Manor Mobile Home Park	Evergreen Manor Mobile Home Park		43.30209	-76.0581	P	PPL	US		NY	075	80500		0	160	163	America/New_York	2017-05-23
8491478	Fawn Estates Mobile Home Park	Fawn Estates Mobile Home Park		43.47791	-76.46237	P	PPL	US		NY	075	65992		0	85	84	America/New_York	2017-05-23
8491479	Fox Meadow Mobile Home Park	Fox Meadow Mobile Home Park		43.33923	-76.4696	P	PPL	US		NY	075	29729		0	134	135	America/New_York	2017-05-23
8491480	Green Acres Mobile Court	Green Acres Mobile Court		43.3659	-76.34513	P	PPL	US		NY	075	77662		0	147	148	America/New_York	2017-05-23
8491481	Green Haven Mobile Home Community	Green Haven Mobile Home Community		43.65285	-76.08827	P	PPL	US		NY	075	65079		0	148	147	America/New_York	2017-05-23
8491482	Hillcrest East Mobile Home Park	Hillcrest East Mobile Home Park		43.46734	-76.41511	P	PPL	US		NY	075	65992		0	144	147	America/New_York	2017-05-23
8491483	Hilltop Trailer Park	Hilltop Trailer Park		43.47796	-76.44634	P	PPL	US		NY	075	65992		0	107	107	America/New_York	2017-05-23
8491484	Holly Park Mobile Home Park	Holly Park Mobile Home Park		43.27512	-75.93292	P	PPL	US		NY	075	17904		0	166	174	America/New_York	2017-05-23
8491485	Idle Wheels Mobile Home Park	Idle Wheels Mobile Home Park		43.25159	-76.22651	P	PPL	US		NY	075	65618		0	128	131	America/New_York	2017-05-23
8491486	Indian Hills Mobile Home Park	Indian Hills Mobile Home Park		43.23364	-76.35832	P	PPL	US		NY	075	29729		0	127	127	America/New_York	2017-05-23
8491487	Kerfien's Mobile Home Park	Kerfien's Mobile Home Park		43.36579	-76.37946	P	PPL	US		NY	075	77662		0	144	144	America/New_York	2017-05-23
8491488	Lapointe Manor Mobile Home Park	Lapointe Manor Mobile Home Park		43.54442	-76.20413	P	PPL	US		NY	075	61533		0	81	81	America/New_York	2017-05-23
8491489	Liberty Park Mobile Home Park	Liberty Park Mobile Home Park		43.3951	-76.06982	P	PPL	US		NY	075	56352		0	166	164	America/New_York	2017-05-23
8491490	Locus Grove Mobile Home Park	Locus Grove Mobile Home Park		43.33155	-76.56139	P	PPL	US		NY	075	32028		0	126	125	America/New_York	2017-05-23
8491491	Lyndon Lawns Mobile Home Park	Lyndon Lawns Mobile Home Park		43.32296	-76.14943	P	PPL	US		NY	075	32688		0	153	155	America/New_York	2017-05-23
8491492	Maiden Lane Mobile Home Park	Maiden Lane Mobile Home Park		43.44757	-76.41622	P	PPL	US		NY	075	65992		0	134	137	America/New_York	2017-05-23
8491493	Michael O'Brian's Mobile Home Park	Michael O'Brian's Mobile Home Park		43.46465	-76.40303	P	PPL	US		NY	075	65992		0	152	153	America/New_York	2017-05-23
8491494	Orchard Mobile Home Park	Orchard Mobile Home Park		43.41643	-76.57505	P	PPL	US		NY	075	55585		0	99	100	America/New_York	2017-05-23
8491495	Partridge Acres Mobile Home Park	Partridge Acres Mobile Home Park		43.30964	-76.05521	P	PPL	US		NY	075	80500		0	155	158	America/New_York	2017-05-23
8491496	Pleasant Meadow Mobile Home Park	Pleasant Meadow Mobile Home Park		43.47141	-76.23992	P	PPL	US		NY	075	46822		0	113	111	America/New_York	2017-05-23
8491497	Powell Mobile Home Park	Powell Mobile Home Park		43.32464	-76.54549	P	PPL	US		NY	075	32028		0	124	125	America/New_York	2017-05-23
8491498	Quiet Acres Mobile Home Park	Quiet Acres Mobile Home Park		43.41646	-76.15665	P	PPL	US		NY	075	46822		0	137	138	America/New_York	2017-05-23
8491499	Riverview Mobile Court	Riverview Mobile Court		43.2269	-76.24807	P	PPL	US		NY	075	65618		0	113	115	America/New_York	2017-05-23
8491500	Roxbury Estates Mobile Home Park	Roxbury Estates Mobile Home Park		43.29983	-76.15059	P	PPL	US		NY	075	32688		0	119	120	America/New_York	2017-05-23
8491501	Sandridge Mobile Home Park	Sandridge Mobile Home Park		43.25519	-76.22845	P	PPL	US		NY	075	65618		0	132	132	America/New_York	2017-05-23
8491502	Scotch Pine Manor Mobile Home Park	Scotch Pine Manor Mobile Home Park		43.50007	-75.99888	P	PPL	US		NY	075	01055		0	185	186	America/New_York	2017-05-23
8491503	Silver Rock Mobile Home Park	Silver Rock Mobile Home Park		43.21181	-76.28022	P	PPL	US		NY	075	65618		0	118	124	America/New_York	2017-05-23
8491504	Summerhill Village Mobile Home Park	Summerhill Village Mobile Home Park		43.28412	-76.12748	P	PPL	US		NY	075	32688		0	128	128	America/New_York	2017-05-23
8491505	Thompson Mobile Home Park	Thompson Mobile Home Park		43.44033	-76.54275	P	PPL	US		NY	075	55585		0	104	105	America/New_York	2017-05-23
8491506	Waterview Mobile Home Park	Waterview Mobile Home Park		43.44855	-76.55512	P	PPL	US		NY	075	55585		0	84	83	America/New_York	2017-05-23
8491507	Woodland Manor Mobile Home Park	Woodland Manor Mobile Home Park		43.3012	-76.05412	P	PPL	US		NY	075	80500		0	158	155	America/New_York	2017-05-23
8491508	Woodland Mobile Home Park	Woodland Mobile Home Park		43.34167	-76.50578	P	PPL	US		NY	075	29729		0	135	137	America/New_York	2017-05-23
8491720	Cayuga Village Mobile Home Park	Cayuga Village Mobile Home Park		43.09631	-78.96047	P	PPL	US		NY	063	51033		0	174	175	America/New_York	2017-05-23
8491721	Countryside Homes Mobile Home Park	Countryside Homes Mobile Home Park		43.2672	-78.69266	P	PPL	US		NY	063	50232		0	109	108	America/New_York	2017-05-23
8491722	Dorwood Mobile Home Park	Dorwood Mobile Home Park		43.24326	-78.85022	P	PPL	US		NY	063	82370		0	108	105	America/New_York	2017-05-23
8491723	Expressway Village Mobile Home Park	Expressway Village Mobile Home Park		43.10927	-78.99761	P	PPL	US		NY	063	51033		0	183	182	America/New_York	2017-05-23
8491724	Lake Breeze Mobile Home Park	Lake Breeze Mobile Home Park		43.34615	-78.55024	P	PPL	US		NY	063	68330		0	94	97	America/New_York	2017-05-23
8491725	Lynch Park on the River Mobile Home Park	Lynch Park on the River Mobile Home Park		43.06969	-78.9393	P	PPL	US		NY	063	81380		0	173	175	America/New_York	2017-05-23
8491726	Maple Estates Mobile Home Park	Maple Estates Mobile Home Park		43.08857	-78.97109	P	PPL	US		NY	063	51055		0	174	176	America/New_York	2017-05-23
8491727	Niagara Mobile Home Park	Niagara Mobile Home Park		43.30392	-78.71076	P	PPL	US		NY	063	50232		0	104	102	America/New_York	2017-05-23
8491728	Old Mill Mobile Home Park	Old Mill Mobile Home Park		43.21529	-78.48059	P	PPL	US		NY	063	64034		0	147	149	America/New_York	2017-05-23
8491729	Rainbow Mobile Home Park	Rainbow Mobile Home Park		43.22196	-78.86892	P	PPL	US		NY	063	82370		0	111	109	America/New_York	2017-05-23
8491730	Ridgeview Homes Mobile Home Park	Ridgeview Homes Mobile Home Park		43.22388	-78.67962	P	PPL	US		NY	063	50232		0	117	116	America/New_York	2017-05-23
8491731	Suburban Acres Mobile Home Park	Suburban Acres Mobile Home Park		43.09954	-78.66461	P	PPL	US		NY	063	43093		0	179	178	America/New_York	2017-05-23
8491732	The Woodlands Mobile Home Park	The Woodlands Mobile Home Park		43.12112	-78.68539	P	PPL	US		NY	063	43093		0	183	182	America/New_York	2017-05-23
8491733	Tuscarora Village Mobile Home Park	Tuscarora Village Mobile Home Park		43.12889	-78.94995	P	PPL	US		NY	063	51033		0	191	189	America/New_York	2017-05-23
8491734	Village Mobile Home Park	Village Mobile Home Park		43.12961	-78.6906	P	PPL	US		NY	063	43093		0	184	184	America/New_York	2017-05-23
8499113	Warren Street Houses	Warren Street Houses		40.68167	-73.9825	P	PPL	US		NY	047			0	7	13	America/New_York	2013-03-09
8500245	Fosters Corners	Fosters Corners		41.4325	-73.66056	P	PPL	US		NY	079	12529		0	171	177	America/New_York	2017-05-23
8500249	Couch Corners	Couch Corners		41.48833	-73.60194	P	PPL	US		NY	079	56748		0	174	179	America/New_York	2017-05-23
8500250	Elm Tree Corner	Elm Tree Corner		41.46583	-73.58444	P	PPL	US		NY	079	56748		0	221	220	America/New_York	2017-05-23
8500251	Valleyville	Valleyville		41.48556	-73.54056	P	PPL	US		NY	079	56748		0	186	189	America/New_York	2017-05-23
8521641	Hudson Square	Hudson Square		40.72657	-74.0077	P	PPLX	US		NY	061			0		20	America/New_York	2013-05-01
8739812	Test	Test		43.00254	-75.50114	P	PPLQ	US		NY	065	03155		77		277	America/New_York	2017-05-23
9669815	Hollis Hills	Hollis Hills		40.7325	-73.75417	P	PPL	US		NY	081			0	52	57	America/New_York	2014-10-09
9669857	Belden Hill	Belden Hill		42.20111	-75.69944	P	PPL	US		NY	007	17046		0	522	521	America/New_York	2017-05-23
9669945	Wappingers Falls Mobile Home Park	Wappingers Falls Mobile Home Park		41.5954	-73.84937	P	PPL	US		NY	027	78157		0	81	80	America/New_York	2017-05-23
9669946	Hyde Park Mobile Manor	Hyde Park Mobile Manor		41.82804	-73.89664	P	PPL	US		NY	027	37209		0	78	81	America/New_York	2017-05-23
9669947	Rhinebeck Manor Mobile Home Park	Rhinebeck Manor Mobile Home Park		41.95436	-73.89516	P	PPL	US		NY	027	61357		0	49	50	America/New_York	2017-05-23
9669948	East Park Mobile Home Park	East Park Mobile Home Park		41.79151	-73.93402	P	PPL	US		NY	027	37209		0	55	59	America/New_York	2017-05-23
9669949	Wingdale Village Mobile Home Park	Wingdale Village Mobile Home Park		41.63124	-73.57226	P	PPL	US		NY	027	20819		0	132	133	America/New_York	2017-05-23
9669950	Caledonia Mobile Home Park	Caledonia Mobile Home Park		42.97507	-77.82676	P	PPL	US		NY	051	11715		0	197	197	America/New_York	2017-05-23
9669951	Harper Park Mobile Home Park Avon	Harper Park Mobile Home Park Avon		42.90678	-77.70421	P	PPL	US		NY	051	03364		0	247	249	America/New_York	2017-05-23
9669952	Norfolk Mobile Home Park	Norfolk Mobile Home Park		44.86769	-74.94702	P	PPL	US		NY	089	51330		0	73	74	America/New_York	2017-05-23
9669953	Hornell Mobile Home Park - Edgeview Estates	Hornell Mobile Home Park - Edgeview Estates		42.30977	-77.64375	P	PPL	US		NY	101	35683		0	372	374	America/New_York	2017-05-23
9669954	Highland Woods Mobile Home Park	Highland Woods Mobile Home Park		41.73671	-74.02712	P	PPL	US		NY	111	42994		0	109	110	America/New_York	2017-05-23
9669955	Modena Country Club Mobile Home Park	Modena Country Club Mobile Home Park		41.64749	-74.12563	P	PPL	US		NY	111	58552		0	139	138	America/New_York	2017-05-23
9670230	Arcade Valley Estates Mobile Home Park	Arcade Valley Estates Mobile Home Park		42.52705	-78.45967	P	PPL	US		NY	121	02418		0	439	438	America/New_York	2017-05-23
9670231	Farmington Manufactured Home Community	Farmington Manufactured Home Community		42.97777	-77.36268	P	PPL	US		NY	069	25406		0	189	192	America/New_York	2017-05-23
9670232	Honeoye Mobile Home Park	Honeoye Mobile Home Park		42.7541	-77.52046	P	PPL	US		NY	069	12100		0	253	255	America/New_York	2017-05-23
9670233	Northrup's of West Bloomfield Mobile Home Park	Northrup's of West Bloomfield Mobile Home Park		42.89911	-77.48578	P	PPL	US		NY	069	79356		0	295	299	America/New_York	2017-05-23
9670234	Perry Mobile Home Park	Perry Mobile Home Park		42.74689	-78.00489	P	PPL	US		NY	121	57254		0	425	429	America/New_York	2017-05-23
9671296	Seasons of East Meadow	Seasons of East Meadow		40.71417	-73.57639	P	PPL	US		NY	059	34000		0	20	23	America/New_York	2017-05-23
9671383	Boston Hills Estates Mobile Home Park	Boston Hills Estates Mobile Home Park		42.67075	-78.75506	P	PPL	US		NY	029	07454		0	271	269	America/New_York	2017-05-23
9671386	Hamburg Mobile Home Park	Hamburg Mobile Home Park		42.7376	-78.87394	P	PPL	US		NY	029	31654		0	230	231	America/New_York	2017-05-23
9671387	Niagara Kenmore Mobile Home Park	Niagara Kenmore Mobile Home Park		42.98528	-78.8861	P	PPL	US		NY	029	75000		0	185	185	America/New_York	2017-05-23
9671388	Triton Valley Estates Angola Mobile Home Park	Triton Valley Estates Angola Mobile Home Park		42.66368	-79.02693	P	PPL	US		NY	029	24801		0	189	192	America/New_York	2017-05-23
9671389	Triton Valley Estates Derby Mobile Home Park	Triton Valley Estates Derby Mobile Home Park		42.66837	-79.02416	P	PPL	US		NY	029	24801		0	187	187	America/New_York	2017-05-23
9671390	Hannibal Hills Mobile Home Park	Hannibal Hills Mobile Home Park		43.35237	-76.55799	P	PPL	US		NY	075	32028		0	118	121	America/New_York	2017-05-23
9671394	Rapids Mobile Home Park	Rapids Mobile Home Park		43.10458	-78.65808	P	PPL	US		NY	063	43093		0	180	179	America/New_York	2017-05-23
9671395	Youngstown Mobile Home Park	Youngstown Mobile Home Park		43.23263	-79.00634	P	PPL	US		NY	063	59267		0	95	95	America/New_York	2017-05-23
9671800	Gowanus Houses	Gowanus Houses		40.68361	-73.98861	P	PPL	US		NY	047			0	4	13	America/New_York	2014-10-09
9688986	Taconic Shores	Taconic Shores		42.11281	-73.55584	P	PPL	US		NY	021	18102		0	166	170	America/New_York	2017-05-23
9952013	Collegetown	Collegetown		42.43907	-76.48574	P	PPLX	US		NY	109	38077		0		204	America/New_York	2017-05-23
9952018	Fall Creek	Fall Creek		42.45301	-76.49918	P	PPLX	US		NY	109	38077		0		122	America/New_York	2017-05-23
10172908	Theatre District	Theatre District		40.83398	-73.89486	P	PPLX	US		NY	005			0		24	America/New_York	2015-03-20
11397270	Maryknoll	Maryknoll		41.17835	-73.83379	P	PPL	US		NY	119	55541		0		121	America/New_York	2017-05-23
11523615	Lindenwood	Lindenwood		40.66479	-73.85302	P	PPLX	US		NY	081			0		4	America/New_York	2017-04-16
11523616	Longwood	Longwood		40.81722	-73.90344	P	PPLX	US		NY	005			0		15	America/New_York	2017-04-16
